Time,Open,High,Low,Close,Volume
2020-04-01 17:02:00,210.0,210.0,210.0,210.0,54796.54929029
2020-04-01 17:03:00,210.0,210.0,210.0,210.0,8625.03129539
2020-04-01 17:04:00,210.0,211.0,210.0,210.0,2618.44802778
2020-04-01 17:05:00,211.0,211.0,211.0,211.0,19004.90513037
2020-04-01 17:06:00,210.0,210.0,210.0,210.0,40164.92191865
2020-04-01 17:07:00,210.0,210.0,210.0,210.0,2540.8051731
2020-04-01 17:08:00,210.0,211.0,210.0,210.0,11658.42132768
2020-04-01 17:09:00,211.0,211.0,211.0,211.0,4952.64689929
2020-04-01 17:10:00,211.0,211.0,210.0,210.0,6713.61633944
2020-04-01 17:11:00,210.0,210.0,210.0,210.0,3681.76240044
2020-04-01 17:12:00,210.0,210.0,210.0,210.0,2480.90434792
2020-04-01 17:13:00,211.0,211.0,211.0,211.0,1369.19218116
2020-04-01 17:15:00,211.0,211.0,211.0,211.0,21.394719
2020-04-01 17:16:00,210.0,211.0,210.0,211.0,44447.42741818
2020-04-01 17:18:00,210.0,211.0,210.0,211.0,5799.62116318
2020-04-01 17:19:00,210.0,210.0,210.0,210.0,230.5415
2020-04-01 17:20:00,211.0,211.0,211.0,211.0,2063.41379072
2020-04-01 17:21:00,211.0,211.0,211.0,211.0,10000.0
2020-04-01 17:22:00,211.0,211.0,210.0,210.0,35061.7279992
2020-04-01 17:23:00,211.0,211.0,210.0,210.0,53750.95332144
2020-04-01 17:24:00,210.0,210.0,210.0,210.0,85.727
2020-04-01 17:25:00,211.0,211.0,211.0,211.0,3265.21325797
2020-04-01 17:26:00,210.0,210.0,210.0,210.0,1749.998001
2020-04-01 17:27:00,210.0,210.0,210.0,210.0,19394.03024119
2020-04-01 17:28:00,210.0,210.0,210.0,210.0,49814.72192346
2020-04-01 17:29:00,210.0,210.0,210.0,210.0,45651.34136881
2020-04-01 17:30:00,211.0,211.0,210.0,210.0,22555.89176817
2020-04-01 17:31:00,210.0,210.0,210.0,210.0,19391.24829439
2020-04-01 17:32:00,210.0,211.0,210.0,210.0,71546.28465147
2020-04-01 17:33:00,210.0,211.0,210.0,210.0,20165.9969695
2020-04-01 17:34:00,210.0,211.0,210.0,210.0,11571.63189157
2020-04-01 17:35:00,210.0,211.0,210.0,211.0,23855.35786608
2020-04-01 17:36:00,211.0,211.0,211.0,211.0,47369.68008886
2020-04-01 17:37:00,210.0,210.0,210.0,210.0,563.69263942
2020-04-01 17:38:00,210.0,210.0,210.0,210.0,9356.14382
2020-04-01 17:39:00,210.0,211.0,210.0,210.0,104487.60372407
2020-04-01 17:40:00,210.0,210.0,210.0,210.0,3095.80295204
2020-04-01 17:41:00,211.0,211.0,210.0,210.0,13306.9135238
2020-04-01 17:42:00,210.0,211.0,210.0,211.0,8917.7473937
2020-04-01 17:43:00,210.0,210.0,210.0,210.0,49.62630347
2020-04-01 17:44:00,210.0,210.0,210.0,210.0,50639.75986276
2020-04-01 17:46:00,210.0,211.0,210.0,210.0,16899.07756125
2020-04-01 17:47:00,210.0,211.0,210.0,211.0,47103.9103558
2020-04-01 17:48:00,210.0,210.0,210.0,210.0,500.0
2020-04-01 17:50:00,210.0,210.0,210.0,210.0,2380.95238096
2020-04-01 17:52:00,210.0,210.0,210.0,210.0,1037.99
2020-04-01 17:53:00,211.0,211.0,211.0,211.0,10083.64538109
2020-04-01 17:54:00,210.0,210.0,210.0,210.0,15000.0
2020-04-01 17:55:00,210.0,210.0,210.0,210.0,7761.65000027
2020-04-01 17:56:00,210.0,210.0,210.0,210.0,6055.50518858
2020-04-01 17:57:00,210.0,211.0,210.0,210.0,15491.42394414
2020-04-01 17:58:00,210.0,210.0,210.0,210.0,23675.3393412
2020-04-01 17:59:00,210.0,210.0,210.0,210.0,9131.2914
2020-04-01 18:00:00,210.0,211.0,210.0,210.0,19424.06456615
2020-04-01 18:01:00,210.0,211.0,210.0,210.0,14949.30073164
2020-04-01 18:03:00,210.0,210.0,210.0,210.0,1443.967
2020-04-01 18:05:00,211.0,211.0,210.0,210.0,5912.68782579
2020-04-01 18:06:00,210.0,210.0,210.0,210.0,7846.66607547
2020-04-01 18:07:00,211.0,211.0,210.0,210.0,363023.12385705
2020-04-01 18:08:00,210.0,211.0,210.0,210.0,99356.52821149
2020-04-01 18:09:00,210.0,210.0,210.0,210.0,230744.9929065
2020-04-01 18:10:00,211.0,211.0,210.0,210.0,4836.2848099
2020-04-01 18:11:00,210.0,210.0,210.0,210.0,9108.87898897
2020-04-01 18:12:00,210.0,210.0,210.0,210.0,112880.602343
2020-04-01 18:13:00,210.0,210.0,210.0,210.0,53036.50676623
2020-04-01 18:14:00,210.0,211.0,210.0,210.0,61337.73451554
2020-04-01 18:15:00,210.0,210.0,210.0,210.0,66891.54997726
2020-04-01 18:16:00,210.0,210.0,210.0,210.0,356069.79707326
2020-04-01 18:17:00,210.0,210.0,210.0,210.0,107135.72261488
2020-04-01 18:18:00,210.0,210.0,210.0,210.0,475.95249994
2020-04-01 18:20:00,210.0,210.0,210.0,210.0,4504.07619047
2020-04-01 18:21:00,210.0,210.0,210.0,210.0,507.142857
2020-04-01 18:22:00,210.0,210.0,210.0,210.0,6792.87714285
2020-04-01 18:23:00,210.0,210.0,210.0,210.0,110640.1064423
2020-04-01 18:24:00,210.0,210.0,210.0,210.0,34633.5090436
2020-04-01 18:25:00,210.0,211.0,210.0,211.0,22716.55553468
2020-04-01 18:27:00,210.0,210.0,210.0,210.0,143732.7600682
2020-04-01 18:28:00,211.0,211.0,211.0,211.0,884.17061611
2020-04-01 18:29:00,210.0,211.0,210.0,210.0,23548.44700038
2020-04-01 18:30:00,210.0,210.0,210.0,210.0,6619.79534883
2020-04-01 18:31:00,210.0,210.0,210.0,210.0,126336.95272948
2020-04-01 18:32:00,210.0,210.0,210.0,210.0,7.142857
2020-04-01 18:33:00,209.0,210.0,209.0,210.0,33850.51878975
2020-04-01 18:34:00,210.0,210.0,209.0,210.0,1905.06067212
2020-04-01 18:35:00,209.0,209.0,209.0,209.0,3443.16818096
2020-04-01 18:36:00,209.0,210.0,209.0,210.0,37031.07112725
2020-04-01 18:37:00,209.0,210.0,209.0,210.0,6921.25629558
2020-04-01 18:38:00,210.0,210.0,210.0,210.0,144759.21563026
2020-04-01 18:39:00,210.0,210.0,210.0,210.0,2279.26512933
2020-04-01 18:40:00,210.0,210.0,210.0,210.0,48.13307631
2020-04-01 18:41:00,210.0,210.0,209.0,209.0,37889.60243895
2020-04-01 18:42:00,210.0,210.0,209.0,210.0,11872.92439961
2020-04-01 18:43:00,210.0,210.0,209.0,209.0,422327.16490928
2020-04-01 18:44:00,209.0,209.0,209.0,209.0,143222.46073905
2020-04-01 18:45:00,209.0,209.0,209.0,209.0,311642.2908157
2020-04-01 18:46:00,209.0,209.0,209.0,209.0,18993.18322238
2020-04-01 18:47:00,209.0,209.0,209.0,209.0,37823.1779
2020-04-01 18:48:00,210.0,210.0,209.0,210.0,38904.49435512
2020-04-01 18:49:00,210.0,210.0,209.0,209.0,29399.76202374
2020-04-01 18:50:00,209.0,209.0,209.0,209.0,17918.47763744
2020-04-01 18:51:00,209.0,209.0,209.0,209.0,7158.8355822
2020-04-01 18:54:00,209.0,209.0,209.0,209.0,483.88628652
2020-04-01 18:55:00,209.0,210.0,209.0,210.0,4861.9047619
2020-04-01 18:56:00,210.0,210.0,210.0,210.0,106682.11132528
2020-04-01 18:57:00,210.0,210.0,210.0,210.0,402166.84042298
2020-04-01 18:58:00,211.0,211.0,210.0,210.0,2866.03109532
2020-04-01 18:59:00,210.0,210.0,210.0,210.0,13565.41625343
2020-04-01 19:00:00,210.0,210.0,210.0,210.0,11306.66359553
2020-04-01 19:01:00,210.0,211.0,210.0,211.0,47845.87056519
2020-04-01 19:03:00,210.0,210.0,210.0,210.0,209687.82928235
2020-04-01 19:05:00,210.0,210.0,210.0,210.0,76863.55935676
2020-04-01 19:06:00,210.0,210.0,210.0,210.0,7966.85427199
2020-04-01 19:07:00,210.0,210.0,210.0,210.0,5800.79901265
2020-04-01 19:09:00,210.0,210.0,210.0,210.0,445.89427443
2020-04-01 19:10:00,211.0,211.0,211.0,211.0,2368.48400444
2020-04-01 19:11:00,210.0,211.0,210.0,211.0,23990.23931014
2020-04-01 19:12:00,211.0,211.0,211.0,211.0,1018.86971206
2020-04-01 19:14:00,211.0,211.0,210.0,210.0,25406.00223266
2020-04-01 19:15:00,210.0,210.0,210.0,210.0,100.0
2020-04-01 19:17:00,210.0,210.0,210.0,210.0,8.37945806
2020-04-01 19:18:00,210.0,211.0,210.0,211.0,1676.82871597
2020-04-01 19:19:00,210.0,211.0,210.0,210.0,8649.86236739
2020-04-01 19:22:00,210.0,211.0,210.0,210.0,4496.72412532
2020-04-01 19:23:00,211.0,211.0,210.0,210.0,2769.66824644
2020-04-01 19:24:00,210.0,210.0,210.0,210.0,192.67229478
2020-04-01 19:26:00,210.0,210.0,210.0,210.0,999.9
2020-04-01 19:27:00,210.0,210.0,210.0,210.0,578.01688434
2020-04-01 19:28:00,210.0,210.0,210.0,210.0,15000.0
2020-04-01 19:29:00,210.0,211.0,210.0,211.0,14951.24367851
2020-04-01 19:30:00,211.0,211.0,211.0,211.0,24052.4761316
2020-04-01 19:31:00,211.0,211.0,210.0,211.0,32182.66129039
2020-04-01 19:32:00,211.0,211.0,211.0,211.0,766.85354005
2020-04-01 19:33:00,210.0,211.0,210.0,211.0,1126.96682464
2020-04-01 19:34:00,210.0,211.0,210.0,211.0,20037.03517712
2020-04-01 19:35:00,210.0,210.0,210.0,210.0,891.59599213
2020-04-01 19:36:00,211.0,211.0,211.0,211.0,61.42857142
2020-04-01 19:37:00,211.0,211.0,211.0,211.0,12817.34488205
2020-04-01 19:38:00,211.0,211.0,211.0,211.0,13817.99084045
2020-04-01 19:39:00,211.0,211.0,211.0,211.0,16.83044733
2020-04-01 19:44:00,210.0,211.0,210.0,211.0,531.98476209
2020-04-01 19:46:00,211.0,211.0,211.0,211.0,104.00236966
2020-04-01 19:47:00,211.0,211.0,211.0,211.0,42632.71207997
2020-04-01 19:48:00,211.0,211.0,211.0,211.0,2368.48400444
2020-04-01 19:49:00,211.0,211.0,211.0,211.0,13542.04178564
2020-04-01 19:51:00,210.0,210.0,210.0,210.0,200.745
2020-04-01 19:53:00,210.0,211.0,210.0,210.0,52899.12946261
2020-04-01 19:56:00,210.0,210.0,210.0,210.0,20479.40753515
2020-04-01 19:57:00,210.0,210.0,210.0,210.0,44480.67394873
2020-04-01 19:58:00,210.0,210.0,210.0,210.0,4101.19642857
2020-04-01 19:59:00,210.0,210.0,210.0,210.0,4717.65713703
2020-04-01 20:00:00,210.0,210.0,210.0,210.0,93142.06109129
2020-04-01 20:01:00,211.0,211.0,211.0,211.0,98.92683989
2020-04-01 20:02:00,210.0,210.0,210.0,210.0,137792.40140493
2020-04-01 20:03:00,210.0,210.0,209.0,209.0,1997.10625017
2020-04-01 20:04:00,210.0,210.0,209.0,210.0,6566.02380951
2020-04-01 20:05:00,210.0,210.0,210.0,210.0,20839.98319827
2020-04-01 20:06:00,210.0,210.0,210.0,210.0,11461.91893776
2020-04-01 20:07:00,210.0,211.0,210.0,211.0,8341.90340161
2020-04-01 20:09:00,210.0,210.0,210.0,210.0,5660.79993178
2020-04-01 20:10:00,210.0,210.0,210.0,210.0,24905.31519633
2020-04-01 20:11:00,210.0,210.0,210.0,210.0,47369.680089
2020-04-01 20:12:00,210.0,211.0,210.0,211.0,369970.91487023
2020-04-01 20:14:00,210.0,210.0,210.0,210.0,7306.48485281
2020-04-01 20:15:00,210.0,210.0,210.0,210.0,6871.82660892
2020-04-01 20:16:00,210.0,211.0,210.0,211.0,20036.67020794
2020-04-01 20:17:00,210.0,210.0,210.0,210.0,3.0
2020-04-01 20:18:00,210.0,210.0,210.0,210.0,787.18183709
2020-04-01 20:19:00,210.0,210.0,210.0,210.0,20958.30583313
2020-04-01 20:20:00,210.0,210.0,209.0,210.0,98686.13482429
2020-04-01 20:21:00,210.0,210.0,209.0,210.0,10984.95499869
2020-04-01 20:22:00,209.0,209.0,209.0,209.0,3.0
2020-04-01 20:23:00,210.0,210.0,209.0,209.0,19057.17989813
2020-04-01 20:24:00,210.0,210.0,209.0,210.0,61241.10889649
2020-04-01 20:25:00,210.0,210.0,210.0,210.0,26812.5
2020-04-01 20:26:00,211.0,211.0,209.0,211.0,28460.6649128
2020-04-01 20:27:00,210.0,210.0,210.0,210.0,3.0
2020-04-01 20:29:00,210.0,210.0,210.0,210.0,646.28988418
2020-04-01 20:30:00,210.0,210.0,210.0,210.0,2500.0
2020-04-01 20:32:00,210.0,211.0,210.0,210.0,26612.65867026
2020-04-01 20:33:00,210.0,210.0,210.0,210.0,1245.36193609
2020-04-01 20:36:00,210.0,210.0,210.0,210.0,238.09523809
2020-04-01 20:38:00,210.0,210.0,210.0,210.0,2379.7624997
2020-04-01 20:39:00,211.0,211.0,211.0,211.0,103.21853291
2020-04-01 20:40:00,211.0,211.0,210.0,210.0,59011.2020601
2020-04-01 20:41:00,211.0,211.0,210.0,210.0,9484.67298578
2020-04-01 20:43:00,210.0,210.0,210.0,210.0,9466.94439844
2020-04-01 20:44:00,210.0,210.0,210.0,210.0,12497.761881
2020-04-01 20:45:00,210.0,210.0,210.0,210.0,35.0
2020-04-01 20:47:00,210.0,210.0,210.0,210.0,16824.9035949
2020-04-01 20:48:00,210.0,210.0,210.0,210.0,10082.74113966
2020-04-01 20:49:00,210.0,210.0,210.0,210.0,18390.87207141
2020-04-01 20:50:00,210.0,211.0,210.0,211.0,109547.68647903
2020-04-01 20:51:00,211.0,211.0,210.0,210.0,72500.69690123
2020-04-01 20:52:00,211.0,211.0,211.0,211.0,613228.76181142
2020-04-01 20:53:00,212.0,212.0,211.0,211.0,72.82894371
2020-04-01 20:54:00,211.0,211.0,210.0,210.0,126259.05723697
2020-04-01 20:55:00,211.0,211.0,210.0,211.0,297.45618258
2020-04-01 20:56:00,211.0,211.0,210.0,210.0,17980.15373415
2020-04-01 20:57:00,211.0,211.0,210.0,210.0,7897.98751098
2020-04-01 20:58:00,211.0,211.0,211.0,211.0,80567.84161195
2020-04-02 04:44:00,209.0,209.0,209.0,209.0,10.72822153
2020-04-02 04:45:00,209.0,210.0,209.0,210.0,88041.31659528
2020-04-02 04:46:00,209.0,210.0,209.0,209.0,139819.28564085
2020-04-02 04:47:00,209.0,209.0,209.0,209.0,9.81154952
2020-04-02 04:48:00,210.0,210.0,209.0,209.0,18728.5917764
2020-04-02 04:49:00,209.0,210.0,209.0,210.0,188110.60747674
2020-04-02 04:50:00,210.0,210.0,209.0,209.0,178.7676276
2020-04-02 04:59:00,209.0,210.0,209.0,209.0,16.95588236
2020-04-02 05:01:00,209.0,209.0,209.0,209.0,800.0
2020-04-02 05:04:00,210.0,210.0,209.0,210.0,72155.91176472
2020-04-02 05:05:00,210.0,210.0,210.0,210.0,2.45588236
2020-04-02 05:06:00,210.0,210.0,209.0,209.0,34674.0647769
2020-04-02 05:10:00,210.0,210.0,209.0,209.0,221.4679803
2020-04-02 05:11:00,210.0,210.0,209.0,209.0,150.4679803
2020-04-02 05:13:00,210.0,210.0,209.0,209.0,12791.11331016
2020-04-02 05:14:00,210.0,210.0,209.0,209.0,585.34831062
2020-04-02 05:16:00,210.0,210.0,210.0,210.0,684.0
2020-04-02 05:17:00,209.0,209.0,209.0,209.0,2.4679803
2020-04-02 05:19:00,209.0,209.0,209.0,209.0,11590.6140913
2020-04-02 05:21:00,210.0,210.0,209.0,210.0,6332.71997926
2020-04-02 05:24:00,211.0,211.0,210.0,210.0,127.0797848
2020-04-02 05:25:00,210.0,211.0,210.0,210.0,498.75222588
2020-04-02 05:26:00,210.0,210.0,210.0,210.0,100.0
2020-04-02 05:27:00,210.0,210.0,210.0,210.0,3.182646
2020-04-02 05:31:00,210.0,210.0,210.0,210.0,7088.623537
2020-04-02 05:32:00,210.0,210.0,209.0,209.0,62600.95991593
2020-04-02 05:33:00,211.0,211.0,210.0,210.0,4.94390244
2020-04-02 05:35:00,211.0,211.0,210.0,211.0,55258.55856476
2020-04-02 05:36:00,211.0,211.0,210.0,210.0,171427.14074009
2020-04-02 05:37:00,210.0,211.0,210.0,210.0,44671.47676744
2020-04-02 05:38:00,211.0,211.0,210.0,210.0,19580.59660213
2020-04-02 05:39:00,210.0,210.0,210.0,210.0,56.8507109
2020-04-02 05:40:00,211.0,211.0,210.0,210.0,936.54314721
2020-04-02 05:42:00,211.0,211.0,211.0,211.0,2218.0
2020-04-02 05:43:00,210.0,211.0,210.0,210.0,25452.5063851
2020-04-02 05:45:00,211.0,211.0,210.0,210.0,4742.11324142
2020-04-02 05:46:00,211.0,211.0,210.0,211.0,411735.35276161
2020-04-02 05:47:00,212.0,212.0,210.0,210.0,169298.20312959
2020-04-02 05:49:00,211.0,212.0,211.0,211.0,1692.14548132
2020-04-02 05:51:00,211.0,211.0,211.0,211.0,22345.80830192
2020-04-02 05:53:00,211.0,212.0,211.0,211.0,1999.02645064
2020-04-02 05:55:00,212.0,212.0,211.0,211.0,946.51758794
2020-04-02 06:01:00,212.0,212.0,211.0,211.0,15740.21797087
2020-04-02 06:02:00,212.0,212.0,211.0,212.0,7988.67841862
2020-04-02 06:03:00,211.0,212.0,211.0,211.0,28077.04517588
2020-04-02 06:04:00,212.0,212.0,211.0,212.0,373922.47031193
2020-04-02 06:05:00,212.0,213.0,212.0,212.0,124776.1936777
2020-04-02 06:06:00,212.0,212.0,211.0,212.0,90687.84993094
2020-04-02 06:07:00,212.0,212.0,212.0,212.0,100643.63025828
2020-04-02 06:08:00,212.0,212.0,211.0,211.0,52902.85233635
2020-04-02 06:10:00,212.0,212.0,211.0,211.0,76497.28025696
2020-04-02 06:11:00,212.0,212.0,211.0,211.0,3725.44390244
2020-04-02 06:12:00,211.0,211.0,211.0,211.0,35656.4339
2020-04-02 06:13:00,212.0,212.0,211.0,211.0,7934.25290244
2020-04-02 06:14:00,211.0,211.0,211.0,211.0,98974.64244068
2020-04-02 06:18:00,211.0,211.0,211.0,211.0,87351.35883726
2020-04-02 06:19:00,211.0,211.0,210.0,210.0,21191.59214923
2020-04-02 06:21:00,211.0,212.0,210.0,211.0,267.8997848
2020-04-02 06:23:00,211.0,211.0,211.0,211.0,15843.60189573
2020-04-02 06:25:00,211.0,211.0,211.0,211.0,4000.0
2020-04-02 06:26:00,211.0,211.0,211.0,211.0,109782.45639085
2020-04-02 06:28:00,211.0,211.0,211.0,211.0,38442.8393
2020-04-02 06:30:00,211.0,211.0,211.0,211.0,5376.80920042
2020-04-02 06:31:00,211.0,211.0,211.0,211.0,17254.0
2020-04-02 06:32:00,211.0,211.0,211.0,211.0,332.62163256
2020-04-02 06:34:00,211.0,211.0,211.0,211.0,224046.18279892
2020-04-02 06:37:00,211.0,211.0,211.0,211.0,3370.51003897
2020-04-02 06:38:00,211.0,211.0,211.0,211.0,5000.0
2020-04-02 06:39:00,211.0,211.0,211.0,211.0,60268.71554408
2020-04-02 06:40:00,211.0,211.0,210.0,210.0,21969.60952951
2020-04-02 06:41:00,211.0,212.0,211.0,212.0,10420.08535849
2020-04-02 06:42:00,211.0,211.0,211.0,211.0,10164.31760323
2020-04-02 06:43:00,211.0,211.0,211.0,211.0,15157.5658
2020-04-02 06:46:00,212.0,212.0,211.0,211.0,575.89007365
2020-04-02 06:48:00,211.0,211.0,211.0,211.0,14019.61560729
2020-04-02 06:49:00,211.0,211.0,211.0,211.0,15853.95857142
2020-04-02 06:51:00,211.0,211.0,211.0,211.0,311230.35226998
2020-04-02 06:52:00,211.0,211.0,210.0,211.0,65852.8522758
2020-04-02 06:53:00,211.0,211.0,211.0,211.0,73440.5384689
2020-04-02 06:54:00,211.0,211.0,211.0,211.0,43620.39751071
2020-04-02 06:55:00,211.0,211.0,210.0,211.0,73490.91411603
2020-04-02 06:56:00,211.0,211.0,211.0,211.0,93776.46039759
2020-04-02 06:57:00,211.0,211.0,211.0,211.0,4506.88154602
2020-04-02 06:58:00,212.0,212.0,211.0,211.0,20484.18446847
2020-04-02 06:59:00,212.0,212.0,211.0,211.0,528.18833042
2020-04-02 07:00:00,212.0,212.0,211.0,211.0,2002.45588236
2020-04-02 07:01:00,211.0,211.0,211.0,211.0,62681.1978626
2020-04-02 07:03:00,211.0,211.0,211.0,211.0,10358.31508085
2020-04-02 07:06:00,212.0,212.0,212.0,212.0,6510.70185661
2020-04-02 07:07:00,211.0,212.0,211.0,211.0,5829.74218322
2020-04-02 07:08:00,211.0,211.0,211.0,211.0,2183.65485645
2020-04-02 07:09:00,211.0,211.0,211.0,211.0,4421.37710087
2020-04-02 07:10:00,212.0,212.0,212.0,212.0,735.86806596
2020-04-02 07:11:00,211.0,211.0,211.0,211.0,2.42028986
2020-04-02 07:12:00,212.0,212.0,212.0,212.0,18387.03289863
2020-04-02 07:13:00,211.0,212.0,211.0,212.0,6866.42382759
2020-04-02 07:14:00,211.0,212.0,211.0,212.0,4.86403884
2020-04-02 07:15:00,211.0,212.0,211.0,211.0,21.79406786
2020-04-02 07:16:00,211.0,212.0,211.0,211.0,4215.12609267
2020-04-02 07:17:00,212.0,212.0,211.0,211.0,3004.85003884
2020-04-02 07:18:00,212.0,212.0,211.0,211.0,57316.05377839
2020-04-02 07:19:00,211.0,212.0,211.0,211.0,71849.80727076
2020-04-02 07:20:00,211.0,212.0,211.0,212.0,479348.67101412
2020-04-02 07:21:00,212.0,213.0,212.0,212.0,26203.80548343
2020-04-02 07:22:00,212.0,213.0,212.0,213.0,13131.62548007
2020-04-02 07:23:00,212.0,213.0,212.0,212.0,97283.33868298
2020-04-02 07:24:00,212.0,213.0,212.0,212.0,216882.3270566
2020-04-02 07:25:00,212.0,213.0,212.0,213.0,63471.7776808
2020-04-02 07:26:00,212.0,213.0,211.0,212.0,300246.89366792
2020-04-02 07:27:00,212.0,212.0,212.0,212.0,233010.27282297
2020-04-02 07:28:00,212.0,212.0,212.0,212.0,52622.83184703
2020-04-02 07:29:00,212.0,213.0,212.0,213.0,3161.36889652
2020-04-02 07:30:00,213.0,213.0,213.0,213.0,211.16202462
2020-04-02 07:31:00,213.0,213.0,213.0,213.0,37417.05510455
2020-04-02 07:32:00,213.0,213.0,212.0,213.0,68919.73438773
2020-04-02 07:33:00,213.0,213.0,213.0,213.0,313448.57835657
2020-04-02 07:34:00,213.0,213.0,213.0,213.0,72180.81209599
2020-04-02 07:35:00,213.0,213.0,212.0,212.0,146275.4350524
2020-04-02 07:36:00,213.0,213.0,212.0,213.0,16352.87314814
2020-04-02 07:37:00,212.0,213.0,212.0,213.0,108294.37067056
2020-04-02 07:38:00,213.0,213.0,212.0,213.0,37161.8723502
2020-04-02 07:39:00,213.0,213.0,212.0,212.0,174133.23533514
2020-04-02 07:40:00,213.0,213.0,212.0,212.0,80061.49383577
2020-04-02 07:41:00,212.0,213.0,212.0,213.0,16456.47426708
2020-04-02 07:42:00,213.0,213.0,213.0,213.0,8855.0662075
2020-04-02 07:43:00,213.0,213.0,212.0,212.0,78149.25717045
2020-04-02 07:44:00,212.0,213.0,212.0,212.0,39652.16513964
2020-04-02 07:45:00,212.0,212.0,212.0,212.0,4716.98113208
2020-04-02 07:46:00,212.0,212.0,212.0,212.0,143320.18867161
2020-04-02 07:47:00,212.0,212.0,212.0,212.0,44987.0
2020-04-02 07:48:00,212.0,213.0,212.0,213.0,30430.18922171
2020-04-02 07:49:00,213.0,213.0,213.0,213.0,53887.05046889
2020-04-02 07:50:00,213.0,213.0,212.0,212.0,30155.17405918
2020-04-02 07:51:00,213.0,213.0,212.0,212.0,19.26086958
2020-04-02 07:52:00,213.0,213.0,212.0,212.0,22.0
2020-04-02 07:53:00,213.0,213.0,213.0,213.0,9671.65712918
2020-04-02 07:54:00,212.0,212.0,212.0,212.0,47495.13143634
2020-04-02 07:56:00,212.0,212.0,212.0,212.0,79269.64425789
2020-04-02 07:57:00,212.0,212.0,212.0,212.0,58716.4733415
2020-04-02 07:58:00,212.0,212.0,212.0,212.0,186033.27448968
2020-04-02 07:59:00,212.0,212.0,212.0,212.0,25227.52404504
2020-04-02 08:00:00,212.0,212.0,212.0,212.0,700.0
2020-04-02 08:01:00,212.0,213.0,212.0,213.0,11731.12991801
2020-04-02 08:02:00,212.0,213.0,212.0,212.0,13149.74702045
2020-04-02 08:03:00,213.0,213.0,212.0,212.0,9086.19718954
2020-04-02 08:04:00,213.0,213.0,212.0,212.0,23464.86747002
2020-04-02 08:05:00,213.0,213.0,211.0,211.0,717906.09004159
2020-04-02 08:06:00,211.0,212.0,211.0,211.0,143.5216556
2020-04-02 08:07:00,211.0,212.0,211.0,211.0,8993.69413004
2020-04-02 08:08:00,211.0,211.0,211.0,211.0,7263.78584299
2020-04-02 08:09:00,211.0,212.0,211.0,211.0,362914.82211735
2020-04-02 08:10:00,212.0,212.0,211.0,212.0,179363.94051794
2020-04-02 08:11:00,211.0,212.0,211.0,211.0,86860.70487956
2020-04-02 08:12:00,211.0,212.0,211.0,212.0,16851.5905279
2020-04-02 08:13:00,212.0,212.0,212.0,212.0,26052.40943396
2020-04-02 08:14:00,211.0,212.0,211.0,211.0,10004.82894371
2020-04-02 08:15:00,212.0,212.0,211.0,211.0,11786.10796677
2020-04-02 08:16:00,211.0,212.0,211.0,212.0,47994.08045451
2020-04-02 08:17:00,211.0,212.0,211.0,212.0,34477.42717805
2020-04-02 08:18:00,212.0,212.0,211.0,211.0,2047.10291634
2020-04-02 08:19:00,211.0,211.0,211.0,211.0,2993.16808661
2020-04-02 08:20:00,212.0,212.0,211.0,211.0,2422.40865385
2020-04-02 08:21:00,211.0,212.0,211.0,211.0,146174.79403127
2020-04-02 08:22:00,212.0,212.0,211.0,211.0,1761.71328015
2020-04-02 08:23:00,211.0,212.0,211.0,211.0,25168.47957608
2020-04-02 08:24:00,212.0,212.0,211.0,211.0,39133.13184993
2020-04-02 08:26:00,212.0,212.0,211.0,212.0,21314.2032687
2020-04-02 08:27:00,211.0,212.0,211.0,212.0,20273.92104467
2020-04-02 08:28:00,213.0,213.0,212.0,212.0,114.78284414
2020-04-02 08:29:00,213.0,213.0,213.0,213.0,10651.28937876
2020-04-02 08:30:00,213.0,213.0,212.0,212.0,8303.40654881
2020-04-02 08:31:00,212.0,213.0,212.0,213.0,9306.00586093
2020-04-02 08:32:00,212.0,214.0,212.0,213.0,626358.59840346
2020-04-02 08:33:00,213.0,214.0,213.0,213.0,184569.21864097
2020-04-02 08:34:00,213.0,213.0,212.0,212.0,201699.79434432
2020-04-02 08:35:00,213.0,213.0,212.0,212.0,466276.5673132
2020-04-02 08:36:00,212.0,213.0,212.0,212.0,47006.38913142
2020-04-02 08:37:00,213.0,213.0,212.0,213.0,246670.2345792
2020-04-02 08:38:00,213.0,213.0,213.0,213.0,144689.10351028
2020-04-02 08:39:00,213.0,214.0,213.0,214.0,115486.61750028
2020-04-02 08:40:00,213.0,214.0,213.0,213.0,120264.60689984
2020-04-02 08:41:00,213.0,213.0,212.0,213.0,240212.31272851
2020-04-02 08:42:00,212.0,213.0,212.0,213.0,61149.6444261
2020-04-02 08:43:00,212.0,212.0,212.0,212.0,2.40865385
2020-04-02 08:44:00,213.0,213.0,212.0,212.0,5002.40865385
2020-04-02 08:45:00,212.0,213.0,212.0,213.0,400683.4817262
2020-04-02 08:46:00,212.0,213.0,212.0,212.0,1460.39462081
2020-04-02 08:47:00,212.0,213.0,212.0,212.0,3421.34332353
2020-04-02 08:48:00,213.0,213.0,212.0,212.0,11726.09277988
2020-04-02 08:49:00,212.0,213.0,212.0,212.0,10066.26418303
2020-04-02 08:50:00,213.0,213.0,212.0,213.0,160942.10137788
2020-04-02 08:51:00,213.0,213.0,212.0,213.0,23608.83097987
2020-04-02 08:52:00,213.0,213.0,212.0,213.0,57797.04243092
2020-04-02 08:53:00,212.0,212.0,212.0,212.0,2.40865385
2020-04-02 08:54:00,213.0,213.0,212.0,213.0,178701.16625523
2020-04-02 08:55:00,213.0,213.0,212.0,213.0,133837.53392392
2020-04-02 08:56:00,213.0,214.0,213.0,214.0,15.27764867
2020-04-02 08:57:00,213.0,213.0,212.0,212.0,167214.37969432
2020-04-02 08:58:00,213.0,213.0,213.0,213.0,1530.63081018
2020-04-02 08:59:00,213.0,213.0,212.0,212.0,5595.99874733
2020-04-02 17:25:00,215.0,215.0,215.0,215.0,46590.18397776
2020-04-02 17:26:00,214.0,214.0,214.0,214.0,12.71488371
2020-04-02 17:27:00,214.0,214.0,214.0,214.0,3000.0
2020-04-02 17:28:00,214.0,215.0,214.0,215.0,11000.0
2020-04-02 17:29:00,215.0,215.0,215.0,215.0,5750.87572492
2020-04-02 17:30:00,215.0,215.0,215.0,215.0,10000.0
2020-04-02 17:31:00,215.0,215.0,215.0,215.0,18314.79144148
2020-04-02 17:32:00,215.0,215.0,215.0,215.0,6.976744
2020-04-02 17:33:00,215.0,215.0,215.0,215.0,2740.4
2020-04-02 17:34:00,214.0,214.0,214.0,214.0,1275.07340071
2020-04-02 17:36:00,214.0,215.0,214.0,214.0,53935.55885736
2020-04-02 17:37:00,215.0,215.0,215.0,215.0,13.51417314
2020-04-02 17:39:00,215.0,215.0,214.0,214.0,563058.13929442
2020-04-02 17:40:00,215.0,215.0,214.0,214.0,26462.9999468
2020-04-02 17:42:00,214.0,215.0,214.0,215.0,347.95088652
2020-04-02 17:43:00,215.0,215.0,214.0,214.0,4901.976744
2020-04-02 17:44:00,215.0,215.0,215.0,215.0,5.44528898
2020-04-02 17:45:00,215.0,215.0,215.0,215.0,92.86516279
2020-04-02 17:46:00,215.0,215.0,215.0,215.0,1386.63226526
2020-04-02 17:48:00,215.0,215.0,215.0,215.0,3740.5390328
2020-04-02 17:49:00,215.0,215.0,215.0,215.0,47040.99534883
2020-04-02 17:50:00,215.0,215.0,215.0,215.0,78138.7817719
2020-04-02 17:52:00,214.0,214.0,214.0,214.0,253.64830149
2020-04-02 17:53:00,215.0,215.0,215.0,215.0,5651.16279069
2020-04-02 17:54:00,215.0,215.0,215.0,215.0,5918.02470838
2020-04-02 17:56:00,215.0,215.0,214.0,215.0,6569.34672197
2020-04-02 17:57:00,215.0,215.0,215.0,215.0,58645.46446717
2020-04-02 17:58:00,214.0,214.0,214.0,214.0,400.0
2020-04-02 17:59:00,214.0,215.0,214.0,215.0,385484.51040328
2020-04-02 18:00:00,215.0,215.0,215.0,215.0,1115.1776743
2020-04-02 18:01:00,215.0,215.0,215.0,215.0,25855.91358855
2020-04-02 18:02:00,215.0,215.0,215.0,215.0,8092.56166334
2020-04-02 18:03:00,215.0,215.0,214.0,215.0,313.30929
2020-04-02 18:04:00,215.0,215.0,215.0,215.0,6378.28806759
2020-04-02 18:05:00,215.0,215.0,215.0,215.0,30484.19019743
2020-04-02 18:06:00,215.0,215.0,215.0,215.0,5210.50006165
2020-04-02 18:07:00,215.0,215.0,215.0,215.0,13490.38953981
2020-04-02 18:08:00,214.0,215.0,214.0,215.0,4778.50146151
2020-04-02 18:09:00,215.0,215.0,215.0,215.0,397.11741803
2020-04-02 18:10:00,215.0,215.0,215.0,215.0,22.35813953
2020-04-02 18:11:00,215.0,215.0,215.0,215.0,2420.7
2020-04-02 18:12:00,215.0,215.0,215.0,215.0,3320.48424377
2020-04-02 18:13:00,215.0,215.0,215.0,215.0,33563.64203245
2020-04-02 18:14:00,215.0,215.0,215.0,215.0,15315.82917958
2020-04-02 18:15:00,215.0,215.0,214.0,215.0,362.909
2020-04-02 18:16:00,215.0,215.0,215.0,215.0,4933.8534382
2020-04-02 18:17:00,215.0,215.0,214.0,215.0,239253.05348604
2020-04-02 18:18:00,215.0,215.0,214.0,215.0,4774.96871194
2020-04-02 18:19:00,215.0,215.0,214.0,215.0,29294.94835815
2020-04-02 18:20:00,215.0,215.0,215.0,215.0,19.8
2020-04-02 18:21:00,215.0,215.0,215.0,215.0,20.7
2020-04-02 18:22:00,215.0,215.0,214.0,215.0,6824.98284762
2020-04-02 18:23:00,215.0,215.0,214.0,215.0,4519.8
2020-04-02 18:24:00,215.0,215.0,215.0,215.0,1508.32790697
2020-04-02 18:25:00,215.0,215.0,214.0,215.0,1038.11335778
2020-04-02 18:26:00,215.0,215.0,214.0,215.0,13999.51489338
2020-04-02 18:27:00,215.0,215.0,215.0,215.0,13415.91473314
2020-04-02 18:28:00,215.0,215.0,214.0,215.0,19103.56792998
2020-04-02 18:29:00,215.0,215.0,214.0,215.0,16886.34800226
2020-04-02 18:30:00,215.0,215.0,215.0,215.0,19.8
2020-04-02 18:31:00,215.0,215.0,214.0,215.0,4896.19263238
2020-04-02 18:32:00,215.0,215.0,214.0,215.0,16892.25844367
2020-04-02 18:33:00,215.0,215.0,214.0,215.0,1558.86458866
2020-04-02 18:34:00,215.0,215.0,215.0,215.0,19.8
2020-04-02 18:35:00,215.0,215.0,214.0,215.0,631.11501578
2020-04-02 18:36:00,215.0,215.0,214.0,215.0,200.984003
2020-04-02 18:37:00,215.0,215.0,215.0,215.0,6480.71747227
2020-04-02 18:38:00,215.0,215.0,215.0,215.0,26.776744
2020-04-02 18:39:00,215.0,215.0,215.0,215.0,1531.42790697
2020-04-02 18:40:00,215.0,215.0,214.0,215.0,9234.40920281
2020-04-02 18:41:00,214.0,215.0,214.0,215.0,169.8
2020-04-02 18:42:00,215.0,215.0,214.0,215.0,3811.45790991
2020-04-02 18:43:00,215.0,215.0,215.0,215.0,2353.909
2020-04-02 18:44:00,215.0,215.0,214.0,215.0,94.75139408
2020-04-02 18:45:00,215.0,215.0,214.0,215.0,22.13412562
2020-04-02 18:46:00,215.0,215.0,214.0,215.0,3901.19571676
2020-04-02 18:47:00,215.0,215.0,215.0,215.0,18.0
2020-04-02 18:48:00,215.0,215.0,215.0,215.0,20.7
2020-04-02 18:49:00,215.0,215.0,214.0,215.0,5968.34270838
2020-04-02 18:50:00,215.0,215.0,214.0,215.0,10444.83143651
2020-04-02 18:51:00,215.0,215.0,215.0,215.0,70.55405957
2020-04-02 18:52:00,215.0,215.0,215.0,215.0,12.609
2020-04-02 18:53:00,215.0,215.0,215.0,215.0,19.8
2020-04-02 18:54:00,215.0,215.0,214.0,214.0,192.30136413
2020-04-02 18:55:00,215.0,215.0,215.0,215.0,4669.16279069
2020-04-02 18:56:00,215.0,215.0,215.0,215.0,14580.13720929
2020-04-02 18:57:00,215.0,215.0,214.0,215.0,44845.47229691
2020-04-02 18:58:00,215.0,215.0,214.0,215.0,17515.19830666
2020-04-02 18:59:00,215.0,215.0,214.0,215.0,16989.7432
2020-04-02 19:00:00,215.0,215.0,214.0,214.0,3584.98127661
2020-04-02 19:01:00,215.0,215.0,214.0,214.0,487.84146965
2020-04-02 19:02:00,215.0,215.0,215.0,215.0,14968.95331047
2020-04-02 19:03:00,215.0,215.0,214.0,215.0,193.53497974
2020-04-02 19:04:00,215.0,215.0,215.0,215.0,495.6932615
2020-04-02 19:05:00,215.0,215.0,214.0,215.0,90198.06406517
2020-04-02 19:06:00,215.0,215.0,214.0,215.0,79081.34977466
2020-04-02 19:07:00,215.0,215.0,215.0,215.0,188.28548173
2020-04-02 19:08:00,215.0,215.0,214.0,215.0,5656.23939301
2020-04-02 19:09:00,215.0,215.0,214.0,215.0,137170.24139813
2020-04-02 19:10:00,215.0,215.0,214.0,214.0,1941.24526107
2020-04-02 19:11:00,215.0,215.0,214.0,214.0,20141.90287153
2020-04-02 19:12:00,214.0,215.0,214.0,215.0,999049.98830824
2020-04-02 19:13:00,215.0,215.0,215.0,215.0,69398.57582864
2020-04-02 19:14:00,215.0,215.0,215.0,215.0,96719.22985499
2020-04-02 19:15:00,215.0,215.0,215.0,215.0,167045.2530334
2020-04-02 19:16:00,215.0,215.0,215.0,215.0,12595.50084143
2020-04-02 19:17:00,215.0,215.0,215.0,215.0,16534.17477307
2020-04-02 19:18:00,215.0,215.0,215.0,215.0,26295.95627906
2020-04-02 19:19:00,215.0,215.0,214.0,214.0,6980.67340769
2020-04-02 19:20:00,214.0,214.0,214.0,214.0,929.58735917
2020-04-02 19:21:00,215.0,215.0,215.0,215.0,86068.80745672
2020-04-02 19:22:00,215.0,215.0,214.0,214.0,21.11745081
2020-04-02 19:24:00,215.0,215.0,215.0,215.0,6973.25755726
2020-04-02 19:25:00,214.0,214.0,214.0,214.0,38.86628114
2020-04-02 19:27:00,214.0,214.0,214.0,214.0,2524.6
2020-04-02 19:28:00,214.0,215.0,214.0,215.0,1943.65143009
2020-04-02 19:29:00,214.0,214.0,214.0,214.0,419.79813953
2020-04-02 19:30:00,214.0,215.0,214.0,215.0,1179.2766223
2020-04-02 19:31:00,214.0,214.0,214.0,214.0,3.0
2020-04-02 19:32:00,214.0,214.0,214.0,214.0,9514.05900823
2020-04-02 19:33:00,214.0,214.0,214.0,214.0,3629.49477642
2020-04-02 19:34:00,215.0,215.0,214.0,214.0,147.69509431
2020-04-02 19:36:00,215.0,215.0,215.0,215.0,7088.83837151
2020-04-02 19:37:00,215.0,215.0,214.0,215.0,403.0
2020-04-02 19:38:00,215.0,215.0,214.0,215.0,31127.21962505
2020-04-02 19:39:00,214.0,214.0,214.0,214.0,6563.27250023
2020-04-02 19:40:00,215.0,215.0,215.0,215.0,51859.18000302
2020-04-02 19:41:00,215.0,215.0,215.0,215.0,2.63589135
2020-04-02 19:42:00,215.0,215.0,214.0,215.0,59035.87557557
2020-04-02 19:43:00,215.0,215.0,215.0,215.0,48129.61426263
2020-04-02 19:44:00,214.0,214.0,214.0,214.0,194.3875598
2020-04-02 19:46:00,215.0,215.0,214.0,214.0,68482.86710093
2020-04-02 19:47:00,214.0,214.0,214.0,214.0,153.432
2020-04-02 19:48:00,215.0,215.0,215.0,215.0,9772.78616504
2020-04-02 19:49:00,215.0,215.0,215.0,215.0,11654.96321606
2020-04-02 19:50:00,215.0,215.0,215.0,215.0,2756.97964969
2020-04-02 19:51:00,214.0,214.0,214.0,214.0,203.0
2020-04-02 19:52:00,215.0,215.0,214.0,215.0,18871.62257264
2020-04-02 19:53:00,215.0,215.0,215.0,215.0,1078.68856269
2020-04-02 19:54:00,214.0,215.0,214.0,214.0,9491.11160266
2020-04-02 19:55:00,214.0,215.0,214.0,215.0,9217.33829945
2020-04-02 19:56:00,214.0,214.0,214.0,214.0,7.6728972
2020-04-02 19:57:00,214.0,214.0,214.0,214.0,9479.22888156
2020-04-02 19:58:00,214.0,214.0,214.0,214.0,1000.0
2020-04-02 19:59:00,214.0,214.0,214.0,214.0,8673.77658485
2020-04-02 20:00:00,214.0,215.0,214.0,214.0,12446.10628829
2020-04-02 20:01:00,214.0,214.0,214.0,214.0,15240.26572803
2020-04-02 20:02:00,214.0,214.0,214.0,214.0,13171.90798015
2020-04-02 20:03:00,214.0,215.0,214.0,215.0,14752.02058749
2020-04-02 20:04:00,214.0,214.0,214.0,214.0,3.0
2020-04-02 20:07:00,214.0,215.0,214.0,215.0,2430.6604651
2020-04-02 20:09:00,215.0,215.0,215.0,215.0,4051.30275031
2020-04-02 20:10:00,215.0,215.0,214.0,215.0,504.54994372
2020-04-02 20:11:00,215.0,215.0,214.0,215.0,7.56494395
2020-04-02 20:12:00,214.0,214.0,214.0,214.0,3.0
2020-04-02 20:13:00,214.0,214.0,214.0,214.0,381.1579787
2020-04-02 20:14:00,214.0,215.0,214.0,214.0,4204.89627222
2020-04-02 20:15:00,215.0,215.0,215.0,215.0,1887.02741652
2020-04-02 20:16:00,214.0,215.0,214.0,214.0,47493.88952964
2020-04-02 20:17:00,214.0,214.0,214.0,214.0,9953.05164319
2020-04-02 20:18:00,214.0,214.0,214.0,214.0,170.5824
2020-04-02 20:19:00,215.0,215.0,215.0,215.0,20036.48873237
2020-04-02 20:20:00,215.0,215.0,215.0,215.0,172066.82705159
2020-04-02 20:21:00,215.0,215.0,214.0,214.0,135540.97238111
2020-04-02 20:22:00,215.0,215.0,215.0,215.0,11300.0
2020-04-02 20:23:00,215.0,215.0,215.0,215.0,12919.8072558
2020-04-02 20:24:00,215.0,215.0,215.0,215.0,11625.58255754
2020-04-02 20:25:00,215.0,216.0,215.0,216.0,12078.83813952
2020-04-02 20:26:00,216.0,216.0,215.0,216.0,1174.92322518
2020-04-02 20:27:00,215.0,216.0,215.0,216.0,146244.63781466
2020-04-02 20:28:00,216.0,216.0,215.0,216.0,5042.81195118
2020-04-02 20:29:00,216.0,216.0,215.0,216.0,143.437714
2020-04-02 20:30:00,216.0,216.0,215.0,215.0,12526.38195707
2020-04-02 20:31:00,215.0,215.0,215.0,215.0,10867.93909292
2020-04-02 20:32:00,215.0,216.0,215.0,215.0,13090.78815675
2020-04-02 20:33:00,215.0,216.0,215.0,216.0,4820.18190671
2020-04-02 20:34:00,215.0,216.0,215.0,215.0,51331.63651874
2020-04-02 20:35:00,215.0,215.0,215.0,215.0,13320.9245
2020-04-02 20:36:00,215.0,215.0,215.0,215.0,48544.8924186
2020-04-02 20:37:00,215.0,215.0,215.0,215.0,192998.9324756
2020-04-02 20:38:00,215.0,215.0,215.0,215.0,61549.39346417
2020-04-02 20:39:00,215.0,215.0,215.0,215.0,2568.976
2020-04-02 20:40:00,215.0,215.0,215.0,215.0,5971.871344
2020-04-02 20:41:00,215.0,216.0,215.0,216.0,19468.9716873
2020-04-02 20:42:00,215.0,215.0,215.0,215.0,692.78508404
2020-04-02 20:44:00,216.0,216.0,216.0,216.0,4627.34373553
2020-04-02 20:45:00,216.0,216.0,216.0,216.0,2314.81481481
2020-04-02 20:46:00,215.0,215.0,215.0,215.0,34569.96044164
2020-04-02 20:47:00,215.0,216.0,215.0,215.0,939.44361291
2020-04-02 20:48:00,215.0,215.0,215.0,215.0,462.676294
2020-04-02 20:50:00,215.0,215.0,215.0,215.0,23012.79688794
2020-04-02 20:51:00,215.0,216.0,215.0,216.0,12393.63971759
2020-04-02 20:52:00,215.0,216.0,215.0,215.0,1419.11619434
2020-04-02 20:53:00,216.0,216.0,215.0,216.0,769.92698288
2020-04-02 20:54:00,215.0,216.0,215.0,215.0,33528.13665747
2020-04-02 20:55:00,216.0,216.0,215.0,215.0,3016.960948
2020-04-02 20:56:00,216.0,216.0,215.0,216.0,49.84625546
2020-04-02 20:57:00,215.0,216.0,215.0,215.0,9124.41525278
2020-04-02 20:58:00,216.0,216.0,215.0,215.0,3507.45480963
2020-04-02 20:59:00,215.0,215.0,215.0,215.0,5048.40834644
2020-04-03 04:51:00,215.0,215.0,215.0,215.0,35053.05420795
2020-04-03 04:53:00,214.0,214.0,214.0,214.0,8570.78773584
2020-04-03 04:54:00,215.0,215.0,215.0,215.0,139.53488372
2020-04-03 04:55:00,215.0,215.0,215.0,215.0,4651.0
2020-04-03 04:56:00,214.0,215.0,214.0,215.0,170536.07103212
2020-04-03 04:57:00,215.0,215.0,215.0,215.0,141588.7694
2020-04-03 04:58:00,215.0,215.0,215.0,215.0,25058.34612062
2020-04-03 04:59:00,215.0,215.0,215.0,215.0,45022.2392505
2020-04-03 05:00:00,215.0,215.0,215.0,215.0,196987.85503122
2020-04-03 05:01:00,214.0,214.0,214.0,214.0,306.6588785
2020-04-03 05:03:00,214.0,214.0,214.0,214.0,6502.67759259
2020-04-03 05:04:00,214.0,215.0,214.0,215.0,3292.22314814
2020-04-03 05:05:00,214.0,214.0,214.0,214.0,29405.9712
2020-04-03 05:06:00,214.0,214.0,214.0,214.0,287596.23435688
2020-04-03 05:08:00,214.0,214.0,214.0,214.0,5325.97399999
2020-04-03 05:09:00,214.0,214.0,214.0,214.0,66285.74785781
2020-04-03 05:10:00,214.0,214.0,214.0,214.0,22792.2894183
2020-04-03 05:12:00,214.0,214.0,214.0,214.0,150.0
2020-04-03 05:13:00,214.0,214.0,214.0,214.0,125989.27949263
2020-04-03 05:14:00,214.0,214.0,214.0,214.0,8946.06128958
2020-04-03 05:17:00,215.0,215.0,215.0,215.0,30000.0
2020-04-03 05:18:00,215.0,215.0,215.0,215.0,4905.17067047
2020-04-03 05:19:00,215.0,215.0,215.0,215.0,13.98609
2020-04-03 05:21:00,215.0,215.0,215.0,215.0,12449.14751926
2020-04-03 05:24:00,215.0,215.0,215.0,215.0,6529.10739534
2020-04-03 05:26:00,214.0,214.0,214.0,214.0,3620.62286828
2020-04-03 05:27:00,214.0,214.0,214.0,214.0,66120.1389
2020-04-03 05:28:00,214.0,214.0,214.0,214.0,458141.40399581
2020-04-03 05:29:00,213.0,214.0,213.0,213.0,430421.4348023
2020-04-03 05:30:00,213.0,213.0,213.0,213.0,164286.76520633
2020-04-03 05:31:00,213.0,213.0,213.0,213.0,11560.27729781
2020-04-03 05:32:00,214.0,214.0,214.0,214.0,38901.58375873
2020-04-03 05:33:00,214.0,214.0,214.0,214.0,18168.62354803
2020-04-03 05:34:00,213.0,214.0,213.0,214.0,46109.56483017
2020-04-03 05:36:00,213.0,214.0,213.0,214.0,1626.76766142
2020-04-03 05:41:00,214.0,214.0,214.0,214.0,14.0516
2020-04-03 05:44:00,214.0,214.0,214.0,214.0,7423.90654205
2020-04-03 05:46:00,214.0,214.0,214.0,214.0,934.57943925
2020-04-03 05:49:00,214.0,214.0,214.0,214.0,211552.26383233
2020-04-03 05:50:00,214.0,214.0,214.0,214.0,724.98330274
2020-04-03 05:51:00,213.0,213.0,213.0,213.0,15475.91860009
2020-04-03 05:53:00,214.0,214.0,214.0,214.0,21888.96261683
2020-04-03 05:54:00,214.0,214.0,214.0,214.0,13763.98556277
2020-04-03 05:55:00,214.0,214.0,214.0,214.0,186154.10209454
2020-04-03 05:56:00,214.0,214.0,214.0,214.0,13352.4632607
2020-04-03 05:59:00,214.0,214.0,214.0,214.0,8538.40583323
2020-04-03 06:01:00,214.0,214.0,214.0,214.0,7093.33528037
2020-04-03 06:03:00,213.0,213.0,213.0,213.0,155.6772
2020-04-03 06:04:00,214.0,214.0,213.0,214.0,209718.06848397
2020-04-03 06:05:00,214.0,214.0,214.0,214.0,126212.34270246
2020-04-03 06:06:00,214.0,214.0,214.0,214.0,46757.46155934
2020-04-03 06:07:00,214.0,214.0,214.0,214.0,11500.93437682
2020-04-03 06:08:00,214.0,214.0,214.0,214.0,3881.9372
2020-04-03 06:09:00,214.0,214.0,214.0,214.0,7500.0
2020-04-03 06:11:00,214.0,215.0,214.0,215.0,23130.56936647
2020-04-03 06:12:00,214.0,214.0,214.0,214.0,29.0
2020-04-03 06:13:00,215.0,215.0,215.0,215.0,782.14381181
2020-04-03 06:14:00,215.0,215.0,215.0,215.0,21.061252
2020-04-03 06:15:00,215.0,215.0,215.0,215.0,28405.0372093
2020-04-03 06:17:00,215.0,215.0,215.0,215.0,20827.03672294
2020-04-03 06:18:00,215.0,215.0,214.0,215.0,19401.2400162
2020-04-03 06:19:00,215.0,215.0,215.0,215.0,11614.377688
2020-04-03 06:20:00,214.0,214.0,214.0,214.0,19185.31364353
2020-04-03 06:23:00,215.0,215.0,215.0,215.0,27733.00094137
2020-04-03 06:24:00,215.0,215.0,215.0,215.0,44230.443359
2020-04-03 06:25:00,215.0,215.0,215.0,215.0,2350.476744
2020-04-03 06:26:00,215.0,215.0,215.0,215.0,24949.58486735
2020-04-03 06:27:00,215.0,215.0,215.0,215.0,11515.63663256
2020-04-03 06:28:00,215.0,215.0,214.0,215.0,358476.5235775
2020-04-03 06:29:00,215.0,215.0,215.0,215.0,6234.37118649
2020-04-03 06:30:00,215.0,215.0,215.0,215.0,124895.67906976
2020-04-03 06:32:00,215.0,215.0,215.0,215.0,26118.88475854
2020-04-03 06:33:00,216.0,216.0,215.0,216.0,342653.51196854
2020-04-03 06:34:00,216.0,216.0,216.0,216.0,46747.77888833
2020-04-03 06:35:00,216.0,216.0,215.0,215.0,14533.34706461
2020-04-03 06:36:00,215.0,215.0,215.0,215.0,160554.05388192
2020-04-03 06:37:00,215.0,215.0,215.0,215.0,1517.49405562
2020-04-03 06:38:00,216.0,216.0,216.0,216.0,452.38425925
2020-04-03 06:39:00,216.0,216.0,216.0,216.0,4942.0
2020-04-03 06:40:00,216.0,216.0,216.0,216.0,300.0
2020-04-03 06:41:00,216.0,216.0,216.0,216.0,1584.98991245
2020-04-03 06:43:00,215.0,215.0,215.0,215.0,5612.4
2020-04-03 06:44:00,216.0,216.0,216.0,216.0,37069.9696448
2020-04-03 06:46:00,216.0,216.0,216.0,216.0,20315.67919858
2020-04-03 06:47:00,216.0,216.0,215.0,215.0,5013.921188
2020-04-03 06:48:00,215.0,215.0,215.0,215.0,1112.9998381
2020-04-03 06:49:00,215.0,215.0,215.0,215.0,21282.40140338
2020-04-03 06:51:00,216.0,216.0,216.0,216.0,6944.44444444
2020-04-03 06:52:00,216.0,216.0,216.0,216.0,422.2703463
2020-04-03 06:53:00,216.0,216.0,216.0,216.0,242.16064814
2020-04-03 06:54:00,215.0,215.0,215.0,215.0,422.2703463
2020-04-03 06:57:00,216.0,216.0,215.0,215.0,10793.10013876
2020-04-03 06:58:00,215.0,216.0,215.0,215.0,1975.34814814
2020-04-03 07:00:00,215.0,216.0,215.0,216.0,36038.84479633
2020-04-03 07:01:00,216.0,216.0,215.0,215.0,4303.98899247
2020-04-03 07:02:00,215.0,215.0,215.0,215.0,344729.66937483
2020-04-03 07:03:00,214.0,214.0,214.0,214.0,168.8011
2020-04-03 07:04:00,214.0,215.0,214.0,215.0,6508.73602958
2020-04-03 07:05:00,214.0,214.0,214.0,214.0,5091.74027715
2020-04-03 07:06:00,215.0,215.0,215.0,215.0,50.0
2020-04-03 07:07:00,214.0,214.0,214.0,214.0,29781.77829067
2020-04-03 07:08:00,215.0,215.0,215.0,215.0,91036.61787942
2020-04-03 07:09:00,215.0,215.0,215.0,215.0,150.23397119
2020-04-03 07:10:00,215.0,215.0,215.0,215.0,37190.70697209
2020-04-03 07:12:00,214.0,215.0,214.0,215.0,14558.37933237
2020-04-03 07:13:00,214.0,214.0,214.0,214.0,2245.60592044
2020-04-03 07:15:00,215.0,215.0,215.0,215.0,5.0532873
2020-04-03 07:16:00,214.0,214.0,214.0,214.0,812.19513318
2020-04-03 07:18:00,215.0,215.0,215.0,215.0,18624.06471183
2020-04-03 07:19:00,215.0,215.0,215.0,215.0,3728.0116279
2020-04-03 07:20:00,215.0,215.0,215.0,215.0,53.576744
2020-04-03 07:22:00,215.0,215.0,215.0,215.0,77696.30237053
2020-04-03 07:23:00,215.0,215.0,214.0,214.0,67180.20798611
2020-04-03 07:24:00,215.0,215.0,215.0,215.0,2902.80441174
2020-04-03 07:25:00,215.0,215.0,215.0,215.0,61418.23627254
2020-04-03 07:26:00,215.0,215.0,215.0,215.0,12297.77436862
2020-04-03 07:27:00,215.0,215.0,214.0,214.0,28504.20777982
2020-04-03 07:28:00,215.0,215.0,215.0,215.0,8711.73792243
2020-04-03 07:29:00,216.0,216.0,216.0,216.0,11647.58361559
2020-04-03 07:30:00,216.0,216.0,216.0,216.0,10446.11027819
2020-04-03 07:31:00,216.0,216.0,216.0,216.0,10216.81633721
2020-04-03 07:32:00,216.0,216.0,216.0,216.0,9914.81481481
2020-04-03 07:33:00,215.0,215.0,215.0,215.0,1735.56012691
2020-04-03 07:35:00,215.0,216.0,215.0,216.0,8195.23997503
2020-04-03 07:37:00,216.0,216.0,215.0,215.0,9618.22307103
2020-04-03 07:39:00,215.0,215.0,215.0,215.0,3466.01816462
2020-04-03 07:40:00,215.0,216.0,215.0,216.0,49576.07603103
2020-04-03 07:41:00,216.0,216.0,216.0,216.0,11000.0
2020-04-03 07:42:00,216.0,216.0,216.0,216.0,11438.09844844
2020-04-03 07:44:00,216.0,216.0,215.0,215.0,2719.07856138
2020-04-03 07:45:00,216.0,216.0,216.0,216.0,1359.718289
2020-04-03 07:46:00,216.0,216.0,216.0,216.0,540.73347492
2020-04-03 07:47:00,216.0,216.0,216.0,216.0,2802.31534391
2020-04-03 07:48:00,216.0,216.0,216.0,216.0,17131.24250638
2020-04-03 07:49:00,216.0,216.0,216.0,216.0,35038.23018134
2020-04-03 07:50:00,216.0,216.0,216.0,216.0,10127.06413732
2020-04-03 07:51:00,216.0,216.0,216.0,216.0,51632.28167667
2020-04-03 07:52:00,215.0,216.0,215.0,216.0,20580.93239852
2020-04-03 07:53:00,216.0,216.0,216.0,216.0,14455.51645428
2020-04-03 07:54:00,216.0,216.0,216.0,216.0,1181.0
2020-04-03 07:55:00,215.0,216.0,215.0,215.0,10508.68547207
2020-04-03 07:57:00,216.0,216.0,216.0,216.0,405.00231481
2020-04-03 07:58:00,216.0,216.0,216.0,216.0,62649.89050843
2020-04-03 07:59:00,216.0,216.0,215.0,215.0,828.78924192
2020-04-03 08:01:00,216.0,216.0,216.0,216.0,1428.62827845
2020-04-03 08:03:00,216.0,216.0,215.0,216.0,15148.1899907
2020-04-03 08:04:00,216.0,216.0,216.0,216.0,6.944444
2020-04-03 08:05:00,215.0,216.0,215.0,215.0,15443.16707325
2020-04-03 08:06:00,215.0,215.0,215.0,215.0,46360.49890493
2020-04-03 08:07:00,215.0,215.0,215.0,215.0,8572.61366017
2020-04-03 08:09:00,215.0,215.0,215.0,215.0,49048.19218297
2020-04-03 08:10:00,215.0,216.0,215.0,216.0,72167.21898148
2020-04-03 08:11:00,216.0,216.0,216.0,216.0,6827.80369073
2020-04-03 08:12:00,216.0,216.0,215.0,215.0,78342.41782092
2020-04-03 08:13:00,216.0,216.0,215.0,215.0,818.43622333
2020-04-03 08:14:00,215.0,216.0,215.0,216.0,77546.31850501
2020-04-03 08:15:00,216.0,216.0,215.0,215.0,9.944444
2020-04-03 08:16:00,215.0,215.0,215.0,215.0,240.26448314
2020-04-03 08:17:00,215.0,215.0,215.0,215.0,28.0
2020-04-03 08:18:00,215.0,215.0,215.0,215.0,27271.1406
2020-04-03 08:20:00,215.0,215.0,215.0,215.0,105809.45639151
2020-04-03 08:21:00,215.0,215.0,215.0,215.0,56240.4822792
2020-04-03 08:22:00,215.0,215.0,215.0,215.0,20281.48314473
2020-04-03 08:23:00,215.0,215.0,215.0,215.0,137330.61558405
2020-04-03 08:24:00,215.0,215.0,215.0,215.0,33384.22032501
2020-04-03 08:25:00,214.0,215.0,214.0,215.0,43691.53213767
2020-04-03 08:26:00,214.0,215.0,214.0,214.0,12.30232558
2020-04-03 08:27:00,214.0,214.0,214.0,214.0,36437.56945592
2020-04-03 08:28:00,215.0,215.0,214.0,214.0,1860.67906976
2020-04-03 08:29:00,214.0,215.0,214.0,214.0,13027.85886154
2020-04-03 08:30:00,214.0,215.0,214.0,215.0,143260.72335836
2020-04-03 08:31:00,214.0,214.0,214.0,214.0,853.92363587
2020-04-03 08:32:00,214.0,214.0,214.0,214.0,1640.1953271
2020-04-03 08:33:00,215.0,215.0,215.0,215.0,1016.96598908
2020-04-03 08:34:00,214.0,214.0,214.0,214.0,57545.05607477
2020-04-03 08:35:00,214.0,214.0,214.0,214.0,96772.6737651
2020-04-03 08:36:00,214.0,214.0,214.0,214.0,85845.96084118
2020-04-03 08:37:00,214.0,214.0,214.0,214.0,353151.20600849
2020-04-03 08:38:00,214.0,214.0,214.0,214.0,108434.52363433
2020-04-03 08:39:00,214.0,214.0,214.0,214.0,32631.28487329
2020-04-03 08:40:00,214.0,214.0,214.0,214.0,6016.03630169
2020-04-03 08:41:00,214.0,214.0,214.0,214.0,12262.73023956
2020-04-03 08:42:00,214.0,214.0,214.0,214.0,99831.21092114
2020-04-03 08:43:00,215.0,215.0,214.0,214.0,12587.8650887
2020-04-03 08:44:00,214.0,214.0,214.0,214.0,106677.10109548
2020-04-03 08:45:00,215.0,215.0,215.0,215.0,38714.9030136
2020-04-03 08:46:00,214.0,214.0,214.0,214.0,2.38571429
2020-04-03 08:47:00,214.0,214.0,214.0,214.0,22575.485186
2020-04-03 08:48:00,214.0,214.0,214.0,214.0,1000.0
2020-04-03 08:49:00,214.0,214.0,214.0,214.0,3874.93794684
2020-04-03 08:50:00,214.0,214.0,214.0,214.0,14540.11852962
2020-04-03 08:51:00,214.0,215.0,214.0,214.0,62032.54830799
2020-04-03 08:52:00,214.0,214.0,214.0,214.0,2074.0
2020-04-03 08:53:00,215.0,215.0,214.0,214.0,35422.2447631
2020-04-03 08:54:00,214.0,214.0,214.0,214.0,2000.0
2020-04-03 08:55:00,215.0,215.0,214.0,214.0,234.81632616
2020-04-03 08:56:00,214.0,214.0,214.0,214.0,11764.05112445
2020-04-03 08:57:00,214.0,215.0,214.0,215.0,38364.21111571
2020-04-03 08:58:00,214.0,215.0,214.0,214.0,31754.20245062
2020-04-03 08:59:00,214.0,214.0,214.0,214.0,73883.09662043
2020-04-03 17:27:00,216.0,217.0,216.0,216.0,2315.83428814
2020-04-03 17:28:00,217.0,217.0,216.0,216.0,2286.99448953
2020-04-03 17:30:00,216.0,217.0,216.0,217.0,3126.25639919
2020-04-03 17:31:00,216.0,217.0,216.0,217.0,2485.81440759
2020-04-03 17:32:00,216.0,217.0,216.0,216.0,117070.44787322
2020-04-03 17:33:00,216.0,216.0,216.0,216.0,46.2962963
2020-04-03 17:34:00,217.0,217.0,216.0,216.0,29255.81484149
2020-04-03 17:35:00,216.0,217.0,216.0,216.0,25575.78694727
2020-04-03 17:36:00,217.0,217.0,217.0,217.0,10772.07939808
2020-04-03 17:37:00,216.0,217.0,216.0,217.0,5006.07530336
2020-04-03 17:38:00,217.0,217.0,216.0,216.0,6444.76149022
2020-04-03 17:39:00,217.0,217.0,216.0,216.0,24768.75192134
2020-04-03 17:40:00,217.0,217.0,217.0,217.0,12235.59953703
2020-04-03 17:41:00,217.0,218.0,216.0,217.0,319860.22190692
2020-04-03 17:42:00,216.0,217.0,216.0,216.0,3511.11145797
2020-04-03 17:43:00,217.0,217.0,216.0,217.0,516860.78437421
2020-04-03 17:44:00,217.0,217.0,216.0,216.0,23006.20538242
2020-04-03 17:45:00,217.0,217.0,217.0,217.0,28907.9331302
2020-04-03 17:46:00,216.0,217.0,216.0,217.0,13084.59435939
2020-04-03 17:47:00,217.0,217.0,216.0,217.0,1049.77880184
2020-04-03 17:48:00,217.0,217.0,217.0,217.0,7863.59516094
2020-04-03 17:49:00,217.0,217.0,217.0,217.0,36.86635944
2020-04-03 17:50:00,217.0,217.0,217.0,217.0,3128.22321557
2020-04-03 17:51:00,216.0,216.0,216.0,216.0,300.04352662
2020-04-03 17:52:00,217.0,217.0,216.0,216.0,14362.10773926
2020-04-03 17:53:00,216.0,217.0,216.0,217.0,23879.58633963
2020-04-03 17:54:00,217.0,217.0,216.0,216.0,40163.33211715
2020-04-03 17:55:00,216.0,216.0,216.0,216.0,1053.41360811
2020-04-03 17:56:00,217.0,217.0,217.0,217.0,2304.14746543
2020-04-03 17:57:00,217.0,217.0,217.0,217.0,2304.14746543
2020-04-03 17:58:00,217.0,217.0,216.0,216.0,154414.80231056
2020-04-03 17:59:00,217.0,217.0,217.0,217.0,55698.1610485
2020-04-03 18:00:00,216.0,217.0,216.0,217.0,8163.31005004
2020-04-03 18:01:00,217.0,217.0,217.0,217.0,337869.49843049
2020-04-03 18:02:00,217.0,217.0,217.0,217.0,223979.89540573
2020-04-03 18:03:00,217.0,217.0,216.0,217.0,179351.37615449
2020-04-03 18:04:00,218.0,218.0,218.0,218.0,80443.59930125
2020-04-03 18:05:00,218.0,218.0,217.0,218.0,44001.53765036
2020-04-03 18:06:00,218.0,218.0,217.0,217.0,14039.85681195
2020-04-03 18:07:00,217.0,217.0,217.0,217.0,11854.60884793
2020-04-03 18:08:00,217.0,218.0,217.0,217.0,3772.48888823
2020-04-03 18:09:00,217.0,218.0,217.0,217.0,59489.51685353
2020-04-03 18:10:00,217.0,217.0,217.0,217.0,1286.68693176
2020-04-03 18:11:00,217.0,217.0,217.0,217.0,2779.967
2020-04-03 18:12:00,217.0,217.0,217.0,217.0,2500.0
2020-04-03 18:13:00,217.0,217.0,217.0,217.0,9323.2956
2020-04-03 18:14:00,218.0,218.0,217.0,217.0,23796.98648731
2020-04-03 18:16:00,217.0,217.0,217.0,217.0,15364.86330414
2020-04-03 18:17:00,217.0,217.0,217.0,217.0,24493.1453566
2020-04-03 18:18:00,217.0,217.0,217.0,217.0,379921.73858449
2020-04-03 18:19:00,217.0,217.0,216.0,216.0,29400.02386242
2020-04-03 18:20:00,216.0,216.0,216.0,216.0,147.5433144
2020-04-03 18:21:00,217.0,217.0,216.0,216.0,34304.00242103
2020-04-03 18:22:00,216.0,216.0,216.0,216.0,568.29801061
2020-04-03 18:23:00,216.0,217.0,216.0,217.0,20628.03474947
2020-04-03 18:24:00,217.0,217.0,217.0,217.0,2.82347305
2020-04-03 18:25:00,216.0,216.0,216.0,216.0,2.35211268
2020-04-03 18:27:00,217.0,217.0,216.0,216.0,37017.46546166
2020-04-03 18:28:00,217.0,217.0,216.0,216.0,55996.42161176
2020-04-03 18:30:00,216.0,217.0,216.0,217.0,29078.62693563
2020-04-03 18:31:00,217.0,217.0,217.0,217.0,3106.912442
2020-04-03 18:32:00,217.0,217.0,217.0,217.0,760.82949308
2020-04-03 18:33:00,217.0,217.0,216.0,216.0,30630.52037239
2020-04-03 18:34:00,216.0,217.0,216.0,217.0,3935.82264167
2020-04-03 18:35:00,216.0,217.0,216.0,217.0,110126.1571523
2020-04-03 18:36:00,217.0,217.0,217.0,217.0,2596.0
2020-04-03 18:37:00,217.0,218.0,217.0,218.0,928.35211268
2020-04-03 18:38:00,217.0,217.0,217.0,217.0,4294.0
2020-04-03 18:39:00,217.0,217.0,217.0,217.0,6454.5716
2020-04-03 18:40:00,217.0,218.0,217.0,218.0,50199.63742795
2020-04-03 18:41:00,217.0,217.0,217.0,217.0,101622.14448473
2020-04-03 18:42:00,217.0,217.0,217.0,217.0,41048.14758152
2020-04-03 18:43:00,217.0,217.0,217.0,217.0,10232.74004726
2020-04-03 18:44:00,217.0,217.0,217.0,217.0,200.0
2020-04-03 18:45:00,218.0,218.0,217.0,217.0,2453.80346372
2020-04-03 18:46:00,218.0,218.0,218.0,218.0,6432.14908256
2020-04-03 18:47:00,217.0,218.0,217.0,217.0,756.97990957
2020-04-03 18:48:00,218.0,218.0,217.0,217.0,5143.73102975
2020-04-03 18:50:00,218.0,218.0,217.0,217.0,9004.66046512
2020-04-03 18:51:00,218.0,218.0,217.0,217.0,13015.280766
2020-04-03 18:52:00,217.0,218.0,217.0,217.0,5147.56313368
2020-04-03 18:53:00,218.0,218.0,217.0,218.0,37585.69096896
2020-04-03 18:54:00,217.0,218.0,217.0,217.0,7073.7615553
2020-04-03 18:55:00,218.0,218.0,217.0,217.0,9179.11353143
2020-04-03 18:56:00,217.0,218.0,217.0,217.0,47799.00970687
2020-04-03 18:57:00,217.0,217.0,217.0,217.0,1485.52470408
2020-04-03 18:58:00,218.0,218.0,217.0,217.0,21558.52286866
2020-04-03 18:59:00,218.0,218.0,217.0,217.0,5002.33023256
2020-04-03 19:00:00,218.0,218.0,217.0,217.0,25307.9062312
2020-04-03 19:01:00,217.0,217.0,217.0,217.0,3213.0
2020-04-03 19:02:00,217.0,218.0,217.0,218.0,25981.32512994
2020-04-03 19:03:00,217.0,217.0,217.0,217.0,131.26601268
2020-04-03 19:04:00,218.0,218.0,217.0,217.0,43396.37035282
2020-04-03 19:05:00,217.0,218.0,217.0,217.0,15140.77380591
2020-04-03 19:06:00,217.0,218.0,217.0,218.0,369554.21557569
2020-04-03 19:07:00,218.0,218.0,218.0,218.0,103790.16557659
2020-04-03 19:08:00,218.0,218.0,218.0,218.0,81786.54250855
2020-04-03 19:09:00,218.0,218.0,218.0,218.0,45871.55963302
2020-04-03 19:10:00,218.0,218.0,217.0,217.0,15493.93279277
2020-04-03 19:11:00,217.0,218.0,217.0,218.0,7697.55397169
2020-04-03 19:13:00,218.0,218.0,218.0,218.0,500.0
2020-04-03 19:14:00,218.0,218.0,217.0,218.0,2832.08290684
2020-04-03 19:15:00,218.0,218.0,218.0,218.0,105.53629526
2020-04-03 19:16:00,218.0,218.0,217.0,218.0,376341.44775848
2020-04-03 19:17:00,217.0,217.0,217.0,217.0,9626.64084507
2020-04-03 19:18:00,217.0,218.0,217.0,218.0,25717.64151412
2020-04-03 19:19:00,218.0,218.0,217.0,217.0,69102.96898625
2020-04-03 19:20:00,217.0,218.0,217.0,218.0,3771.54333381
2020-04-03 19:21:00,218.0,218.0,217.0,218.0,548.24596722
2020-04-03 19:22:00,217.0,217.0,217.0,217.0,5669.55034714
2020-04-03 19:23:00,218.0,218.0,217.0,217.0,1015.68548773
2020-04-03 19:24:00,217.0,217.0,217.0,217.0,459.0
2020-04-03 19:25:00,217.0,218.0,217.0,217.0,43490.64477276
2020-04-03 19:26:00,218.0,218.0,217.0,217.0,9275.90296291
2020-04-03 19:27:00,217.0,217.0,217.0,217.0,7.73226383
2020-04-03 19:28:00,217.0,218.0,217.0,218.0,5063.03861559
2020-04-03 19:29:00,218.0,218.0,217.0,217.0,68850.46119684
2020-04-03 19:30:00,218.0,218.0,217.0,217.0,85467.84272696
2020-04-03 19:31:00,217.0,218.0,217.0,217.0,10614.91095691
2020-04-03 19:32:00,218.0,218.0,217.0,217.0,308.77891022
2020-04-03 19:34:00,218.0,218.0,218.0,218.0,133279.53912948
2020-04-03 19:35:00,217.0,218.0,217.0,218.0,18582.57109977
2020-04-03 19:36:00,217.0,218.0,217.0,218.0,5.12670116
2020-04-03 19:37:00,218.0,218.0,217.0,218.0,99354.63374364
2020-04-03 19:38:00,217.0,217.0,217.0,217.0,2.37440759
2020-04-03 19:39:00,218.0,218.0,217.0,217.0,19657.9480638
2020-04-03 19:40:00,218.0,218.0,217.0,217.0,24581.77328806
2020-04-03 19:42:00,217.0,217.0,217.0,217.0,2.37440759
2020-04-03 19:43:00,217.0,217.0,217.0,217.0,5000.0
2020-04-03 19:44:00,217.0,218.0,217.0,217.0,10836.30890674
2020-04-03 19:45:00,218.0,218.0,217.0,217.0,245.63606653
2020-04-03 19:46:00,218.0,218.0,217.0,217.0,6.96156355
2020-04-03 19:47:00,217.0,218.0,217.0,217.0,4192.399732
2020-04-03 19:48:00,218.0,218.0,217.0,218.0,326406.18731891
2020-04-03 19:49:00,218.0,218.0,217.0,217.0,33259.23970481
2020-04-03 19:50:00,218.0,218.0,217.0,217.0,69747.45431481
2020-04-03 19:51:00,217.0,218.0,217.0,218.0,52003.51900476
2020-04-03 19:52:00,217.0,218.0,217.0,217.0,5258.60743557
2020-04-03 19:53:00,218.0,218.0,217.0,217.0,100299.98232232
2020-04-03 19:54:00,218.0,218.0,217.0,218.0,15279.92234676
2020-04-03 19:55:00,218.0,218.0,217.0,217.0,8208.59014098
2020-04-03 19:56:00,218.0,218.0,218.0,218.0,81794.01857091
2020-04-03 19:57:00,218.0,218.0,218.0,218.0,402783.57398391
2020-04-03 19:58:00,218.0,218.0,218.0,218.0,14482.25694992
2020-04-03 20:00:00,218.0,218.0,218.0,218.0,13214.41737769
2020-04-03 20:01:00,218.0,219.0,218.0,219.0,14866.98619016
2020-04-03 20:02:00,219.0,219.0,218.0,218.0,19877.03346617
2020-04-03 20:03:00,218.0,218.0,217.0,218.0,658792.13274775
2020-04-03 20:04:00,217.0,218.0,217.0,218.0,39566.2651503
2020-04-03 20:05:00,218.0,218.0,217.0,218.0,215819.03456854
2020-04-03 20:06:00,218.0,218.0,217.0,218.0,19840.02126113
2020-04-03 20:07:00,218.0,219.0,217.0,218.0,1229.30884785
2020-04-03 20:08:00,218.0,218.0,218.0,218.0,32242.1495674
2020-04-03 20:09:00,218.0,218.0,218.0,218.0,5223.36254358
2020-04-03 20:11:00,218.0,218.0,218.0,218.0,6.880734
2020-04-03 20:12:00,218.0,218.0,217.0,217.0,24456.80451718
2020-04-03 20:13:00,217.0,218.0,217.0,218.0,33285.50830562
2020-04-03 20:14:00,218.0,218.0,218.0,218.0,41176.11324951
2020-04-03 20:15:00,218.0,219.0,218.0,219.0,9635.44194231
2020-04-03 20:16:00,219.0,219.0,219.0,219.0,37.27853881
2020-04-03 20:17:00,219.0,219.0,218.0,218.0,33989.0231524
2020-04-03 20:18:00,218.0,219.0,218.0,219.0,53868.73444851
2020-04-03 20:19:00,218.0,218.0,218.0,218.0,4625.09571281
2020-04-03 20:20:00,218.0,218.0,218.0,218.0,160988.71986477
2020-04-03 20:21:00,218.0,219.0,218.0,218.0,136659.98067743
2020-04-03 20:22:00,218.0,218.0,217.0,217.0,12764.86997122
2020-04-03 20:23:00,218.0,218.0,218.0,218.0,17378.40481651
2020-04-03 20:24:00,218.0,218.0,218.0,218.0,2843.65556671
2020-04-03 20:25:00,218.0,218.0,218.0,218.0,13983.94839277
2020-04-03 20:26:00,218.0,218.0,218.0,218.0,35534.34174311
2020-04-03 20:27:00,218.0,218.0,217.0,217.0,52667.59174311
2020-04-03 20:28:00,218.0,218.0,218.0,218.0,338.32317657
2020-04-03 20:29:00,218.0,218.0,217.0,217.0,112255.32145791
2020-04-03 20:30:00,218.0,219.0,218.0,219.0,230718.59848623
2020-04-03 20:31:00,219.0,219.0,219.0,219.0,4116.53196347
2020-04-03 20:32:00,219.0,219.0,219.0,219.0,5022.65410958
2020-04-03 20:33:00,219.0,219.0,219.0,219.0,9672.25297788
2020-04-03 20:34:00,219.0,219.0,218.0,218.0,335.3411215
2020-04-03 20:35:00,218.0,218.0,218.0,218.0,4312.3323131
2020-04-03 20:36:00,219.0,219.0,218.0,218.0,35585.64635886
2020-04-03 20:37:00,218.0,218.0,218.0,218.0,819.963661
2020-04-03 20:38:00,218.0,218.0,218.0,218.0,3799.44569258
2020-04-03 20:39:00,219.0,219.0,218.0,218.0,17.20339019
2020-04-03 20:40:00,218.0,219.0,218.0,218.0,26094.25529004
2020-04-03 20:41:00,219.0,219.0,219.0,219.0,479.45433675
2020-04-03 20:42:00,218.0,218.0,218.0,218.0,11481.66214047
2020-04-03 20:43:00,219.0,219.0,218.0,219.0,12431.35131991
2020-04-03 20:44:00,218.0,218.0,218.0,218.0,511102.39254421
2020-04-03 20:45:00,219.0,219.0,218.0,218.0,34156.04665673
2020-04-03 20:46:00,218.0,218.0,218.0,218.0,3890.76090298
2020-04-03 20:47:00,218.0,218.0,218.0,218.0,25765.44549649
2020-04-03 20:48:00,218.0,218.0,218.0,218.0,114.42142608
2020-04-03 20:50:00,218.0,218.0,218.0,218.0,8059.90908378
2020-04-03 20:52:00,219.0,219.0,219.0,219.0,1365.17129563
2020-04-03 20:53:00,219.0,219.0,218.0,219.0,20328.19454957
2020-04-03 20:55:00,218.0,218.0,218.0,218.0,500.0
2020-04-03 20:56:00,218.0,218.0,218.0,218.0,11000.175
2020-04-03 20:57:00,218.0,219.0,218.0,219.0,9350.06524317
2020-04-03 20:58:00,219.0,219.0,218.0,219.0,12279.46801367
2020-04-03 20:59:00,218.0,218.0,218.0,218.0,4816.51376147
2020-04-04 03:14:00,215.0,215.0,215.0,215.0,6229.94559519
2020-04-04 03:15:00,216.0,216.0,216.0,216.0,1388.19479149
2020-04-04 03:16:00,216.0,216.0,216.0,216.0,2787.41647694
2020-04-04 03:21:00,216.0,216.0,216.0,216.0,6.944444
2020-04-04 03:22:00,215.0,215.0,215.0,215.0,2.36320755
2020-04-04 03:23:00,216.0,216.0,216.0,216.0,2.4
2020-04-04 03:24:00,215.0,216.0,215.0,216.0,245.64583617
2020-04-04 03:25:00,215.0,215.0,215.0,215.0,4.76012188
2020-04-04 03:26:00,215.0,215.0,215.0,215.0,40515.85196969
2020-04-04 03:27:00,216.0,216.0,215.0,215.0,402.98332943
2020-04-04 03:28:00,216.0,216.0,215.0,215.0,49.83440759
2020-04-04 03:29:00,216.0,216.0,215.0,216.0,902.37440759
2020-04-04 03:30:00,215.0,216.0,215.0,215.0,80149.28053437
2020-04-04 03:31:00,215.0,216.0,215.0,215.0,7523.60965309
2020-04-04 03:33:00,216.0,216.0,215.0,215.0,62757.74676276
2020-04-04 03:34:00,216.0,216.0,215.0,215.0,11.80274897
2020-04-04 03:36:00,216.0,216.0,215.0,215.0,104675.74506801
2020-04-04 03:38:00,215.0,215.0,215.0,215.0,36.4
2020-04-04 03:40:00,216.0,216.0,216.0,216.0,1386.4752
2020-04-04 03:41:00,216.0,216.0,215.0,216.0,39145.07255552
2020-04-04 03:42:00,215.0,216.0,215.0,216.0,4317.17152184
2020-04-04 03:43:00,215.0,216.0,215.0,216.0,104715.30993464
2020-04-04 03:50:00,217.0,217.0,216.0,216.0,67.0
2020-04-04 03:52:00,216.0,216.0,216.0,216.0,20.0
2020-04-04 03:56:00,217.0,217.0,216.0,217.0,299.19081012
2020-04-04 03:57:00,216.0,217.0,216.0,216.0,329898.83934566
2020-04-04 03:58:00,217.0,217.0,216.0,216.0,37210.53291549
2020-04-04 03:59:00,217.0,217.0,216.0,217.0,13976.06988889
2020-04-04 04:00:00,216.0,217.0,216.0,216.0,266178.59404993
2020-04-04 04:01:00,216.0,217.0,216.0,216.0,71.61096496
2020-04-04 04:02:00,217.0,217.0,216.0,216.0,9990.8348409
2020-04-04 04:03:00,217.0,217.0,216.0,216.0,43440.30906968
2020-04-04 04:04:00,216.0,217.0,216.0,217.0,19158.04991749
2020-04-04 04:05:00,216.0,217.0,216.0,217.0,36.33909118
2020-04-04 04:06:00,216.0,217.0,216.0,216.0,12.06743291
2020-04-04 04:07:00,217.0,217.0,216.0,216.0,9.70422536
2020-04-04 04:08:00,217.0,217.0,216.0,216.0,1923.00955957
2020-04-04 04:09:00,217.0,217.0,216.0,216.0,14.11233804
2020-04-04 04:10:00,217.0,217.0,216.0,216.0,4.70411268
2020-04-04 04:13:00,217.0,217.0,216.0,216.0,77552.05934928
2020-04-04 04:14:00,217.0,218.0,216.0,217.0,240734.11835503
2020-04-04 04:15:00,217.0,217.0,216.0,216.0,54408.77332263
2020-04-04 04:18:00,216.0,216.0,216.0,216.0,1388.88888889
2020-04-04 04:21:00,216.0,216.0,216.0,216.0,27216.23464746
2020-04-04 04:27:00,217.0,217.0,216.0,216.0,7627.30955306
2020-04-04 04:28:00,217.0,217.0,216.0,216.0,39.229567
2020-04-04 04:29:00,217.0,217.0,216.0,216.0,237.91733864
2020-04-04 04:37:00,217.0,217.0,217.0,217.0,7758.23824884
2020-04-04 04:38:00,217.0,217.0,217.0,217.0,48.643706
2020-04-04 04:39:00,217.0,217.0,217.0,217.0,7239.0391705
2020-04-04 04:43:00,217.0,217.0,217.0,217.0,4.79493087
2020-04-04 04:44:00,217.0,217.0,217.0,217.0,46.05991934
2020-04-04 04:45:00,217.0,217.0,217.0,217.0,46.0829493
2020-04-04 04:48:00,217.0,217.0,216.0,216.0,5433.46196519
2020-04-04 04:49:00,217.0,217.0,216.0,216.0,7.46689418
2020-04-04 04:51:00,217.0,217.0,216.0,216.0,2189.91440759
2020-04-04 04:52:00,216.0,216.0,216.0,216.0,3232.781252
2020-04-04 04:58:00,216.0,216.0,216.0,216.0,10000.0
2020-04-04 05:00:00,217.0,217.0,217.0,217.0,80.855
2020-04-04 05:02:00,216.0,216.0,216.0,216.0,2.37440759
2020-04-04 05:03:00,216.0,216.0,216.0,216.0,128.7982
2020-04-04 05:05:00,217.0,217.0,216.0,217.0,57580.99744409
2020-04-04 05:07:00,217.0,217.0,216.0,216.0,39959.15244983
2020-04-04 05:08:00,217.0,217.0,216.0,216.0,11522.14150943
2020-04-04 05:09:00,217.0,217.0,217.0,217.0,31324.9216
2020-04-04 05:10:00,217.0,217.0,217.0,217.0,6.584e-05
2020-04-04 05:12:00,218.0,218.0,216.0,216.0,27510.10620072
2020-04-04 05:13:00,217.0,217.0,217.0,217.0,14.0
2020-04-04 05:14:00,217.0,217.0,217.0,217.0,52193.3841978
2020-04-04 05:15:00,217.0,217.0,217.0,217.0,140127.59240511
2020-04-04 05:16:00,217.0,217.0,217.0,217.0,1267.58835172
2020-04-04 05:17:00,217.0,217.0,217.0,217.0,6347.24603987
2020-04-04 05:18:00,217.0,217.0,217.0,217.0,65640.22390283
2020-04-04 05:26:00,218.0,218.0,217.0,217.0,188.45630828
2020-04-04 05:28:00,217.0,217.0,217.0,217.0,345.25
2020-04-04 05:29:00,217.0,217.0,217.0,217.0,484.94522261
2020-04-04 05:33:00,217.0,217.0,217.0,217.0,4608.29493088
2020-04-04 05:36:00,218.0,218.0,218.0,218.0,91.69727063
2020-04-04 05:37:00,217.0,217.0,217.0,217.0,58740.86730117
2020-04-04 05:38:00,217.0,217.0,217.0,217.0,25860.22012353
2020-04-04 05:39:00,217.0,217.0,217.0,217.0,26925.61718968
2020-04-04 05:42:00,217.0,217.0,216.0,216.0,9.21659022
2020-04-04 05:43:00,216.0,216.0,216.0,216.0,5069.27
2020-04-04 05:45:00,216.0,216.0,216.0,216.0,474.78586288
2020-04-04 05:48:00,217.0,217.0,217.0,217.0,2.352
2020-04-04 05:50:00,217.0,217.0,216.0,216.0,40171.1657336
2020-04-04 05:51:00,216.0,216.0,216.0,216.0,41.60906525
2020-04-04 05:52:00,217.0,217.0,217.0,217.0,1371.84863789
2020-04-04 05:53:00,216.0,216.0,216.0,216.0,925.92592593
2020-04-04 05:55:00,216.0,216.0,216.0,216.0,6473.997999
2020-04-04 05:56:00,216.0,216.0,216.0,216.0,69507.7641645
2020-04-04 05:58:00,216.0,216.0,216.0,216.0,5000.0
2020-04-04 06:01:00,216.0,216.0,216.0,216.0,2353.304
2020-04-04 06:02:00,216.0,216.0,216.0,216.0,73657.1953
2020-04-04 06:03:00,216.0,216.0,216.0,216.0,3436.31170067
2020-04-04 06:04:00,216.0,216.0,216.0,216.0,2163.52335437
2020-04-04 06:05:00,216.0,216.0,216.0,216.0,30490.3878336
2020-04-04 06:09:00,216.0,216.0,216.0,216.0,15688.6976
2020-04-04 06:12:00,216.0,216.0,216.0,216.0,418.1862557
2020-04-04 06:19:00,216.0,216.0,216.0,216.0,1184.66796875
2020-04-04 06:21:00,217.0,217.0,217.0,217.0,1842.00065865
2020-04-04 06:22:00,217.0,217.0,217.0,217.0,4608.29493088
2020-04-04 06:26:00,216.0,217.0,216.0,216.0,260.8817757
2020-04-04 06:34:00,217.0,217.0,216.0,216.0,4608.9919349
2020-04-04 06:39:00,216.0,216.0,216.0,216.0,7105.45201333
2020-04-04 06:40:00,217.0,217.0,217.0,217.0,9306.2
2020-04-04 06:42:00,216.0,216.0,216.0,216.0,367.25566018
2020-04-04 06:44:00,217.0,217.0,216.0,217.0,41231.17277
2020-04-04 06:45:00,216.0,217.0,216.0,217.0,43285.29203785
2020-04-04 06:46:00,217.0,217.0,216.0,217.0,11881.87931527
2020-04-04 06:47:00,217.0,217.0,216.0,216.0,924.0
2020-04-04 06:48:00,217.0,217.0,216.0,216.0,9.25926008
2020-04-04 06:49:00,216.0,216.0,216.0,216.0,8437.91511194
2020-04-04 06:52:00,216.0,216.0,216.0,216.0,500.0
2020-04-04 06:53:00,217.0,217.0,217.0,217.0,20574.861
2020-04-04 06:56:00,216.0,216.0,216.0,216.0,3.0
2020-04-04 07:00:00,216.0,216.0,216.0,216.0,456.63439706
2020-04-04 07:01:00,217.0,217.0,217.0,217.0,11528.99308755
2020-04-04 07:02:00,216.0,217.0,216.0,216.0,1160.95858291
2020-04-04 07:03:00,216.0,217.0,216.0,216.0,1281.46508844
2020-04-04 07:04:00,216.0,216.0,216.0,216.0,640.02328459
2020-04-04 07:08:00,217.0,217.0,216.0,217.0,502.81743778
2020-04-04 07:09:00,216.0,217.0,216.0,216.0,8.352
2020-04-04 07:11:00,217.0,217.0,216.0,216.0,1384.79758047
2020-04-04 07:13:00,217.0,217.0,216.0,216.0,10.704
2020-04-04 07:14:00,217.0,217.0,216.0,217.0,3489.63376024
2020-04-04 07:15:00,216.0,217.0,216.0,216.0,970.1817
2020-04-04 07:16:00,216.0,217.0,216.0,216.0,12.326
2020-04-04 07:17:00,217.0,217.0,216.0,216.0,602.07834101
2020-04-04 07:18:00,217.0,217.0,216.0,217.0,13.056
2020-04-04 07:19:00,216.0,216.0,216.0,216.0,602.078341
2020-04-04 07:20:00,217.0,217.0,217.0,217.0,2763.59516094
2020-04-04 07:21:00,216.0,217.0,216.0,217.0,674.32473391
2020-04-04 07:22:00,216.0,216.0,216.0,216.0,3.0
2020-04-04 07:24:00,216.0,217.0,216.0,216.0,13341.1168
2020-04-04 07:30:00,216.0,216.0,216.0,216.0,912.78561632
2020-04-04 07:31:00,216.0,216.0,216.0,216.0,537.0
2020-04-04 07:32:00,216.0,216.0,216.0,216.0,9773.55490131
2020-04-04 07:34:00,216.0,216.0,216.0,216.0,2302.99596865
2020-04-04 07:36:00,217.0,217.0,217.0,217.0,2.352
2020-04-04 07:37:00,216.0,216.0,216.0,216.0,3.0
2020-04-04 07:42:00,216.0,216.0,216.0,216.0,100.0
2020-04-04 07:43:00,217.0,217.0,216.0,216.0,2291.92776551
2020-04-04 07:46:00,217.0,217.0,217.0,217.0,1823.0
2020-04-04 07:47:00,216.0,216.0,216.0,216.0,3.0
2020-04-04 07:48:00,217.0,217.0,216.0,216.0,463.82949308
2020-04-04 07:49:00,217.0,217.0,216.0,217.0,57690.8075
2020-04-04 07:50:00,217.0,217.0,217.0,217.0,797991.11221715
2020-04-04 07:51:00,217.0,217.0,217.0,217.0,64894.75842539
2020-04-04 07:52:00,217.0,217.0,217.0,217.0,14456.27917476
2020-04-04 07:53:00,217.0,217.0,217.0,217.0,32134.63118505
2020-04-04 07:54:00,217.0,217.0,217.0,217.0,19837.04494589
2020-04-04 07:55:00,217.0,217.0,217.0,217.0,15370.98402812
2020-04-04 07:56:00,217.0,217.0,217.0,217.0,51870.98195723
2020-04-04 07:57:00,217.0,217.0,217.0,217.0,36388.98465437
2020-04-04 07:58:00,217.0,217.0,217.0,217.0,67040.44919349
2020-04-04 07:59:00,217.0,217.0,217.0,217.0,8.29493088
2020-04-04 08:00:00,217.0,217.0,217.0,217.0,1100.0
2020-04-04 08:03:00,217.0,217.0,217.0,217.0,115040.11418838
2020-04-04 08:04:00,217.0,217.0,217.0,217.0,180850.62901941
2020-04-04 08:05:00,217.0,217.0,217.0,217.0,25064.2435
2020-04-04 08:06:00,217.0,217.0,217.0,217.0,72071.36201181
2020-04-04 08:10:00,218.0,218.0,217.0,217.0,1709.6027
2020-04-04 08:12:00,217.0,218.0,217.0,218.0,1103.43406278
2020-04-04 08:14:00,217.0,218.0,217.0,218.0,25960.79504584
2020-04-04 08:17:00,217.0,217.0,217.0,217.0,25.12828092
2020-04-04 08:19:00,217.0,217.0,217.0,217.0,107959.0
2020-04-04 08:20:00,217.0,217.0,217.0,217.0,165832.96240271
2020-04-04 08:21:00,217.0,217.0,217.0,217.0,1000.00000052
2020-04-04 08:24:00,218.0,218.0,217.0,218.0,295.77283232
2020-04-04 08:25:00,218.0,218.0,218.0,218.0,7770.56651376
2020-04-04 08:26:00,218.0,218.0,218.0,218.0,1000.0
2020-04-04 08:27:00,217.0,217.0,217.0,217.0,307.05929308
2020-04-04 08:28:00,217.0,217.0,217.0,217.0,26169.58709873
2020-04-04 08:29:00,218.0,218.0,218.0,218.0,9.62844042
2020-04-04 08:30:00,217.0,217.0,217.0,217.0,12694.01146123
2020-04-04 08:31:00,217.0,218.0,217.0,218.0,4813.852
2020-04-04 08:32:00,218.0,218.0,218.0,218.0,74.74500583
2020-04-04 08:33:00,218.0,218.0,218.0,218.0,148.14152556
2020-04-04 08:34:00,217.0,218.0,217.0,218.0,15681.60660671
2020-04-04 08:35:00,217.0,217.0,217.0,217.0,2000.0
2020-04-04 08:36:00,217.0,217.0,217.0,217.0,5761.94142211
2020-04-04 08:37:00,217.0,217.0,217.0,217.0,219.8115999
2020-04-04 08:38:00,216.0,217.0,216.0,217.0,360.19081012
2020-04-04 08:40:00,216.0,216.0,216.0,216.0,289.40983412
2020-04-04 08:43:00,217.0,217.0,217.0,217.0,1000.0
2020-04-04 08:44:00,216.0,216.0,216.0,216.0,7826.47478103
2020-04-04 08:46:00,217.0,217.0,217.0,217.0,2.352
2020-04-04 08:47:00,217.0,217.0,217.0,217.0,2360.3083251
2020-04-04 08:48:00,216.0,216.0,216.0,216.0,300.0
2020-04-04 08:49:00,216.0,216.0,216.0,216.0,200.0
2020-04-04 08:50:00,216.0,216.0,216.0,216.0,6432.14908256
2020-04-04 08:51:00,216.0,216.0,216.0,216.0,150.0
2020-04-04 08:52:00,217.0,217.0,217.0,217.0,253.0
2020-04-04 08:53:00,217.0,217.0,217.0,217.0,5709.75907127
2020-04-04 08:54:00,217.0,217.0,217.0,217.0,1716.45974247
2020-04-04 08:56:00,216.0,216.0,216.0,216.0,40000.0
2020-04-04 08:57:00,217.0,217.0,216.0,217.0,332313.9467157
2020-04-04 08:58:00,217.0,217.0,216.0,217.0,44019.07100708
2020-04-04 08:59:00,217.0,217.0,217.0,217.0,51834.042
2020-04-04 17:00:00,218.0,218.0,218.0,218.0,1707.41723174
2020-04-04 17:02:00,217.0,217.0,217.0,217.0,1289.983042
2020-04-04 17:03:00,218.0,218.0,218.0,218.0,24248.53936334
2020-04-04 17:05:00,218.0,218.0,218.0,218.0,72.09239416
2020-04-04 17:07:00,218.0,218.0,217.0,217.0,3105.38303656
2020-04-04 17:08:00,217.0,217.0,217.0,217.0,6910.32849955
2020-04-04 17:09:00,218.0,218.0,217.0,217.0,9284.95992686
2020-04-04 17:10:00,217.0,218.0,217.0,218.0,1892.7823
2020-04-04 17:12:00,218.0,218.0,218.0,218.0,2669.56430041
2020-04-04 17:13:00,218.0,218.0,218.0,218.0,29045.8623899
2020-04-04 17:15:00,217.0,217.0,217.0,217.0,7547.09356686
2020-04-04 17:16:00,217.0,217.0,217.0,217.0,10585.95942186
2020-04-04 17:18:00,218.0,218.0,218.0,218.0,282.11009179
2020-04-04 17:19:00,218.0,218.0,218.0,218.0,9415.66831262
2020-04-04 17:20:00,218.0,218.0,218.0,218.0,53928.14896221
2020-04-04 17:21:00,218.0,218.0,218.0,218.0,5.04334862
2020-04-04 17:22:00,218.0,218.0,218.0,218.0,20000.0
2020-04-04 17:23:00,218.0,218.0,218.0,218.0,3511.16872629
2020-04-04 17:24:00,218.0,218.0,218.0,218.0,57098.67316513
2020-04-04 17:25:00,218.0,218.0,218.0,218.0,414.68766418
2020-04-04 17:26:00,218.0,218.0,218.0,218.0,2.93431266
2020-04-04 17:27:00,217.0,217.0,217.0,217.0,23136.57985821
2020-04-04 17:28:00,218.0,218.0,218.0,218.0,36678.90825229
2020-04-04 17:29:00,218.0,218.0,218.0,218.0,6.880734
2020-04-04 17:32:00,218.0,218.0,218.0,218.0,2292.43176576
2020-04-04 17:33:00,218.0,218.0,217.0,217.0,8329.99096781
2020-04-04 17:34:00,217.0,217.0,217.0,217.0,406.92274931
2020-04-04 17:35:00,218.0,218.0,218.0,218.0,2747.02098492
2020-04-04 17:39:00,217.0,217.0,217.0,217.0,2.32718894
2020-04-04 17:42:00,218.0,218.0,217.0,218.0,18554.49717678
2020-04-04 17:43:00,218.0,218.0,218.0,218.0,45851.05612331
2020-04-04 17:44:00,218.0,218.0,218.0,218.0,4584.86353153
2020-04-04 17:45:00,218.0,218.0,217.0,217.0,5003.0
2020-04-04 17:46:00,218.0,218.0,217.0,217.0,10895.558308
2020-04-04 17:49:00,218.0,218.0,217.0,217.0,239.83033253
2020-04-04 17:50:00,218.0,218.0,217.0,217.0,96404.79736751
2020-04-04 17:51:00,217.0,217.0,217.0,217.0,1427.80112846
2020-04-04 17:52:00,217.0,217.0,217.0,217.0,739.534789
2020-04-04 17:54:00,218.0,218.0,217.0,217.0,983.3411215
2020-04-04 17:56:00,217.0,218.0,217.0,217.0,80950.26814065
2020-04-04 17:57:00,218.0,218.0,217.0,217.0,463.40883051
2020-04-04 17:58:00,217.0,218.0,217.0,217.0,74332.65524897
2020-04-04 17:59:00,217.0,218.0,217.0,217.0,622.86988963
2020-04-04 18:01:00,217.0,217.0,217.0,217.0,24914.87241184
2020-04-04 18:02:00,217.0,217.0,217.0,217.0,517025.00070719
2020-04-04 18:03:00,217.0,217.0,217.0,217.0,42062.90344147
2020-04-04 18:04:00,217.0,218.0,217.0,217.0,33444.43866729
2020-04-04 18:05:00,217.0,217.0,217.0,217.0,85.0194
2020-04-04 18:06:00,218.0,218.0,217.0,217.0,4912.44203893
2020-04-04 18:07:00,217.0,217.0,217.0,217.0,1058.05154294
2020-04-04 18:08:00,217.0,217.0,217.0,217.0,2292.09467274
2020-04-04 18:10:00,217.0,217.0,217.0,217.0,15.0
2020-04-04 18:11:00,217.0,217.0,217.0,217.0,212280.88066431
2020-04-04 18:12:00,217.0,217.0,217.0,217.0,92010.0
2020-04-04 18:13:00,217.0,217.0,217.0,217.0,20.0
2020-04-04 18:15:00,217.0,217.0,217.0,217.0,2294.6046
2020-04-04 18:18:00,217.0,217.0,217.0,217.0,4705.40352526
2020-04-04 18:19:00,217.0,217.0,217.0,217.0,21401.0
2020-04-04 18:20:00,218.0,218.0,218.0,218.0,1146.21588288
2020-04-04 18:21:00,217.0,217.0,217.0,217.0,184.19760298
2020-04-04 18:23:00,217.0,217.0,217.0,217.0,20793.3832127
2020-04-04 18:24:00,217.0,217.0,217.0,217.0,137.185168
2020-04-04 18:27:00,217.0,217.0,217.0,217.0,4450.88253335
2020-04-04 18:28:00,217.0,217.0,217.0,217.0,868.9116
2020-04-04 18:29:00,217.0,217.0,217.0,217.0,11701.4107625
2020-04-04 18:31:00,217.0,217.0,217.0,217.0,699.84785915
2020-04-04 18:32:00,217.0,217.0,217.0,217.0,11533.18311158
2020-04-04 18:33:00,217.0,217.0,217.0,217.0,1000.0
2020-04-04 18:34:00,217.0,217.0,217.0,217.0,1072.0
2020-04-04 18:35:00,217.0,217.0,217.0,217.0,1010.0
2020-04-04 18:36:00,217.0,217.0,217.0,217.0,72.58350208
2020-04-04 18:38:00,217.0,217.0,217.0,217.0,121.63642949
2020-04-04 18:39:00,217.0,218.0,217.0,218.0,91244.52509738
2020-04-04 18:40:00,217.0,218.0,217.0,217.0,4624.69557057
2020-04-04 18:41:00,217.0,217.0,217.0,217.0,18291.76370324
2020-04-04 18:42:00,217.0,217.0,217.0,217.0,593.26780432
2020-04-04 18:45:00,218.0,218.0,217.0,218.0,807401.38169191
2020-04-04 18:46:00,219.0,219.0,219.0,219.0,40259.40702465
2020-04-04 18:47:00,219.0,219.0,219.0,219.0,203917.45833287
2020-04-04 18:48:00,219.0,219.0,218.0,218.0,1127511.13546101
2020-04-04 18:49:00,219.0,219.0,218.0,218.0,33293.80775041
2020-04-04 18:50:00,219.0,219.0,218.0,219.0,10475.91907916
2020-04-04 18:51:00,219.0,219.0,218.0,218.0,142.4350408
2020-04-04 18:52:00,219.0,219.0,219.0,219.0,609264.53833278
2020-04-04 18:53:00,219.0,219.0,218.0,218.0,175641.18816515
2020-04-04 18:54:00,219.0,219.0,218.0,218.0,73200.24409482
2020-04-04 18:55:00,219.0,219.0,218.0,219.0,124320.25603243
2020-04-04 18:56:00,219.0,220.0,218.0,218.0,87481.90444241
2020-04-04 18:57:00,219.0,219.0,218.0,218.0,1002.39712919
2020-04-04 18:58:00,218.0,219.0,218.0,218.0,46159.27227318
2020-04-04 18:59:00,219.0,219.0,218.0,218.0,5025.21676451
2020-04-04 19:00:00,218.0,219.0,218.0,219.0,104230.85933142
2020-04-04 19:01:00,219.0,219.0,219.0,219.0,36411.05016493
2020-04-04 19:02:00,219.0,219.0,219.0,219.0,33144.30323687
2020-04-04 19:03:00,219.0,220.0,219.0,219.0,112679.51182722
2020-04-04 19:04:00,219.0,219.0,218.0,218.0,92290.10276878
2020-04-04 19:06:00,219.0,219.0,218.0,218.0,57214.68364203
2020-04-04 19:07:00,219.0,219.0,218.0,218.0,4669.94386466
2020-04-04 19:08:00,219.0,219.0,219.0,219.0,2976.80606499
2020-04-04 19:09:00,219.0,219.0,219.0,219.0,232.87671232
2020-04-04 19:10:00,219.0,220.0,219.0,219.0,26631.19127866
2020-04-04 19:11:00,219.0,219.0,218.0,219.0,129246.73199407
2020-04-04 19:12:00,219.0,220.0,218.0,218.0,292868.20470307
2020-04-04 19:13:00,219.0,219.0,218.0,219.0,737.29543378
2020-04-04 19:14:00,219.0,219.0,219.0,219.0,23696.49326192
2020-04-04 19:16:00,218.0,219.0,218.0,219.0,117253.60059079
2020-04-04 19:17:00,219.0,219.0,218.0,218.0,15525.89331248
2020-04-04 19:18:00,218.0,219.0,218.0,218.0,2922.55294723
2020-04-04 19:20:00,218.0,219.0,218.0,218.0,10356.3890779
2020-04-04 19:21:00,218.0,218.0,218.0,218.0,9000.0
2020-04-04 19:22:00,219.0,219.0,218.0,219.0,291626.55402954
2020-04-04 19:23:00,219.0,219.0,218.0,219.0,137133.97779988
2020-04-04 19:24:00,218.0,219.0,218.0,218.0,9.77142858
2020-04-04 19:25:00,219.0,220.0,218.0,220.0,65406.88506481
2020-04-04 19:26:00,219.0,219.0,218.0,219.0,144811.57034474
2020-04-04 19:27:00,219.0,219.0,219.0,219.0,9729.33274257
2020-04-04 19:28:00,219.0,219.0,218.0,218.0,16824.2728987
2020-04-04 19:29:00,218.0,218.0,218.0,218.0,109480.22934813
2020-04-04 19:30:00,219.0,219.0,218.0,219.0,388943.75961746
2020-04-04 19:31:00,220.0,220.0,219.0,220.0,48041.96909845
2020-04-04 19:32:00,219.0,220.0,218.0,218.0,20395.15052581
2020-04-04 19:33:00,218.0,219.0,218.0,218.0,773.45121009
2020-04-04 19:34:00,219.0,219.0,218.0,218.0,255.43203884
2020-04-04 19:35:00,219.0,219.0,219.0,219.0,8640.48341126
2020-04-04 19:36:00,218.0,218.0,218.0,218.0,2.43203884
2020-04-04 19:37:00,219.0,219.0,219.0,219.0,1500.0
2020-04-04 19:38:00,218.0,219.0,218.0,218.0,41.37550233
2020-04-04 19:39:00,218.0,218.0,218.0,218.0,51.68607524
2020-04-04 19:40:00,218.0,219.0,218.0,219.0,349.11166598
2020-04-04 19:41:00,219.0,219.0,218.0,218.0,22822.07244694
2020-04-04 19:42:00,218.0,219.0,218.0,219.0,118605.9364073
2020-04-04 19:43:00,219.0,219.0,218.0,219.0,346516.92770681
2020-04-04 19:44:00,219.0,220.0,219.0,219.0,12867.9382358
2020-04-04 19:45:00,219.0,220.0,219.0,219.0,25464.9973851
2020-04-04 19:46:00,219.0,220.0,219.0,219.0,178576.70124901
2020-04-04 19:47:00,219.0,220.0,219.0,220.0,235.48200377
2020-04-04 19:48:00,219.0,220.0,219.0,219.0,28836.59130117
2020-04-04 19:49:00,220.0,220.0,219.0,220.0,97.26038401
2020-04-04 19:50:00,219.0,220.0,219.0,219.0,12206.17702525
2020-04-04 19:51:00,220.0,220.0,219.0,219.0,94.79679481
2020-04-04 19:52:00,220.0,220.0,219.0,219.0,205546.91409461
2020-04-04 19:53:00,219.0,220.0,219.0,219.0,131171.38497118
2020-04-04 19:54:00,219.0,219.0,219.0,219.0,27879.81993797
2020-04-04 19:55:00,219.0,220.0,219.0,219.0,2923.65438527
2020-04-04 19:56:00,219.0,219.0,219.0,219.0,173873.15556064
2020-04-04 19:57:00,219.0,219.0,218.0,219.0,63890.42556136
2020-04-04 19:58:00,218.0,220.0,218.0,218.0,52188.69065989
2020-04-04 19:59:00,220.0,220.0,218.0,218.0,2674.51768461
2020-04-04 20:00:00,219.0,220.0,218.0,220.0,156583.43628023
2020-04-04 20:01:00,218.0,220.0,218.0,218.0,1004.80875577
2020-04-04 20:03:00,219.0,219.0,219.0,219.0,1146.78899083
2020-04-04 20:04:00,219.0,219.0,219.0,219.0,25825.26693274
2020-04-04 20:05:00,219.0,219.0,219.0,219.0,547.67136979
2020-04-04 20:06:00,219.0,219.0,218.0,218.0,531.849315
2020-04-04 20:07:00,219.0,219.0,219.0,219.0,1100.91743119
2020-04-04 20:08:00,219.0,219.0,219.0,219.0,2000.0
2020-04-04 20:09:00,218.0,219.0,218.0,219.0,99280.40833019
2020-04-04 20:10:00,219.0,219.0,218.0,219.0,13552.77001649
2020-04-04 20:11:00,219.0,219.0,219.0,219.0,12680.53424657
2020-04-04 20:12:00,218.0,219.0,218.0,219.0,3231.65063151
2020-04-04 20:13:00,219.0,219.0,219.0,219.0,5070.04488622
2020-04-04 20:14:00,219.0,219.0,219.0,219.0,84.14970596
2020-04-04 20:15:00,219.0,219.0,219.0,219.0,18819.13837601
2020-04-04 20:16:00,219.0,219.0,219.0,219.0,4563.92808162
2020-04-04 20:17:00,219.0,219.0,219.0,219.0,106.849315
2020-04-04 20:18:00,219.0,219.0,219.0,219.0,9.0
2020-04-04 20:20:00,218.0,219.0,218.0,218.0,5899.2134194
2020-04-04 20:21:00,219.0,219.0,219.0,219.0,4.56621004
2020-04-04 20:22:00,219.0,219.0,219.0,219.0,4566.21004566
2020-04-04 20:23:00,219.0,219.0,219.0,219.0,210.60958904
2020-04-04 20:24:00,219.0,219.0,219.0,219.0,4100.0
2020-04-04 20:25:00,218.0,219.0,218.0,219.0,4890.16129966
2020-04-04 20:28:00,219.0,219.0,219.0,219.0,40586.63248276
2020-04-04 20:30:00,218.0,219.0,218.0,219.0,25206.27484844
2020-04-04 20:31:00,218.0,219.0,218.0,219.0,2023.12141927
2020-04-04 20:32:00,219.0,219.0,219.0,219.0,23698.27054794
2020-04-04 20:33:00,218.0,219.0,218.0,219.0,178.30402866
2020-04-04 20:34:00,219.0,219.0,219.0,219.0,5240.59431471
2020-04-04 20:36:00,218.0,219.0,218.0,219.0,404.06854791
2020-04-04 20:39:00,218.0,218.0,217.0,218.0,1228284.16410568
2020-04-04 20:40:00,217.0,217.0,217.0,217.0,201504.45425847
2020-04-04 20:41:00,217.0,217.0,216.0,216.0,645027.18724522
2020-04-04 20:42:00,217.0,217.0,217.0,217.0,122226.93196494
2020-04-04 20:43:00,217.0,217.0,216.0,216.0,36542.08957107
2020-04-04 20:44:00,217.0,217.0,217.0,217.0,55394.46996239
2020-04-04 20:45:00,217.0,217.0,216.0,217.0,176895.04548153
2020-04-04 20:46:00,217.0,217.0,216.0,216.0,240438.1546368
2020-04-04 20:47:00,217.0,217.0,216.0,217.0,148037.40948642
2020-04-04 20:48:00,216.0,218.0,216.0,217.0,143140.01759883
2020-04-04 20:49:00,217.0,218.0,217.0,218.0,28324.48295454
2020-04-04 20:50:00,218.0,218.0,217.0,217.0,414.74654378
2020-04-04 20:51:00,217.0,218.0,217.0,218.0,209834.66915756
2020-04-04 20:52:00,217.0,217.0,216.0,217.0,39805.45747643
2020-04-04 20:53:00,217.0,217.0,217.0,217.0,24676.57589175
2020-04-04 20:54:00,216.0,216.0,216.0,216.0,2.37440759
2020-04-04 20:55:00,217.0,217.0,217.0,217.0,846.14285714
2020-04-04 20:56:00,217.0,217.0,216.0,216.0,1894.46164021
2020-04-04 20:57:00,217.0,217.0,216.0,216.0,57649.77645053
2020-04-04 20:58:00,217.0,217.0,216.0,217.0,16108.57926267
2020-04-04 20:59:00,217.0,217.0,217.0,217.0,46.05991934
2020-04-05 02:30:00,217.0,217.0,217.0,217.0,7618.0
2020-04-05 02:32:00,218.0,218.0,218.0,218.0,230.09137633
2020-04-05 02:33:00,218.0,218.0,218.0,218.0,1430.11521761
2020-04-05 02:34:00,218.0,218.0,217.0,217.0,151.78298962
2020-04-05 02:40:00,218.0,218.0,217.0,217.0,861.32111467
2020-04-05 02:41:00,217.0,217.0,217.0,217.0,2646.3247785
2020-04-05 02:44:00,217.0,217.0,217.0,217.0,4866.51118885
2020-04-05 02:49:00,217.0,217.0,217.0,217.0,7300.0
2020-04-05 02:52:00,218.0,218.0,218.0,218.0,55250.77369572
2020-04-05 02:53:00,217.0,217.0,217.0,217.0,3.0
2020-04-05 02:54:00,217.0,217.0,217.0,217.0,7.28436754
2020-04-05 02:56:00,218.0,218.0,217.0,217.0,62.40865385
2020-04-05 03:02:00,218.0,218.0,218.0,218.0,796.3311922
2020-04-05 03:03:00,217.0,218.0,217.0,218.0,415.05800769
2020-04-05 03:06:00,218.0,218.0,218.0,218.0,786.01965065
2020-04-05 03:07:00,217.0,217.0,217.0,217.0,102108.0
2020-04-05 03:09:00,217.0,217.0,217.0,217.0,628.4328
2020-04-05 03:11:00,217.0,217.0,217.0,217.0,4116.65910854
2020-04-05 03:13:00,217.0,217.0,217.0,217.0,1480.04918339
2020-04-05 03:17:00,217.0,217.0,217.0,217.0,155.36401335
2020-04-05 03:23:00,217.0,217.0,217.0,217.0,35.60903
2020-04-05 03:25:00,217.0,217.0,217.0,217.0,40.0
2020-04-05 03:26:00,218.0,218.0,218.0,218.0,6.0
2020-04-05 03:27:00,218.0,218.0,218.0,218.0,2781.46706463
2020-04-05 03:28:00,217.0,217.0,217.0,217.0,2.40865385
2020-04-05 03:32:00,217.0,217.0,217.0,217.0,263.70578409
2020-04-05 03:38:00,217.0,217.0,217.0,217.0,17000.0
2020-04-05 03:39:00,218.0,218.0,218.0,218.0,2761.77966062
2020-04-05 03:41:00,218.0,218.0,218.0,218.0,55.267828
2020-04-05 03:42:00,217.0,218.0,217.0,217.0,24.82894371
2020-04-05 03:43:00,218.0,218.0,217.0,217.0,172.42028986
2020-04-05 03:45:00,218.0,218.0,218.0,218.0,4584.86353153
2020-04-05 03:49:00,218.0,218.0,217.0,217.0,1146.78899082
2020-04-05 03:53:00,217.0,217.0,217.0,217.0,37.14048922
2020-04-05 03:54:00,217.0,217.0,217.0,217.0,12.0
2020-04-05 03:55:00,218.0,218.0,217.0,217.0,205.42028986
2020-04-05 03:57:00,218.0,218.0,218.0,218.0,1375.45871559
2020-04-05 04:01:00,217.0,217.0,217.0,217.0,2.42028986
2020-04-05 04:03:00,217.0,217.0,217.0,217.0,194.8282
2020-04-05 04:08:00,218.0,218.0,218.0,218.0,5.0
2020-04-05 04:11:00,217.0,217.0,217.0,217.0,172.01834862
2020-04-05 04:12:00,218.0,218.0,217.0,217.0,8671.32975943
2020-04-05 04:13:00,218.0,218.0,218.0,218.0,2327.00622165
2020-04-05 04:14:00,217.0,217.0,217.0,217.0,96.7603211
2020-04-05 04:15:00,217.0,217.0,217.0,217.0,163.3
2020-04-05 04:18:00,217.0,217.0,217.0,217.0,50466.02219711
2020-04-05 04:19:00,217.0,217.0,217.0,217.0,3413.46179967
2020-04-05 04:20:00,217.0,217.0,217.0,217.0,6365.23476685
2020-04-05 04:21:00,217.0,217.0,217.0,217.0,127256.70132503
2020-04-05 04:22:00,217.0,217.0,217.0,217.0,449.33167009
2020-04-05 04:26:00,217.0,217.0,217.0,217.0,100267.7
2020-04-05 04:27:00,218.0,218.0,217.0,217.0,148.14048165
2020-04-05 04:29:00,217.0,217.0,217.0,217.0,3.0
2020-04-05 04:32:00,218.0,218.0,217.0,217.0,458.98421211
2020-04-05 04:42:00,217.0,217.0,217.0,217.0,104324.35849518
2020-04-05 04:46:00,218.0,218.0,217.0,217.0,52.37440759
2020-04-05 04:47:00,218.0,218.0,217.0,217.0,465.45693097
2020-04-05 04:54:00,217.0,217.0,217.0,217.0,4609.63100016
2020-04-05 04:58:00,218.0,218.0,217.0,217.0,1198.14437682
2020-04-05 05:03:00,217.0,217.0,217.0,217.0,220.8053
2020-04-05 05:04:00,218.0,218.0,217.0,217.0,458.99541215
2020-04-05 05:08:00,218.0,218.0,217.0,217.0,470.99541215
2020-04-05 05:10:00,218.0,218.0,217.0,217.0,6409.11140606
2020-04-05 05:15:00,217.0,217.0,217.0,217.0,2027.64976959
2020-04-05 05:23:00,218.0,218.0,217.0,217.0,3641.06178909
2020-04-05 05:26:00,218.0,219.0,217.0,218.0,590971.49987608
2020-04-05 05:27:00,219.0,219.0,219.0,219.0,852.74822271
2020-04-05 05:28:00,219.0,219.0,219.0,219.0,26311.05451714
2020-04-05 05:29:00,218.0,219.0,218.0,219.0,1634.88340312
2020-04-05 05:30:00,219.0,219.0,219.0,219.0,23661.02031963
2020-04-05 05:31:00,219.0,219.0,219.0,219.0,167349.1945
2020-04-05 05:32:00,219.0,219.0,218.0,218.0,17485.77613623
2020-04-05 05:33:00,218.0,219.0,218.0,218.0,131747.39959893
2020-04-05 05:34:00,218.0,218.0,217.0,217.0,361703.67575531
2020-04-05 05:35:00,216.0,216.0,216.0,216.0,71889.78546464
2020-04-05 05:36:00,216.0,217.0,216.0,216.0,146641.04232373
2020-04-05 05:37:00,216.0,216.0,216.0,216.0,18326.50594503
2020-04-05 05:39:00,217.0,217.0,216.0,216.0,475.60368663
2020-04-05 05:42:00,217.0,217.0,216.0,217.0,49732.65755738
2020-04-05 05:43:00,216.0,216.0,216.0,216.0,3.0
2020-04-05 05:44:00,216.0,216.0,216.0,216.0,3445.14378755
2020-04-05 05:45:00,217.0,217.0,216.0,216.0,38254.92472887
2020-04-05 05:46:00,217.0,217.0,216.0,216.0,3197.73732718
2020-04-05 05:48:00,217.0,217.0,216.0,217.0,23061.65500428
2020-04-05 05:49:00,216.0,217.0,216.0,216.0,49477.33345769
2020-04-05 05:50:00,217.0,217.0,216.0,217.0,108827.08823797
2020-04-05 05:51:00,218.0,218.0,217.0,217.0,80308.96004276
2020-04-05 05:52:00,217.0,217.0,217.0,217.0,4.74881518
2020-04-05 05:54:00,217.0,217.0,217.0,217.0,37713.90637605
2020-04-05 05:56:00,217.0,217.0,217.0,217.0,59980.17408611
2020-04-05 05:58:00,217.0,217.0,217.0,217.0,4753.1348481
2020-04-05 05:59:00,217.0,217.0,217.0,217.0,47218.43409388
2020-04-05 06:00:00,217.0,217.0,217.0,217.0,336.27056096
2020-04-05 06:01:00,218.0,218.0,217.0,217.0,4590.23793912
2020-04-05 06:03:00,217.0,217.0,217.0,217.0,4913.54394423
2020-04-05 06:05:00,217.0,217.0,217.0,217.0,8291.03226163
2020-04-05 06:06:00,218.0,218.0,217.0,217.0,6.0
2020-04-05 06:08:00,217.0,217.0,217.0,217.0,11580.62844036
2020-04-05 06:14:00,217.0,217.0,217.0,217.0,6285.48051139
2020-04-05 06:15:00,217.0,217.0,217.0,217.0,49406.9778332
2020-04-05 06:16:00,217.0,217.0,217.0,217.0,18760.18212092
2020-04-05 06:23:00,218.0,218.0,217.0,217.0,6393.76090889
2020-04-05 06:24:00,218.0,218.0,217.0,217.0,17452.42569691
2020-04-05 06:28:00,218.0,218.0,217.0,217.0,180519.27593702
2020-04-05 06:29:00,217.0,217.0,217.0,217.0,23.60988576
2020-04-05 06:30:00,218.0,218.0,217.0,217.0,147572.90737206
2020-04-05 06:31:00,217.0,217.0,217.0,217.0,30.72169815
2020-04-05 06:32:00,218.0,218.0,217.0,217.0,6060.96523327
2020-04-05 06:35:00,218.0,218.0,217.0,217.0,25.3101874
2020-04-05 06:37:00,217.0,217.0,217.0,217.0,688.27087604
2020-04-05 06:42:00,218.0,218.0,217.0,217.0,6981.99927405
2020-04-05 06:44:00,217.0,218.0,217.0,217.0,17.37440759
2020-04-05 06:45:00,218.0,218.0,217.0,217.0,1973.66952455
2020-04-05 06:46:00,218.0,218.0,217.0,217.0,5.34229749
2020-04-05 06:48:00,218.0,218.0,217.0,217.0,5.34081429
2020-04-05 06:56:00,217.0,218.0,217.0,218.0,14225.30931383
2020-04-05 06:57:00,217.0,217.0,217.0,217.0,2.37440759
2020-04-05 06:58:00,217.0,218.0,217.0,217.0,17.38571429
2020-04-05 06:59:00,218.0,218.0,217.0,217.0,1246.73846409
2020-04-05 07:00:00,218.0,218.0,217.0,217.0,31.33699051
2020-04-05 07:02:00,218.0,218.0,217.0,217.0,4.88571429
2020-04-05 07:03:00,217.0,217.0,217.0,217.0,250.5707
2020-04-05 07:05:00,217.0,218.0,217.0,217.0,1274.67170027
2020-04-05 07:07:00,218.0,218.0,217.0,217.0,5.37440759
2020-04-05 07:09:00,217.0,217.0,217.0,217.0,16915.86282416
2020-04-05 07:10:00,217.0,218.0,217.0,218.0,1964.09908996
2020-04-05 07:11:00,218.0,218.0,217.0,217.0,1424.442944
2020-04-05 07:12:00,218.0,218.0,217.0,218.0,1188.4623147
2020-04-05 07:14:00,217.0,217.0,217.0,217.0,752.467442
2020-04-05 07:15:00,218.0,218.0,218.0,218.0,42379.58085177
2020-04-05 07:16:00,217.0,217.0,217.0,217.0,3.0
2020-04-05 07:19:00,217.0,218.0,217.0,217.0,3514.35211268
2020-04-05 07:20:00,218.0,218.0,217.0,217.0,505.3411215
2020-04-05 07:21:00,217.0,218.0,217.0,217.0,474.62509978
2020-04-05 07:22:00,218.0,218.0,217.0,217.0,4.87440759
2020-04-05 07:24:00,217.0,217.0,217.0,217.0,746.56323638
2020-04-05 07:25:00,218.0,218.0,217.0,217.0,17811.66645727
2020-04-05 07:27:00,217.0,218.0,217.0,217.0,696.96156355
2020-04-05 07:30:00,218.0,218.0,218.0,218.0,298229.81291986
2020-04-05 07:32:00,218.0,218.0,218.0,218.0,47080.0
2020-04-05 07:34:00,219.0,219.0,218.0,218.0,1825.01136928
2020-04-05 07:39:00,219.0,219.0,218.0,218.0,27.4518538
2020-04-05 07:41:00,218.0,219.0,218.0,219.0,1100.0
2020-04-05 07:42:00,219.0,219.0,219.0,219.0,10100.0
2020-04-05 07:44:00,219.0,219.0,219.0,219.0,20.642491
2020-04-05 07:48:00,219.0,219.0,219.0,219.0,100.0
2020-04-05 07:49:00,219.0,219.0,218.0,218.0,10506.76031847
2020-04-05 07:50:00,218.0,218.0,218.0,218.0,23698.27054794
2020-04-05 07:51:00,218.0,218.0,218.0,218.0,141155.03382464
2020-04-05 07:52:00,218.0,218.0,217.0,217.0,462749.70339221
2020-04-05 07:53:00,218.0,218.0,217.0,217.0,581.1129397
2020-04-05 07:55:00,218.0,218.0,217.0,217.0,517.3445238
2020-04-05 08:00:00,218.0,218.0,217.0,217.0,94.99252684
2020-04-05 08:01:00,218.0,218.0,217.0,217.0,4259.6861187
2020-04-05 08:02:00,218.0,218.0,217.0,217.0,1425.44477775
2020-04-05 08:03:00,217.0,217.0,217.0,217.0,233.8423
2020-04-05 08:06:00,218.0,218.0,217.0,217.0,572.35632681
2020-04-05 08:07:00,218.0,218.0,217.0,218.0,270292.31625043
2020-04-05 08:08:00,218.0,218.0,218.0,218.0,128.754481
2020-04-05 08:09:00,218.0,218.0,218.0,218.0,5675.83253387
2020-04-05 08:10:00,218.0,218.0,218.0,218.0,2000.0
2020-04-05 08:11:00,218.0,218.0,218.0,218.0,22691.93709688
2020-04-05 08:12:00,218.0,218.0,218.0,218.0,4004.5295
2020-04-05 08:13:00,218.0,218.0,218.0,218.0,3439.79386453
2020-04-05 08:15:00,217.0,217.0,217.0,217.0,20721.92543846
2020-04-05 08:16:00,217.0,217.0,217.0,217.0,52.26811103
2020-04-05 08:17:00,217.0,217.0,217.0,217.0,1544.204
2020-04-05 08:18:00,218.0,218.0,218.0,218.0,2267.45342924
2020-04-05 08:20:00,218.0,218.0,217.0,217.0,7537.39629105
2020-04-05 08:21:00,218.0,218.0,218.0,218.0,3897.1340018
2020-04-05 08:23:00,218.0,218.0,218.0,218.0,30045.84863531
2020-04-05 08:25:00,217.0,218.0,217.0,218.0,3708.49569013
2020-04-05 08:27:00,218.0,218.0,218.0,218.0,845.40298658
2020-04-05 08:28:00,218.0,218.0,218.0,218.0,13669.96202563
2020-04-05 08:29:00,218.0,218.0,218.0,218.0,50000.0
2020-04-05 08:31:00,218.0,218.0,218.0,218.0,5170.90078813
2020-04-05 08:32:00,218.0,218.0,217.0,218.0,23711.35835329
2020-04-05 08:33:00,218.0,218.0,218.0,218.0,6000.0
2020-04-05 08:34:00,218.0,218.0,218.0,218.0,760.24885321
2020-04-05 08:35:00,218.0,218.0,218.0,218.0,21055.78899082
2020-04-05 08:36:00,218.0,218.0,218.0,218.0,10000.0
2020-04-05 08:37:00,218.0,218.0,218.0,218.0,8093.35435779
2020-04-05 08:38:00,218.0,218.0,218.0,218.0,21542.44151375
2020-04-05 08:39:00,217.0,218.0,217.0,217.0,14630.10023683
2020-04-05 08:40:00,218.0,218.0,218.0,218.0,28892.28899082
2020-04-05 08:41:00,218.0,218.0,218.0,218.0,76690.74344478
2020-04-05 08:42:00,218.0,218.0,218.0,218.0,5177.0903539
2020-04-05 08:43:00,218.0,218.0,218.0,218.0,8054.99085318
2020-04-05 08:44:00,217.0,217.0,217.0,217.0,2132.51501711
2020-04-05 08:47:00,218.0,218.0,218.0,218.0,7971.48214883
2020-04-05 08:48:00,218.0,218.0,218.0,218.0,45.87155963
2020-04-05 08:49:00,218.0,218.0,218.0,218.0,2704.83302752
2020-04-05 08:50:00,218.0,218.0,218.0,218.0,1013.793176
2020-04-05 08:51:00,218.0,218.0,218.0,218.0,7060.5201986
2020-04-05 08:52:00,217.0,217.0,217.0,217.0,2132.51501711
2020-04-05 08:53:00,218.0,218.0,218.0,218.0,13754.58715596
2020-04-05 08:54:00,218.0,218.0,218.0,218.0,810.57207724
2020-04-05 08:55:00,218.0,218.0,218.0,218.0,3873.72827347
2020-04-05 08:57:00,218.0,218.0,218.0,218.0,67677.45485055
2020-04-05 08:59:00,218.0,219.0,218.0,219.0,22162.48334739
2020-04-05 16:39:00,217.0,217.0,217.0,217.0,3999.75
2020-04-05 16:41:00,217.0,217.0,217.0,217.0,10265.24600613
2020-04-05 16:43:00,218.0,218.0,218.0,218.0,487.81657106
2020-04-05 16:44:00,217.0,217.0,217.0,217.0,29.46701504
2020-04-05 16:45:00,217.0,217.0,217.0,217.0,1380.0
2020-04-05 16:47:00,217.0,217.0,217.0,217.0,3488.42240414
2020-04-05 16:48:00,217.0,218.0,217.0,218.0,4593.90710951
2020-04-05 16:49:00,218.0,218.0,218.0,218.0,100.0
2020-04-05 16:50:00,218.0,218.0,218.0,218.0,18.0
2020-04-05 16:52:00,218.0,218.0,218.0,218.0,200.0
2020-04-05 16:54:00,218.0,218.0,217.0,217.0,682.35661799
2020-04-05 16:55:00,218.0,218.0,217.0,218.0,3942.40686699
2020-04-05 16:56:00,218.0,218.0,218.0,218.0,22131.75522329
2020-04-05 16:57:00,217.0,218.0,217.0,218.0,25.59077198
2020-04-05 16:59:00,217.0,218.0,217.0,218.0,17331.17309744
2020-04-05 17:00:00,218.0,218.0,218.0,218.0,0.59633027
2020-04-05 17:01:00,217.0,217.0,217.0,217.0,992.381004
2020-04-05 17:02:00,217.0,218.0,217.0,218.0,3932.225858
2020-04-05 17:03:00,217.0,218.0,217.0,218.0,236.8423
2020-04-05 17:04:00,217.0,218.0,217.0,217.0,2006.36836627
2020-04-05 17:08:00,217.0,218.0,217.0,218.0,7346.03921785
2020-04-05 17:09:00,217.0,217.0,217.0,217.0,43728.105
2020-04-05 17:10:00,218.0,218.0,218.0,218.0,3.0
2020-04-05 17:11:00,218.0,218.0,218.0,218.0,100.0
2020-04-05 17:13:00,217.0,218.0,217.0,218.0,2599.52539417
2020-04-05 17:14:00,218.0,218.0,218.0,218.0,45883.03096157
2020-04-05 17:16:00,218.0,218.0,218.0,218.0,5.04334862
2020-04-05 17:17:00,217.0,217.0,217.0,217.0,7244.35
2020-04-05 17:18:00,217.0,217.0,217.0,217.0,77594.35575498
2020-04-05 17:19:00,217.0,217.0,217.0,217.0,31866.31675032
2020-04-05 17:20:00,218.0,218.0,217.0,217.0,7850.20745571
2020-04-05 17:21:00,218.0,218.0,217.0,217.0,122.69396293
2020-04-05 17:22:00,218.0,218.0,218.0,218.0,3.40798763
2020-04-05 17:23:00,217.0,218.0,217.0,218.0,3015.0
2020-04-05 17:24:00,217.0,218.0,217.0,218.0,2008.05669388
2020-04-05 17:25:00,218.0,218.0,218.0,218.0,458.48623853
2020-04-05 17:27:00,218.0,218.0,218.0,218.0,138725.20620423
2020-04-05 17:28:00,218.0,218.0,218.0,218.0,1420.02393172
2020-04-05 17:29:00,218.0,218.0,218.0,218.0,1375.45905946
2020-04-05 17:30:00,218.0,218.0,218.0,218.0,39.57385062
2020-04-05 17:31:00,218.0,218.0,218.0,218.0,8129.04098409
2020-04-05 17:34:00,218.0,218.0,218.0,218.0,70702.59174312
2020-04-05 17:35:00,218.0,218.0,218.0,218.0,580313.24688571
2020-04-05 17:36:00,218.0,218.0,218.0,218.0,5.04334862
2020-04-05 17:37:00,218.0,218.0,218.0,218.0,2072.75711226
2020-04-05 17:38:00,218.0,218.0,218.0,218.0,5.04334862
2020-04-05 17:40:00,218.0,218.0,218.0,218.0,3103.32087155
2020-04-05 17:41:00,218.0,218.0,218.0,218.0,6.880734
2020-04-05 17:42:00,217.0,217.0,217.0,217.0,3268.97560054
2020-04-05 17:44:00,217.0,217.0,217.0,217.0,82.8
2020-04-05 17:47:00,217.0,217.0,217.0,217.0,545.9
2020-04-05 17:48:00,218.0,218.0,218.0,218.0,86983.56766055
2020-04-05 17:50:00,218.0,218.0,218.0,218.0,229.35779816
2020-04-05 17:51:00,218.0,218.0,218.0,218.0,4.58715596
2020-04-05 17:52:00,218.0,218.0,218.0,218.0,1376.280734
2020-04-05 17:54:00,217.0,217.0,217.0,217.0,350.0
2020-04-05 17:55:00,218.0,218.0,218.0,218.0,3.05299539
2020-04-05 17:56:00,218.0,218.0,218.0,218.0,3180.16129549
2020-04-05 17:58:00,218.0,218.0,217.0,217.0,1513.76146788
2020-04-05 17:59:00,217.0,218.0,217.0,218.0,319.91962747
2020-04-05 18:00:00,217.0,217.0,217.0,217.0,123.85321101
2020-04-05 18:02:00,217.0,218.0,217.0,217.0,871.4976915
2020-04-05 18:05:00,218.0,218.0,217.0,217.0,114.08027636
2020-04-05 18:06:00,218.0,218.0,218.0,218.0,2292.43176576
2020-04-05 18:07:00,217.0,218.0,217.0,218.0,1223.84299082
2020-04-05 18:08:00,218.0,218.0,217.0,217.0,303.15022936
2020-04-05 18:09:00,218.0,218.0,217.0,217.0,711.07826835
2020-04-05 18:11:00,218.0,218.0,218.0,218.0,1385.39866596
2020-04-05 18:12:00,218.0,218.0,217.0,217.0,51009.74954088
2020-04-05 18:14:00,217.0,218.0,217.0,218.0,323972.09430795
2020-04-05 18:15:00,218.0,218.0,218.0,218.0,426109.93484031
2020-04-05 18:16:00,218.0,218.0,217.0,217.0,52985.17700119
2020-04-05 18:17:00,218.0,218.0,218.0,218.0,1166.92345179
2020-04-05 18:18:00,218.0,218.0,218.0,218.0,200.0
2020-04-05 18:19:00,217.0,218.0,217.0,218.0,36868.65571245
2020-04-05 18:20:00,217.0,217.0,217.0,217.0,121.40800603
2020-04-05 18:22:00,218.0,218.0,218.0,218.0,55466.10550458
2020-04-05 18:23:00,218.0,218.0,218.0,218.0,14004.19293336
2020-04-05 18:24:00,218.0,218.0,217.0,218.0,191321.48004271
2020-04-05 18:25:00,218.0,218.0,218.0,218.0,4760.2966623
2020-04-05 18:26:00,218.0,218.0,218.0,218.0,83772.01864106
2020-04-05 18:27:00,218.0,218.0,218.0,218.0,1541.89157569
2020-04-05 18:28:00,218.0,218.0,217.0,217.0,672.25354537
2020-04-05 18:29:00,218.0,218.0,217.0,217.0,1002.30504587
2020-04-05 18:30:00,218.0,218.0,218.0,218.0,1788.2912844
2020-04-05 18:31:00,217.0,217.0,217.0,217.0,2.37440759
2020-04-05 18:32:00,218.0,218.0,217.0,217.0,361.63514419
2020-04-05 18:33:00,218.0,218.0,218.0,218.0,7700.612
2020-04-05 18:34:00,218.0,218.0,217.0,217.0,767.29495275
2020-04-05 18:36:00,218.0,218.0,217.0,217.0,38570.94964242
2020-04-05 18:42:00,217.0,217.0,217.0,217.0,19908.67579908
2020-04-05 18:44:00,218.0,218.0,217.0,217.0,458488.71636124
2020-04-05 18:45:00,218.0,218.0,217.0,217.0,38804.60088664
2020-04-05 18:46:00,217.0,218.0,217.0,217.0,22.2264151
2020-04-05 18:48:00,217.0,217.0,217.0,217.0,20000.0
2020-04-05 18:49:00,218.0,218.0,217.0,217.0,20004.86320755
2020-04-05 18:50:00,217.0,218.0,217.0,218.0,5304.06253535
2020-04-05 18:51:00,217.0,217.0,217.0,217.0,2.36320755
2020-04-05 18:53:00,218.0,218.0,218.0,218.0,2.5
2020-04-05 18:54:00,217.0,217.0,217.0,217.0,6960.02598756
2020-04-05 18:55:00,218.0,218.0,218.0,218.0,4584.86353153
2020-04-05 18:57:00,218.0,218.0,218.0,218.0,50.0
2020-04-05 18:58:00,217.0,217.0,217.0,217.0,5360.0
2020-04-05 18:59:00,217.0,218.0,217.0,218.0,523.0
2020-04-05 19:00:00,217.0,218.0,217.0,218.0,9008.5
2020-04-05 19:01:00,217.0,218.0,217.0,217.0,9006.0
2020-04-05 19:02:00,217.0,218.0,217.0,217.0,51804.972812
2020-04-05 19:03:00,218.0,218.0,217.0,217.0,9788.17688691
2020-04-05 19:04:00,218.0,218.0,217.0,217.0,41552.89710717
2020-04-05 19:05:00,217.0,218.0,217.0,217.0,22055.893661
2020-04-05 19:06:00,218.0,218.0,217.0,217.0,10002.4
2020-04-05 19:07:00,218.0,218.0,217.0,217.0,11129.64421355
2020-04-05 19:08:00,218.0,218.0,217.0,217.0,51214.99852292
2020-04-05 19:09:00,217.0,217.0,217.0,217.0,16015.78176172
2020-04-05 19:10:00,217.0,218.0,217.0,217.0,118749.27253414
2020-04-05 19:11:00,217.0,217.0,217.0,217.0,2755.88104377
2020-04-05 19:12:00,218.0,218.0,217.0,217.0,1872.62698243
2020-04-05 19:13:00,217.0,217.0,217.0,217.0,38645.23753068
2020-04-05 19:14:00,218.0,218.0,217.0,217.0,16691.11481088
2020-04-05 19:15:00,217.0,217.0,217.0,217.0,9172.22054988
2020-04-05 19:16:00,217.0,217.0,217.0,217.0,7677.43647443
2020-04-05 19:17:00,217.0,218.0,217.0,217.0,22268.91144404
2020-04-05 19:18:00,217.0,217.0,217.0,217.0,54755.13940281
2020-04-05 19:19:00,217.0,217.0,217.0,217.0,39133.63316145
2020-04-05 19:20:00,217.0,217.0,217.0,217.0,4040.27728755
2020-04-05 19:21:00,217.0,217.0,217.0,217.0,16661.94912128
2020-04-05 19:22:00,217.0,217.0,217.0,217.0,127302.78789451
2020-04-05 19:23:00,217.0,218.0,217.0,217.0,92759.57464302
2020-04-05 19:24:00,217.0,218.0,217.0,218.0,20065.27673746
2020-04-05 19:25:00,217.0,218.0,217.0,218.0,14570.72588116
2020-04-05 19:26:00,217.0,218.0,217.0,217.0,32616.59163385
2020-04-05 19:27:00,217.0,217.0,217.0,217.0,608.28999999
2020-04-05 19:28:00,217.0,218.0,217.0,217.0,12711.79134217
2020-04-05 19:29:00,218.0,218.0,217.0,217.0,1992.37993776
2020-04-05 19:30:00,217.0,218.0,217.0,217.0,586294.38314621
2020-04-05 19:31:00,217.0,217.0,216.0,216.0,4002.5
2020-04-05 19:32:00,217.0,217.0,217.0,217.0,14941.29493088
2020-04-05 19:33:00,217.0,217.0,217.0,217.0,6.912442
2020-04-05 19:34:00,217.0,218.0,216.0,216.0,140297.07159857
2020-04-05 19:35:00,217.0,217.0,216.0,216.0,13265.91201309
2020-04-05 19:36:00,216.0,217.0,216.0,217.0,93020.30308938
2020-04-05 19:37:00,216.0,217.0,216.0,217.0,347.13020755
2020-04-05 19:38:00,216.0,216.0,216.0,216.0,2.37440759
2020-04-05 19:39:00,217.0,217.0,217.0,217.0,183.93695852
2020-04-05 19:40:00,216.0,217.0,216.0,216.0,1295.40334065
2020-04-05 19:41:00,216.0,216.0,216.0,216.0,85028.5473377
2020-04-05 19:43:00,216.0,217.0,216.0,217.0,30507.10310071
2020-04-05 19:44:00,217.0,217.0,216.0,216.0,54839.59953631
2020-04-05 19:45:00,216.0,217.0,216.0,217.0,43120.72939914
2020-04-05 19:46:00,216.0,217.0,216.0,217.0,37489.19488182
2020-04-05 19:47:00,216.0,216.0,216.0,216.0,9863.87320574
2020-04-05 19:49:00,216.0,216.0,216.0,216.0,223010.01065951
2020-04-05 19:50:00,217.0,217.0,216.0,216.0,4.72320755
2020-04-05 19:52:00,216.0,216.0,215.0,215.0,523937.92749658
2020-04-05 19:53:00,216.0,216.0,215.0,215.0,148623.25419737
2020-04-05 19:54:00,216.0,217.0,216.0,216.0,89477.9580478
2020-04-05 19:55:00,216.0,216.0,216.0,216.0,9369.86301369
2020-04-05 19:56:00,216.0,216.0,216.0,216.0,207064.81481482
2020-04-05 19:57:00,216.0,216.0,215.0,216.0,60431.19888959
2020-04-05 19:58:00,216.0,216.0,216.0,216.0,73160.33673552
2020-04-05 19:59:00,216.0,217.0,215.0,216.0,78749.50424258
2020-04-05 20:00:00,216.0,216.0,215.0,215.0,11745.02867778
2020-04-05 20:01:00,216.0,216.0,215.0,216.0,37074.58337641
2020-04-05 20:02:00,217.0,217.0,216.0,216.0,6767.38256908
2020-04-05 20:03:00,216.0,217.0,216.0,216.0,2403.98621626
2020-04-05 20:04:00,216.0,216.0,216.0,216.0,1522.69361514
2020-04-05 20:05:00,217.0,217.0,216.0,216.0,25.41588224
2020-04-05 20:07:00,216.0,216.0,216.0,216.0,10000.0
2020-04-05 20:09:00,216.0,217.0,216.0,216.0,40474.05928047
2020-04-05 20:10:00,217.0,217.0,216.0,216.0,11680.92657191
2020-04-05 20:11:00,217.0,217.0,216.0,216.0,4.73440759
2020-04-05 20:12:00,216.0,217.0,216.0,216.0,10263.07456904
2020-04-05 20:13:00,216.0,217.0,216.0,217.0,41722.64206988
2020-04-05 20:14:00,216.0,216.0,216.0,216.0,3002.38571429
2020-04-05 20:15:00,216.0,216.0,216.0,216.0,253.04535232
2020-04-05 20:16:00,216.0,216.0,216.0,216.0,2006.19114902
2020-04-05 20:19:00,216.0,216.0,216.0,216.0,7303.13808314
2020-04-05 20:21:00,216.0,217.0,216.0,216.0,1463.56777404
2020-04-05 20:22:00,216.0,216.0,216.0,216.0,42428.67684402
2020-04-05 20:25:00,216.0,216.0,216.0,216.0,19266.12102734
2020-04-05 20:28:00,216.0,216.0,216.0,216.0,1788.0
2020-04-05 20:29:00,217.0,217.0,216.0,216.0,9.46881518
2020-04-05 20:30:00,216.0,216.0,216.0,216.0,122683.1387358
2020-04-05 20:32:00,216.0,216.0,216.0,216.0,21883.8255055
2020-04-05 20:35:00,216.0,216.0,216.0,216.0,500.0
2020-04-05 20:36:00,216.0,216.0,216.0,216.0,33773.5424
2020-04-05 20:37:00,216.0,216.0,216.0,216.0,3703.70370371
2020-04-05 20:38:00,217.0,217.0,216.0,216.0,38.02933847
2020-04-05 20:39:00,217.0,217.0,217.0,217.0,11054.38064377
2020-04-05 20:40:00,216.0,216.0,216.0,216.0,931.36
2020-04-05 20:42:00,217.0,217.0,217.0,217.0,4.60829493
2020-04-05 20:43:00,216.0,216.0,216.0,216.0,2.38571429
2020-04-05 20:44:00,216.0,217.0,216.0,216.0,114590.34382083
2020-04-05 20:45:00,216.0,217.0,216.0,216.0,5178.83814211
2020-04-05 20:47:00,216.0,217.0,216.0,216.0,816.91368173
2020-04-05 20:49:00,216.0,216.0,216.0,216.0,1639.89894507
2020-04-05 20:53:00,216.0,217.0,216.0,216.0,3023.17069147
2020-04-05 20:54:00,216.0,216.0,216.0,216.0,280.04865491
2020-04-05 20:57:00,216.0,217.0,216.0,216.0,3088.11836769
2020-04-05 20:58:00,217.0,217.0,216.0,216.0,10024.85827855
2020-04-06 03:02:00,216.0,216.0,216.0,216.0,11098.38136486
2020-04-06 03:03:00,216.0,216.0,216.0,216.0,460.82949308
2020-04-06 03:05:00,216.0,216.0,215.0,216.0,62461.82949308
2020-04-06 03:06:00,216.0,216.0,216.0,216.0,6.944444
2020-04-06 03:08:00,216.0,216.0,216.0,216.0,86983.05663834
2020-04-06 03:09:00,216.0,216.0,216.0,216.0,610.82949308
2020-04-06 03:10:00,216.0,216.0,216.0,216.0,3137.48646746
2020-04-06 03:11:00,216.0,216.0,215.0,216.0,18999.46343255
2020-04-06 03:12:00,216.0,216.0,216.0,216.0,14350.43259881
2020-04-06 03:13:00,215.0,216.0,215.0,216.0,960.82949308
2020-04-06 03:14:00,215.0,216.0,215.0,216.0,100.0
2020-04-06 03:15:00,216.0,216.0,216.0,216.0,514.38539614
2020-04-06 03:16:00,215.0,216.0,215.0,216.0,1118.37962978
2020-04-06 03:17:00,216.0,216.0,216.0,216.0,7769.46025078
2020-04-06 03:18:00,216.0,216.0,216.0,216.0,832.186
2020-04-06 03:19:00,216.0,216.0,216.0,216.0,83027.31739998
2020-04-06 03:20:00,217.0,217.0,217.0,217.0,2079.57536599
2020-04-06 03:23:00,216.0,216.0,216.0,216.0,106.17248515
2020-04-06 03:26:00,217.0,217.0,217.0,217.0,659.23
2020-04-06 03:27:00,217.0,217.0,217.0,217.0,17114.49921656
2020-04-06 03:28:00,217.0,217.0,217.0,217.0,6.912442
2020-04-06 03:31:00,217.0,217.0,217.0,217.0,383.6502432
2020-04-06 03:34:00,217.0,217.0,217.0,217.0,53.2561373
2020-04-06 03:35:00,217.0,217.0,217.0,217.0,505.09691355
2020-04-06 03:37:00,217.0,217.0,217.0,217.0,458.71559633
2020-04-06 03:39:00,217.0,217.0,217.0,217.0,465.62803833
2020-04-06 03:41:00,217.0,217.0,216.0,216.0,2969.05144223
2020-04-06 03:42:00,217.0,217.0,217.0,217.0,9196.162632
2020-04-06 03:43:00,217.0,217.0,217.0,217.0,964.91871596
2020-04-06 03:44:00,217.0,217.0,217.0,217.0,15208.85412001
2020-04-06 03:45:00,217.0,217.0,217.0,217.0,458.71559633
2020-04-06 03:49:00,217.0,217.0,217.0,217.0,645.33928649
2020-04-06 03:50:00,217.0,217.0,217.0,217.0,1413.62383284
2020-04-06 03:53:00,217.0,217.0,217.0,217.0,393.42145694
2020-04-06 03:54:00,217.0,217.0,217.0,217.0,146.33592398
2020-04-06 03:55:00,216.0,216.0,216.0,216.0,170390.9027369
2020-04-06 03:56:00,216.0,216.0,216.0,216.0,57291.0
2020-04-06 03:57:00,216.0,217.0,216.0,217.0,1056.68296293
2020-04-06 03:59:00,217.0,217.0,217.0,217.0,100.0
2020-04-06 04:00:00,217.0,217.0,217.0,217.0,262.91462436
2020-04-06 04:01:00,217.0,217.0,217.0,217.0,6.912442
2020-04-06 04:04:00,217.0,217.0,217.0,217.0,46.30649514
2020-04-06 04:05:00,217.0,217.0,217.0,217.0,146.72086868
2020-04-06 04:06:00,217.0,217.0,217.0,217.0,12645.0697692
2020-04-06 04:09:00,217.0,217.0,216.0,216.0,1221.19815668
2020-04-06 04:11:00,217.0,217.0,216.0,216.0,2459.67741935
2020-04-06 04:15:00,216.0,216.0,216.0,216.0,19.37284995
2020-04-06 04:20:00,216.0,216.0,216.0,216.0,1470.0
2020-04-06 04:33:00,217.0,217.0,217.0,217.0,3.0
2020-04-06 04:34:00,216.0,216.0,216.0,216.0,59.75
2020-04-06 04:45:00,217.0,217.0,217.0,217.0,15400.35362232
2020-04-06 04:47:00,217.0,217.0,217.0,217.0,560.193281
2020-04-06 04:48:00,217.0,217.0,217.0,217.0,57.99215684
2020-04-06 04:50:00,216.0,216.0,216.0,216.0,100000.0
2020-04-06 04:51:00,216.0,216.0,216.0,216.0,1399.00000064
2020-04-06 04:57:00,216.0,216.0,216.0,216.0,3566.5
2020-04-06 04:58:00,216.0,216.0,216.0,216.0,6730.15322074
2020-04-06 05:00:00,217.0,217.0,217.0,217.0,1560.1797235
2020-04-06 05:01:00,217.0,217.0,217.0,217.0,346.20403644
2020-04-06 05:02:00,216.0,216.0,216.0,216.0,116.64746544
2020-04-06 05:03:00,216.0,216.0,216.0,216.0,260.8054
2020-04-06 05:08:00,217.0,217.0,217.0,217.0,9.3857
2020-04-06 05:12:00,217.0,217.0,217.0,217.0,1035.4702712
2020-04-06 05:16:00,217.0,217.0,217.0,217.0,158.9918332
2020-04-06 05:17:00,216.0,216.0,216.0,216.0,16.29100136
2020-04-06 05:22:00,216.0,216.0,216.0,216.0,2732.5145
2020-04-06 05:23:00,216.0,216.0,216.0,216.0,462.96296296
2020-04-06 05:24:00,216.0,216.0,216.0,216.0,4329.19791666
2020-04-06 05:26:00,216.0,216.0,216.0,216.0,3.0
2020-04-06 05:28:00,216.0,216.0,216.0,216.0,10500.0
2020-04-06 05:29:00,216.0,216.0,216.0,216.0,31963.8745442
2020-04-06 05:30:00,216.0,216.0,216.0,216.0,54664.52494083
2020-04-06 05:33:00,216.0,216.0,216.0,216.0,5000.0
2020-04-06 05:35:00,217.0,217.0,217.0,217.0,1931.52232653
2020-04-06 05:37:00,216.0,216.0,216.0,216.0,26599.36538907
2020-04-06 05:41:00,216.0,216.0,216.0,216.0,12956.86881841
2020-04-06 05:42:00,216.0,216.0,216.0,216.0,92.5925926
2020-04-06 05:44:00,216.0,216.0,216.0,216.0,15000.0
2020-04-06 05:52:00,216.0,216.0,216.0,216.0,1047.98832375
2020-04-06 05:55:00,216.0,216.0,216.0,216.0,33394.04279115
2020-04-06 05:57:00,216.0,216.0,216.0,216.0,40660.02005851
2020-04-06 06:00:00,215.0,215.0,215.0,215.0,8727.1074892
2020-04-06 06:01:00,216.0,216.0,216.0,216.0,2300.0
2020-04-06 06:02:00,216.0,216.0,215.0,215.0,1614.60979488
2020-04-06 06:03:00,215.0,215.0,215.0,215.0,266.0215
2020-04-06 06:05:00,215.0,215.0,215.0,215.0,8727.10748921
2020-04-06 06:06:00,216.0,216.0,216.0,216.0,363.46641494
2020-04-06 06:08:00,215.0,215.0,215.0,215.0,3.0
2020-04-06 06:09:00,215.0,215.0,215.0,215.0,3.46641494
2020-04-06 06:11:00,215.0,215.0,215.0,215.0,170000.0
2020-04-06 06:13:00,215.0,215.0,215.0,215.0,8783.56655005
2020-04-06 06:15:00,216.0,216.0,216.0,216.0,3720.93023255
2020-04-06 06:18:00,216.0,216.0,216.0,216.0,53.84837962
2020-04-06 06:19:00,215.0,215.0,215.0,215.0,206.31
2020-04-06 06:20:00,216.0,216.0,216.0,216.0,480.0
2020-04-06 06:21:00,216.0,216.0,216.0,216.0,84.24178092
2020-04-06 06:23:00,216.0,216.0,216.0,216.0,2866.8443556
2020-04-06 06:24:00,216.0,216.0,216.0,216.0,388.4260502
2020-04-06 06:25:00,216.0,216.0,216.0,216.0,52.34999995
2020-04-06 06:27:00,216.0,216.0,216.0,216.0,31510.66666666
2020-04-06 06:28:00,216.0,216.0,216.0,216.0,53.73904818
2020-04-06 06:29:00,215.0,215.0,215.0,215.0,116.64746544
2020-04-06 06:30:00,216.0,216.0,216.0,216.0,20924.88940714
2020-04-06 06:31:00,216.0,216.0,216.0,216.0,1295.00064782
2020-04-06 06:32:00,216.0,216.0,215.0,215.0,7.00000065
2020-04-06 06:33:00,215.0,215.0,215.0,215.0,371.33767826
2020-04-06 06:34:00,215.0,215.0,215.0,215.0,9337.91114093
2020-04-06 06:35:00,216.0,216.0,216.0,216.0,5616.444444
2020-04-06 06:36:00,216.0,216.0,216.0,216.0,21.99074074
2020-04-06 06:37:00,215.0,215.0,215.0,215.0,3755.46548603
2020-04-06 06:39:00,215.0,215.0,215.0,215.0,28977.38866415
2020-04-06 06:40:00,216.0,216.0,216.0,216.0,9.37494215
2020-04-06 06:41:00,216.0,216.0,216.0,216.0,5277.15771743
2020-04-06 06:42:00,216.0,216.0,216.0,216.0,92.70364817
2020-04-06 06:43:00,216.0,216.0,216.0,216.0,401.1783376
2020-04-06 06:44:00,216.0,216.0,216.0,216.0,46.29629629
2020-04-06 06:45:00,216.0,216.0,216.0,216.0,5843.77214233
2020-04-06 06:46:00,216.0,216.0,216.0,216.0,1081.55208288
2020-04-06 06:47:00,216.0,216.0,216.0,216.0,462.96296296
2020-04-06 06:48:00,216.0,216.0,215.0,215.0,4751.70562866
2020-04-06 06:49:00,216.0,216.0,216.0,216.0,3159.55910933
2020-04-06 06:51:00,216.0,216.0,216.0,216.0,7743.32522973
2020-04-06 06:53:00,216.0,216.0,216.0,216.0,90463.20110952
2020-04-06 06:54:00,215.0,215.0,215.0,215.0,112.71000009
2020-04-06 06:56:00,215.0,215.0,215.0,215.0,1000.0
2020-04-06 06:57:00,216.0,216.0,216.0,216.0,1006.944444
2020-04-06 06:58:00,216.0,216.0,216.0,216.0,13881.94791493
2020-04-06 06:59:00,216.0,216.0,216.0,216.0,735.3443672
2020-04-06 07:00:00,215.0,216.0,215.0,216.0,114403.09390181
2020-04-06 07:01:00,217.0,217.0,216.0,216.0,996.26295723
2020-04-06 07:02:00,216.0,216.0,216.0,216.0,11061.35307917
2020-04-06 07:03:00,216.0,216.0,216.0,216.0,250.3361
2020-04-06 07:04:00,216.0,216.0,216.0,216.0,1671.75
2020-04-06 07:09:00,216.0,216.0,216.0,216.0,23148.14814815
2020-04-06 07:10:00,216.0,216.0,216.0,216.0,16389.25034223
2020-04-06 07:12:00,217.0,217.0,217.0,217.0,835.4643082
2020-04-06 07:13:00,216.0,216.0,216.0,216.0,116.64746544
2020-04-06 07:15:00,216.0,216.0,216.0,216.0,4257.31171111
2020-04-06 07:17:00,217.0,217.0,216.0,216.0,18.27657687
2020-04-06 07:21:00,216.0,216.0,216.0,216.0,11003.70833333
2020-04-06 07:24:00,217.0,217.0,217.0,217.0,4.57142857
2020-04-06 07:25:00,217.0,217.0,216.0,216.0,1152.07373272
2020-04-06 07:27:00,216.0,216.0,216.0,216.0,432.8754
2020-04-06 07:30:00,216.0,216.0,216.0,216.0,359219.94871654
2020-04-06 07:31:00,216.0,216.0,216.0,216.0,25054.12685942
2020-04-06 07:32:00,216.0,216.0,215.0,215.0,1018.51851852
2020-04-06 07:33:00,216.0,216.0,215.0,215.0,108071.09639624
2020-04-06 07:35:00,215.0,215.0,215.0,215.0,54.08724209
2020-04-06 07:36:00,216.0,216.0,215.0,215.0,90607.53325413
2020-04-06 07:37:00,216.0,216.0,216.0,216.0,121781.22120541
2020-04-06 07:38:00,216.0,216.0,216.0,216.0,1914.60697063
2020-04-06 07:39:00,216.0,217.0,216.0,216.0,61579.62542691
2020-04-06 07:42:00,216.0,216.0,216.0,216.0,4736.96800888
2020-04-06 07:43:00,216.0,216.0,216.0,216.0,1000.0
2020-04-06 07:54:00,216.0,216.0,216.0,216.0,3670.0
2020-04-06 07:55:00,216.0,216.0,216.0,216.0,10000.0
2020-04-06 07:56:00,217.0,217.0,217.0,217.0,2760.1913329
2020-04-06 07:57:00,217.0,217.0,216.0,216.0,1195.05742947
2020-04-06 07:58:00,217.0,217.0,216.0,216.0,17536.00366901
2020-04-06 07:59:00,216.0,216.0,216.0,216.0,4667.21949826
2020-04-06 08:00:00,216.0,216.0,216.0,216.0,545.712913
2020-04-06 08:01:00,217.0,217.0,216.0,216.0,406.33591858
2020-04-06 08:04:00,216.0,216.0,216.0,216.0,241.32949308
2020-04-06 08:05:00,217.0,217.0,216.0,216.0,3880.03561853
2020-04-06 08:09:00,216.0,216.0,216.0,216.0,328.79677416
2020-04-06 08:10:00,216.0,216.0,216.0,216.0,8333.33333334
2020-04-06 08:12:00,216.0,216.0,216.0,216.0,7300.0
2020-04-06 08:14:00,216.0,216.0,216.0,216.0,40000.0
2020-04-06 08:17:00,217.0,217.0,217.0,217.0,4605.9919349
2020-04-06 08:18:00,217.0,217.0,216.0,216.0,144.726195
2020-04-06 08:21:00,216.0,216.0,216.0,216.0,300414.30256696
2020-04-06 08:22:00,216.0,216.0,216.0,216.0,13.0
2020-04-06 08:23:00,216.0,216.0,215.0,216.0,82774.8428687
2020-04-06 08:24:00,216.0,216.0,216.0,216.0,122.1
2020-04-06 08:25:00,216.0,217.0,216.0,217.0,467.74193508
2020-04-06 08:26:00,216.0,216.0,215.0,216.0,15203.3233152
2020-04-06 08:27:00,216.0,216.0,216.0,216.0,2821.0833077
2020-04-06 08:28:00,216.0,216.0,215.0,215.0,53034.18874091
2020-04-06 08:29:00,216.0,216.0,216.0,216.0,5646.49048449
2020-04-06 08:30:00,216.0,216.0,216.0,216.0,4102.077284
2020-04-06 08:31:00,216.0,216.0,216.0,216.0,3141.25076879
2020-04-06 08:32:00,216.0,216.0,216.0,216.0,6916.24038252
2020-04-06 08:33:00,216.0,216.0,216.0,216.0,10954.92052971
2020-04-06 08:34:00,216.0,216.0,216.0,216.0,10760.59151
2020-04-06 08:35:00,216.0,216.0,216.0,216.0,14841.84166699
2020-04-06 08:36:00,216.0,216.0,216.0,216.0,2368.09121735
2020-04-06 08:37:00,216.0,216.0,216.0,216.0,4244.4422372
2020-04-06 08:38:00,216.0,216.0,216.0,216.0,9141.65415072
2020-04-06 08:42:00,216.0,216.0,216.0,216.0,149476.07285968
2020-04-06 08:43:00,216.0,217.0,216.0,217.0,3826.23021032
2020-04-06 08:44:00,217.0,217.0,216.0,216.0,6.92626758
2020-04-06 08:46:00,216.0,216.0,216.0,216.0,24392.98770098
2020-04-06 08:47:00,216.0,216.0,216.0,216.0,24456.81326003
2020-04-06 08:50:00,217.0,217.0,216.0,216.0,1384.79758047
2020-04-06 08:52:00,216.0,216.0,216.0,216.0,730.0
2020-04-06 08:54:00,216.0,216.0,216.0,216.0,154.54837209
2020-04-06 08:55:00,216.0,216.0,216.0,216.0,840.0
2020-04-06 08:57:00,217.0,217.0,217.0,217.0,795.42390803
2020-04-06 08:58:00,217.0,217.0,217.0,217.0,8036.28576372
2020-04-06 08:59:00,217.0,217.0,217.0,217.0,306.73419048
2020-04-06 17:32:00,223.0,224.0,223.0,223.0,279706.66098435
2020-04-06 17:33:00,223.0,223.0,222.0,222.0,223734.79015278
2020-04-06 17:34:00,223.0,224.0,222.0,223.0,57667.95269722
2020-04-06 17:35:00,223.0,223.0,222.0,223.0,270256.09991825
2020-04-06 17:36:00,222.0,224.0,222.0,223.0,297213.1814448
2020-04-06 17:37:00,223.0,223.0,223.0,223.0,28629.97892165
2020-04-06 17:38:00,223.0,223.0,223.0,223.0,1000.0
2020-04-06 17:39:00,223.0,223.0,223.0,223.0,36847.14707892
2020-04-06 17:40:00,223.0,223.0,222.0,222.0,97170.46453314
2020-04-06 17:41:00,222.0,223.0,222.0,222.0,33458.57966811
2020-04-06 17:42:00,222.0,223.0,222.0,223.0,12451.30246389
2020-04-06 17:43:00,222.0,223.0,222.0,223.0,25002.29816514
2020-04-06 17:44:00,223.0,223.0,222.0,222.0,19393.57693023
2020-04-06 17:45:00,223.0,223.0,222.0,222.0,2747.75131279
2020-04-06 17:46:00,223.0,223.0,222.0,222.0,39395.30854827
2020-04-06 17:48:00,223.0,223.0,222.0,222.0,12797.52799343
2020-04-06 17:49:00,223.0,223.0,222.0,222.0,16881.53909194
2020-04-06 17:50:00,222.0,222.0,222.0,222.0,47210.20217511
2020-04-06 17:51:00,223.0,223.0,222.0,223.0,11858.74480702
2020-04-06 17:52:00,222.0,223.0,222.0,222.0,1852.01635612
2020-04-06 17:53:00,223.0,223.0,222.0,222.0,4322.17957272
2020-04-06 17:54:00,222.0,223.0,222.0,223.0,13574.48409487
2020-04-06 17:55:00,222.0,223.0,222.0,223.0,3745.14378822
2020-04-06 17:56:00,223.0,223.0,222.0,223.0,3359.402081
2020-04-06 17:57:00,222.0,222.0,222.0,222.0,22507.81925977
2020-04-06 17:58:00,223.0,223.0,222.0,222.0,465338.37457436
2020-04-06 17:59:00,222.0,222.0,222.0,222.0,9.364486
2020-04-06 18:00:00,223.0,224.0,222.0,224.0,42576.83464457
2020-04-06 18:01:00,224.0,224.0,224.0,224.0,20408.44778381
2020-04-06 18:02:00,224.0,224.0,224.0,224.0,10274.2173052
2020-04-06 18:03:00,223.0,223.0,223.0,223.0,311.2795
2020-04-06 18:04:00,224.0,224.0,223.0,223.0,8574.75423647
2020-04-06 18:05:00,223.0,224.0,223.0,223.0,4676.21543024
2020-04-06 18:06:00,224.0,224.0,223.0,224.0,1421.76553956
2020-04-06 18:07:00,224.0,224.0,223.0,224.0,3606.31827979
2020-04-06 18:08:00,223.0,224.0,223.0,224.0,17933.58362344
2020-04-06 18:09:00,224.0,224.0,224.0,224.0,122316.16831921
2020-04-06 18:10:00,224.0,224.0,223.0,224.0,51849.95086308
2020-04-06 18:11:00,224.0,224.0,223.0,223.0,238258.74851893
2020-04-06 18:12:00,224.0,224.0,223.0,224.0,15663.92014306
2020-04-06 18:13:00,224.0,224.0,224.0,224.0,25526.93566768
2020-04-06 18:14:00,224.0,224.0,224.0,224.0,8797.26463664
2020-04-06 18:15:00,224.0,224.0,223.0,224.0,102601.08629339
2020-04-06 18:16:00,225.0,225.0,224.0,224.0,66610.07660345
2020-04-06 18:17:00,224.0,225.0,224.0,224.0,120854.58839894
2020-04-06 18:18:00,224.0,224.0,224.0,224.0,7604.07896291
2020-04-06 18:19:00,224.0,224.0,224.0,224.0,51862.13056183
2020-04-06 18:20:00,224.0,224.0,224.0,224.0,12391.27999659
2020-04-06 18:21:00,225.0,225.0,224.0,225.0,2887.5564459
2020-04-06 18:22:00,225.0,225.0,224.0,224.0,90.19524985
2020-04-06 18:23:00,224.0,224.0,224.0,224.0,2232.14285715
2020-04-06 18:24:00,224.0,225.0,224.0,224.0,37654.46667477
2020-04-06 18:25:00,224.0,224.0,224.0,224.0,1127.19634845
2020-04-06 18:26:00,224.0,225.0,224.0,224.0,1632.53705153
2020-04-06 18:27:00,225.0,225.0,224.0,224.0,45353.8656325
2020-04-06 18:28:00,224.0,225.0,224.0,225.0,833463.23072054
2020-04-06 18:29:00,226.0,226.0,224.0,224.0,380902.69537289
2020-04-06 18:30:00,224.0,225.0,224.0,225.0,292567.5539643
2020-04-06 18:31:00,226.0,226.0,224.0,224.0,27966.15963656
2020-04-06 18:32:00,225.0,225.0,224.0,225.0,103418.46853495
2020-04-06 18:33:00,225.0,226.0,225.0,225.0,66038.76827735
2020-04-06 18:34:00,225.0,225.0,225.0,225.0,2272.20768646
2020-04-06 18:35:00,225.0,225.0,225.0,225.0,204291.1101241
2020-04-06 18:36:00,225.0,225.0,225.0,225.0,24064.27461292
2020-04-06 18:37:00,225.0,226.0,225.0,226.0,21245.5431843
2020-04-06 18:38:00,225.0,226.0,225.0,225.0,103293.5412802
2020-04-06 18:39:00,225.0,225.0,225.0,225.0,14600.83654254
2020-04-06 18:40:00,225.0,226.0,225.0,225.0,17405.03901175
2020-04-06 18:41:00,225.0,225.0,225.0,225.0,16365.20685772
2020-04-06 18:42:00,226.0,226.0,225.0,225.0,21893.40974164
2020-04-06 18:43:00,225.0,226.0,225.0,225.0,4324.54301904
2020-04-06 18:44:00,225.0,226.0,225.0,225.0,3624.01828074
2020-04-06 18:45:00,225.0,226.0,225.0,225.0,146404.22790938
2020-04-06 18:46:00,225.0,226.0,225.0,225.0,188851.68088348
2020-04-06 18:47:00,226.0,226.0,225.0,225.0,26744.82822207
2020-04-06 18:48:00,225.0,225.0,225.0,225.0,5.0
2020-04-06 18:49:00,225.0,226.0,225.0,225.0,22627.64779436
2020-04-06 18:50:00,225.0,225.0,225.0,225.0,10015.49260445
2020-04-06 18:51:00,225.0,226.0,225.0,225.0,15492.47907233
2020-04-06 18:52:00,225.0,225.0,225.0,225.0,80100.0
2020-04-06 18:53:00,225.0,225.0,225.0,225.0,7581.05044443
2020-04-06 18:54:00,225.0,225.0,224.0,225.0,290877.23036326
2020-04-06 18:55:00,225.0,225.0,225.0,225.0,25128.06853844
2020-04-06 18:56:00,225.0,225.0,225.0,225.0,1000.0
2020-04-06 18:57:00,225.0,226.0,225.0,225.0,13017.61830361
2020-04-06 18:58:00,225.0,226.0,225.0,225.0,63474.39179434
2020-04-06 18:59:00,225.0,226.0,224.0,224.0,250015.39473219
2020-04-06 19:00:00,225.0,225.0,224.0,224.0,33014.14756913
2020-04-06 19:01:00,224.0,225.0,224.0,224.0,150816.59253601
2020-04-06 19:02:00,224.0,225.0,224.0,224.0,8538.08230045
2020-04-06 19:03:00,224.0,225.0,224.0,224.0,93872.17023351
2020-04-06 19:04:00,225.0,225.0,224.0,224.0,6402.97869996
2020-04-06 19:05:00,225.0,225.0,224.0,224.0,1260.82442258
2020-04-06 19:06:00,225.0,225.0,224.0,224.0,549.25205537
2020-04-06 19:07:00,225.0,225.0,224.0,224.0,18189.91921232
2020-04-06 19:08:00,225.0,225.0,224.0,224.0,346446.23221935
2020-04-06 19:09:00,225.0,225.0,224.0,224.0,101766.48063776
2020-04-06 19:10:00,224.0,225.0,224.0,224.0,3415.29798161
2020-04-06 19:11:00,225.0,225.0,224.0,224.0,34617.24886708
2020-04-06 19:12:00,225.0,225.0,224.0,225.0,26840.04924495
2020-04-06 19:13:00,224.0,226.0,224.0,226.0,432441.10440496
2020-04-06 19:14:00,225.0,225.0,225.0,225.0,3794.66160975
2020-04-06 19:15:00,226.0,226.0,225.0,225.0,6689.02349679
2020-04-06 19:16:00,225.0,225.0,224.0,225.0,55017.55028843
2020-04-06 19:17:00,225.0,225.0,224.0,225.0,35853.15122417
2020-04-06 19:18:00,225.0,225.0,224.0,225.0,18866.75644801
2020-04-06 19:19:00,225.0,225.0,224.0,225.0,477.28888359
2020-04-06 19:20:00,225.0,225.0,224.0,224.0,95.98981064
2020-04-06 19:21:00,225.0,225.0,224.0,224.0,558.28663613
2020-04-06 19:22:00,225.0,225.0,224.0,225.0,5929.86263217
2020-04-06 19:23:00,224.0,224.0,224.0,224.0,977.37440759
2020-04-06 19:24:00,225.0,225.0,224.0,224.0,168736.82677115
2020-04-06 19:25:00,224.0,225.0,224.0,224.0,32590.50287293
2020-04-06 19:26:00,224.0,225.0,224.0,224.0,2264.26097295
2020-04-06 19:27:00,225.0,225.0,224.0,224.0,1237.69583038
2020-04-06 19:28:00,224.0,224.0,224.0,224.0,2.36320755
2020-04-06 19:29:00,225.0,225.0,224.0,224.0,19298.55994674
2020-04-06 19:30:00,225.0,225.0,224.0,225.0,57481.95384248
2020-04-06 19:31:00,225.0,226.0,224.0,225.0,84292.93635193
2020-04-06 19:32:00,225.0,225.0,225.0,225.0,12034.76247897
2020-04-06 19:33:00,225.0,225.0,225.0,225.0,1266.42630996
2020-04-06 19:34:00,225.0,225.0,225.0,225.0,8457.25808295
2020-04-06 19:35:00,226.0,226.0,225.0,225.0,27983.02987421
2020-04-06 19:36:00,225.0,226.0,225.0,226.0,16873.13228375
2020-04-06 19:37:00,226.0,226.0,225.0,225.0,53759.6771239
2020-04-06 19:38:00,225.0,225.0,225.0,225.0,89118.1275583
2020-04-06 19:39:00,225.0,226.0,225.0,226.0,8253.55603838
2020-04-06 19:40:00,225.0,226.0,225.0,226.0,122885.73870906
2020-04-06 19:41:00,225.0,226.0,225.0,225.0,9404.48725029
2020-04-06 19:42:00,225.0,225.0,225.0,225.0,35041.35036841
2020-04-06 19:43:00,225.0,225.0,225.0,225.0,39479.67698741
2020-04-06 19:44:00,225.0,225.0,224.0,225.0,529543.86827471
2020-04-06 19:45:00,224.0,225.0,224.0,224.0,5121.800078
2020-04-06 19:46:00,224.0,225.0,224.0,225.0,19709.39606854
2020-04-06 19:47:00,224.0,225.0,224.0,225.0,1736.53759537
2020-04-06 19:48:00,224.0,225.0,224.0,225.0,11887.33270581
2020-04-06 19:49:00,224.0,225.0,224.0,224.0,24452.95853914
2020-04-06 19:50:00,224.0,225.0,224.0,224.0,81667.47694543
2020-04-06 19:51:00,224.0,225.0,224.0,224.0,507485.52433388
2020-04-06 19:52:00,224.0,225.0,224.0,224.0,136273.08989174
2020-04-06 19:53:00,224.0,225.0,224.0,224.0,10338.13670744
2020-04-06 19:54:00,224.0,224.0,224.0,224.0,23706.174646
2020-04-06 19:55:00,225.0,225.0,224.0,224.0,1239.81481536
2020-04-06 19:57:00,224.0,224.0,224.0,224.0,5136.69478199
2020-04-06 19:58:00,224.0,224.0,224.0,224.0,63004.76792437
2020-04-06 19:59:00,225.0,225.0,224.0,224.0,5600.73033612
2020-04-06 20:00:00,224.0,224.0,224.0,224.0,24299.63992643
2020-04-06 20:01:00,225.0,225.0,224.0,225.0,36713.53323497
2020-04-06 20:02:00,224.0,225.0,224.0,224.0,2678.90302377
2020-04-06 20:03:00,224.0,225.0,224.0,224.0,4825.53355649
2020-04-06 20:04:00,224.0,224.0,224.0,224.0,636.37228357
2020-04-06 20:05:00,224.0,224.0,224.0,224.0,11258.74868655
2020-04-06 20:06:00,225.0,225.0,224.0,224.0,4022.81073508
2020-04-06 20:07:00,225.0,225.0,224.0,224.0,5130.87024858
2020-04-06 20:08:00,224.0,224.0,224.0,224.0,4230.03544383
2020-04-06 20:09:00,224.0,224.0,224.0,224.0,512.68761532
2020-04-06 20:10:00,224.0,225.0,224.0,224.0,2476.19141684
2020-04-06 20:11:00,225.0,225.0,224.0,224.0,21667.16548213
2020-04-06 20:13:00,224.0,225.0,224.0,224.0,1688.46450821
2020-04-06 20:14:00,224.0,224.0,224.0,224.0,5.0
2020-04-06 20:15:00,224.0,225.0,224.0,225.0,279636.79469215
2020-04-06 20:16:00,225.0,225.0,225.0,225.0,159.66625163
2020-04-06 20:17:00,225.0,225.0,224.0,224.0,1915.535425
2020-04-06 20:19:00,224.0,225.0,224.0,224.0,4070.9247046
2020-04-06 20:20:00,225.0,225.0,224.0,224.0,554.34778135
2020-04-06 20:21:00,225.0,225.0,224.0,224.0,1001.82838803
2020-04-06 20:22:00,224.0,225.0,224.0,224.0,18669.05683808
2020-04-06 20:23:00,224.0,224.0,224.0,224.0,12229.0
2020-04-06 20:24:00,224.0,225.0,224.0,225.0,1635.66150788
2020-04-06 20:25:00,225.0,225.0,224.0,224.0,5402.26087633
2020-04-06 20:27:00,224.0,224.0,224.0,224.0,10640.65575129
2020-04-06 20:28:00,224.0,225.0,224.0,224.0,9166.26953973
2020-04-06 20:29:00,224.0,225.0,224.0,224.0,10362.42203028
2020-04-06 20:30:00,225.0,225.0,224.0,225.0,66934.04270244
2020-04-06 20:31:00,224.0,224.0,224.0,224.0,4905.94739993
2020-04-06 20:32:00,224.0,224.0,224.0,224.0,278.28378546
2020-04-06 20:34:00,224.0,224.0,224.0,224.0,13107.8288
2020-04-06 20:35:00,224.0,225.0,224.0,225.0,3658.7658754
2020-04-06 20:36:00,224.0,225.0,224.0,224.0,33912.78077362
2020-04-06 20:37:00,225.0,225.0,224.0,224.0,37046.27680317
2020-04-06 20:38:00,224.0,225.0,224.0,224.0,8937.94451664
2020-04-06 20:39:00,225.0,225.0,224.0,225.0,98178.01909105
2020-04-06 20:40:00,224.0,224.0,224.0,224.0,114.05154968
2020-04-06 20:41:00,225.0,225.0,224.0,224.0,9304.85586158
2020-04-06 20:42:00,224.0,224.0,224.0,224.0,22321.42857143
2020-04-06 20:43:00,224.0,224.0,224.0,224.0,2168.53947529
2020-04-06 20:44:00,225.0,225.0,224.0,224.0,168897.8496976
2020-04-06 20:45:00,225.0,225.0,224.0,224.0,1839.5896378
2020-04-06 20:46:00,224.0,224.0,224.0,224.0,1447.18550623
2020-04-06 20:47:00,224.0,224.0,224.0,224.0,460.59919349
2020-04-06 20:48:00,224.0,224.0,224.0,224.0,13800.8281853
2020-04-06 20:49:00,224.0,224.0,224.0,224.0,82.32370301
2020-04-06 20:51:00,224.0,224.0,224.0,224.0,9051.03556818
2020-04-06 20:52:00,225.0,225.0,224.0,224.0,4914.25875882
2020-04-06 20:53:00,224.0,224.0,224.0,224.0,2304.359447
2020-04-06 20:54:00,224.0,224.0,224.0,224.0,2167.20080326
2020-04-06 20:55:00,225.0,225.0,224.0,224.0,4063.48177182
2020-04-06 20:56:00,224.0,224.0,224.0,224.0,272.826523
2020-04-06 20:57:00,225.0,225.0,225.0,225.0,30.02942972
2020-04-06 20:58:00,224.0,224.0,224.0,224.0,157.73842376
2020-04-07 05:34:00,231.0,232.0,231.0,231.0,19252.64438256
2020-04-07 05:35:00,231.0,232.0,231.0,232.0,423.56140141
2020-04-07 05:36:00,231.0,231.0,231.0,231.0,3.0
2020-04-07 05:37:00,231.0,231.0,231.0,231.0,334424.865781
2020-04-07 05:38:00,231.0,231.0,231.0,231.0,17.71946902
2020-04-07 05:39:00,231.0,231.0,231.0,231.0,16325.38685612
2020-04-07 05:40:00,231.0,231.0,231.0,231.0,20000.0
2020-04-07 05:41:00,231.0,231.0,231.0,231.0,1764.31698383
2020-04-07 05:42:00,232.0,232.0,231.0,232.0,1597.01866723
2020-04-07 05:43:00,232.0,232.0,231.0,231.0,102.19736843
2020-04-07 05:44:00,231.0,232.0,231.0,231.0,195250.31738984
2020-04-07 05:45:00,231.0,231.0,231.0,231.0,147167.00888441
2020-04-07 05:46:00,231.0,231.0,231.0,231.0,9720.64627268
2020-04-07 05:47:00,231.0,231.0,231.0,231.0,78883.64410704
2020-04-07 05:48:00,231.0,231.0,231.0,231.0,24610.32591685
2020-04-07 05:51:00,231.0,231.0,231.0,231.0,34511.45166177
2020-04-07 05:52:00,231.0,231.0,231.0,231.0,104402.84172816
2020-04-07 05:53:00,232.0,232.0,231.0,231.0,11.40426498
2020-04-07 05:54:00,231.0,232.0,231.0,232.0,25699.69612068
2020-04-07 05:55:00,232.0,232.0,231.0,231.0,2759.26531083
2020-04-07 05:56:00,231.0,231.0,231.0,231.0,972.65447062
2020-04-07 05:57:00,231.0,231.0,231.0,231.0,142510.77421252
2020-04-07 05:58:00,232.0,232.0,232.0,232.0,324.24111255
2020-04-07 05:59:00,231.0,231.0,231.0,231.0,662.77056278
2020-04-07 06:00:00,231.0,231.0,231.0,231.0,50176.17068062
2020-04-07 06:01:00,232.0,232.0,232.0,232.0,37.641865
2020-04-07 06:02:00,232.0,232.0,231.0,231.0,10283.8402895
2020-04-07 06:03:00,231.0,232.0,231.0,232.0,89012.82651785
2020-04-07 06:05:00,232.0,232.0,232.0,232.0,129531.27676428
2020-04-07 06:06:00,232.0,232.0,232.0,232.0,116094.81466162
2020-04-07 06:07:00,232.0,232.0,232.0,232.0,2461.53044165
2020-04-07 06:08:00,232.0,232.0,232.0,232.0,59185.91594827
2020-04-07 06:09:00,232.0,232.0,231.0,231.0,153989.28620043
2020-04-07 06:10:00,231.0,232.0,231.0,232.0,4670.12169917
2020-04-07 06:11:00,232.0,232.0,231.0,231.0,27940.03585903
2020-04-07 06:12:00,231.0,231.0,231.0,231.0,13970.32742971
2020-04-07 06:14:00,231.0,232.0,231.0,232.0,14100.86813396
2020-04-07 06:15:00,232.0,232.0,232.0,232.0,15184.5684185
2020-04-07 06:16:00,231.0,231.0,231.0,231.0,2301.69804569
2020-04-07 06:17:00,231.0,231.0,231.0,231.0,2534.745576
2020-04-07 06:18:00,231.0,231.0,231.0,231.0,8649.44999381
2020-04-07 06:19:00,232.0,232.0,231.0,231.0,30357.8742337
2020-04-07 06:20:00,231.0,231.0,231.0,231.0,10.0
2020-04-07 06:21:00,231.0,231.0,231.0,231.0,4512.0
2020-04-07 06:22:00,231.0,232.0,231.0,231.0,11421.04217263
2020-04-07 06:23:00,232.0,232.0,231.0,232.0,879.64791294
2020-04-07 06:24:00,232.0,232.0,232.0,232.0,92537.58528687
2020-04-07 06:25:00,232.0,233.0,232.0,232.0,24247.7256562
2020-04-07 06:26:00,232.0,233.0,232.0,233.0,37706.90300675
2020-04-07 06:27:00,232.0,233.0,232.0,232.0,34843.92311988
2020-04-07 06:28:00,233.0,233.0,232.0,232.0,5538.19297641
2020-04-07 06:29:00,232.0,233.0,232.0,232.0,7554.24889388
2020-04-07 06:30:00,232.0,232.0,232.0,232.0,3534.745576
2020-04-07 06:31:00,233.0,233.0,232.0,232.0,9634.2586593
2020-04-07 06:32:00,232.0,232.0,232.0,232.0,13036.588596
2020-04-07 06:33:00,232.0,233.0,232.0,232.0,11625.47835024
2020-04-07 06:34:00,233.0,233.0,232.0,232.0,7171.7443427
2020-04-07 06:35:00,232.0,233.0,232.0,232.0,5865.47728786
2020-04-07 06:36:00,232.0,233.0,232.0,232.0,13019.79197313
2020-04-07 06:37:00,233.0,233.0,232.0,232.0,28667.24002776
2020-04-07 06:38:00,232.0,233.0,232.0,232.0,7480.4371479
2020-04-07 06:39:00,233.0,233.0,232.0,232.0,13561.44293394
2020-04-07 06:40:00,232.0,232.0,232.0,232.0,37131.58552742
2020-04-07 06:41:00,232.0,233.0,232.0,232.0,10174.15693571
2020-04-07 06:42:00,233.0,233.0,232.0,233.0,667.25808751
2020-04-07 06:43:00,232.0,232.0,232.0,232.0,156.25036843
2020-04-07 06:44:00,233.0,233.0,233.0,233.0,7053.40813645
2020-04-07 06:45:00,233.0,233.0,233.0,233.0,2808.13670418
2020-04-07 06:46:00,233.0,233.0,232.0,232.0,100514.68364785
2020-04-07 06:47:00,232.0,233.0,232.0,233.0,240304.31028301
2020-04-07 06:48:00,233.0,233.0,232.0,232.0,151079.51749292
2020-04-07 06:49:00,232.0,233.0,232.0,232.0,61831.46028405
2020-04-07 06:50:00,233.0,234.0,232.0,233.0,102411.25547313
2020-04-07 06:51:00,233.0,233.0,233.0,233.0,2004.25037481
2020-04-07 06:52:00,234.0,234.0,233.0,233.0,4468.86313439
2020-04-07 06:53:00,233.0,234.0,233.0,233.0,21869.25972531
2020-04-07 06:54:00,233.0,234.0,233.0,233.0,11847.97206622
2020-04-07 06:55:00,233.0,233.0,233.0,233.0,30894.33183853
2020-04-07 06:56:00,234.0,234.0,233.0,233.0,102.17826087
2020-04-07 06:57:00,233.0,233.0,233.0,233.0,206.65
2020-04-07 06:58:00,234.0,234.0,233.0,233.0,4405.68680787
2020-04-07 06:59:00,234.0,234.0,233.0,233.0,4333.02544469
2020-04-07 07:00:00,233.0,233.0,233.0,233.0,998.34751563
2020-04-07 07:01:00,234.0,234.0,233.0,233.0,193512.33545941
2020-04-07 07:02:00,233.0,234.0,233.0,233.0,67527.83448425
2020-04-07 07:03:00,233.0,234.0,233.0,233.0,1298.0717174
2020-04-07 07:04:00,234.0,234.0,233.0,234.0,87719.59070613
2020-04-07 07:05:00,234.0,234.0,233.0,234.0,108048.85106305
2020-04-07 07:06:00,234.0,234.0,234.0,234.0,2065.18181819
2020-04-07 07:07:00,234.0,235.0,234.0,234.0,29768.69552693
2020-04-07 07:08:00,234.0,235.0,234.0,235.0,23574.99395638
2020-04-07 07:09:00,234.0,235.0,234.0,235.0,10041.24482881
2020-04-07 07:10:00,234.0,235.0,234.0,234.0,33271.6599483
2020-04-07 07:11:00,234.0,235.0,234.0,235.0,93235.54771889
2020-04-07 07:12:00,234.0,235.0,234.0,234.0,100531.74848252
2020-04-07 07:13:00,234.0,235.0,234.0,234.0,20342.25288193
2020-04-07 07:14:00,234.0,235.0,234.0,234.0,6651.28254845
2020-04-07 07:15:00,234.0,235.0,234.0,235.0,1089.13312903
2020-04-07 07:16:00,234.0,235.0,234.0,234.0,30.37391023
2020-04-07 07:17:00,235.0,235.0,234.0,234.0,2011.80654235
2020-04-07 07:18:00,234.0,235.0,234.0,234.0,208209.52363211
2020-04-07 07:19:00,234.0,235.0,234.0,234.0,87097.3181438
2020-04-07 07:20:00,234.0,235.0,234.0,234.0,67091.86292183
2020-04-07 07:21:00,234.0,235.0,234.0,235.0,96674.43504384
2020-04-07 07:22:00,235.0,235.0,234.0,235.0,52970.22043521
2020-04-07 07:23:00,234.0,235.0,234.0,234.0,28415.60179525
2020-04-07 07:24:00,234.0,235.0,234.0,234.0,1601.28009726
2020-04-07 07:25:00,234.0,235.0,234.0,234.0,14868.79155644
2020-04-07 07:26:00,234.0,235.0,234.0,234.0,32401.79312245
2020-04-07 07:27:00,235.0,235.0,234.0,235.0,38922.94155519
2020-04-07 07:28:00,235.0,235.0,234.0,235.0,5999.5301646
2020-04-07 07:29:00,234.0,235.0,234.0,235.0,1939.81585473
2020-04-07 07:30:00,234.0,235.0,234.0,235.0,14939.99259616
2020-04-07 07:31:00,235.0,235.0,234.0,234.0,34209.23166229
2020-04-07 07:32:00,234.0,235.0,234.0,234.0,20591.0961076
2020-04-07 07:33:00,235.0,235.0,234.0,234.0,530793.62485177
2020-04-07 07:34:00,234.0,235.0,233.0,233.0,137127.0887538
2020-04-07 07:35:00,233.0,234.0,233.0,233.0,135803.70646573
2020-04-07 07:36:00,233.0,233.0,233.0,233.0,20430.87247194
2020-04-07 07:37:00,233.0,234.0,233.0,234.0,70173.96064138
2020-04-07 07:38:00,233.0,234.0,233.0,233.0,6296.86091064
2020-04-07 07:39:00,233.0,234.0,233.0,233.0,14967.5402652
2020-04-07 07:40:00,233.0,233.0,233.0,233.0,13569.98348497
2020-04-07 07:41:00,234.0,234.0,233.0,233.0,8083.76764394
2020-04-07 07:42:00,233.0,234.0,233.0,233.0,101887.27597612
2020-04-07 07:43:00,233.0,234.0,233.0,233.0,63877.43881642
2020-04-07 07:44:00,233.0,234.0,233.0,234.0,466341.94794217
2020-04-07 07:45:00,234.0,234.0,234.0,234.0,204526.60769801
2020-04-07 07:46:00,234.0,234.0,233.0,234.0,11757.1284371
2020-04-07 07:47:00,234.0,235.0,233.0,234.0,103856.59805176
2020-04-07 07:48:00,234.0,234.0,234.0,234.0,6759.58822037
2020-04-07 07:49:00,234.0,234.0,233.0,233.0,63711.94983993
2020-04-07 07:50:00,234.0,234.0,234.0,234.0,33899.3354422
2020-04-07 07:51:00,234.0,234.0,233.0,234.0,33495.25353928
2020-04-07 07:52:00,234.0,234.0,234.0,234.0,10170.24702758
2020-04-07 07:53:00,234.0,234.0,233.0,234.0,16971.02405273
2020-04-07 07:54:00,234.0,234.0,233.0,233.0,7.0
2020-04-07 07:55:00,234.0,234.0,233.0,233.0,4870.63178166
2020-04-07 07:56:00,233.0,233.0,233.0,233.0,9.0
2020-04-07 07:58:00,234.0,234.0,234.0,234.0,26946.12588894
2020-04-07 07:59:00,234.0,234.0,234.0,234.0,7241.17428463
2020-04-07 08:00:00,234.0,234.0,233.0,234.0,2531.9569006
2020-04-07 08:01:00,234.0,234.0,233.0,233.0,1789.1517094
2020-04-07 08:02:00,234.0,234.0,233.0,234.0,6387.75612521
2020-04-07 08:03:00,233.0,234.0,233.0,234.0,2266.38390408
2020-04-07 08:04:00,234.0,234.0,233.0,233.0,42478.32626203
2020-04-07 08:05:00,233.0,233.0,233.0,233.0,10169.97035242
2020-04-07 08:06:00,233.0,234.0,233.0,234.0,12327.23013316
2020-04-07 08:07:00,234.0,234.0,233.0,234.0,1989.31189924
2020-04-07 08:08:00,234.0,234.0,234.0,234.0,42353.90894295
2020-04-07 08:09:00,234.0,234.0,234.0,234.0,8799.11072501
2020-04-07 08:10:00,234.0,234.0,234.0,234.0,2492.8860356
2020-04-07 08:11:00,234.0,234.0,233.0,234.0,24007.41131739
2020-04-07 08:13:00,233.0,234.0,233.0,234.0,9293.98798462
2020-04-07 08:14:00,234.0,234.0,234.0,234.0,22279.61476167
2020-04-07 08:15:00,233.0,233.0,233.0,233.0,2332.42582744
2020-04-07 08:16:00,234.0,234.0,233.0,234.0,26404.54135131
2020-04-07 08:17:00,234.0,234.0,233.0,233.0,6883.91348478
2020-04-07 08:18:00,233.0,233.0,233.0,233.0,107946.19416363
2020-04-07 08:19:00,233.0,234.0,233.0,233.0,1129.25397549
2020-04-07 08:20:00,233.0,233.0,233.0,233.0,3693.72441013
2020-04-07 08:21:00,234.0,234.0,233.0,234.0,10212.59861662
2020-04-07 08:22:00,234.0,234.0,234.0,234.0,14073.36804965
2020-04-07 08:23:00,234.0,234.0,234.0,234.0,95264.50449988
2020-04-07 08:24:00,233.0,234.0,233.0,233.0,59423.61881107
2020-04-07 08:25:00,234.0,234.0,233.0,233.0,181243.22368821
2020-04-07 08:26:00,233.0,235.0,233.0,234.0,287225.45493121
2020-04-07 08:27:00,234.0,234.0,234.0,234.0,222438.76888293
2020-04-07 08:28:00,234.0,234.0,234.0,234.0,67744.22959306
2020-04-07 08:29:00,234.0,235.0,234.0,234.0,232628.17345346
2020-04-07 08:30:00,234.0,235.0,234.0,235.0,30077.30954127
2020-04-07 08:31:00,235.0,235.0,234.0,235.0,22356.27299681
2020-04-07 08:32:00,235.0,235.0,235.0,235.0,22307.33037736
2020-04-07 08:33:00,234.0,236.0,234.0,235.0,195041.15665875
2020-04-07 08:34:00,235.0,236.0,234.0,235.0,578472.24077887
2020-04-07 08:35:00,235.0,236.0,235.0,235.0,47594.167215
2020-04-07 08:36:00,235.0,236.0,235.0,235.0,270404.49940802
2020-04-07 08:37:00,235.0,235.0,234.0,234.0,167508.68472055
2020-04-07 08:38:00,235.0,235.0,234.0,235.0,168497.81537358
2020-04-07 08:39:00,235.0,236.0,235.0,235.0,92421.27669124
2020-04-07 08:40:00,235.0,236.0,235.0,235.0,463856.17045293
2020-04-07 08:41:00,235.0,236.0,235.0,235.0,11943.10057932
2020-04-07 08:42:00,236.0,236.0,235.0,235.0,78849.76899432
2020-04-07 08:43:00,235.0,236.0,235.0,236.0,172116.37079963
2020-04-07 08:44:00,235.0,237.0,235.0,236.0,365581.06947388
2020-04-07 08:45:00,236.0,237.0,236.0,237.0,61422.51401944
2020-04-07 08:46:00,236.0,236.0,236.0,236.0,17053.0082344
2020-04-07 08:47:00,236.0,237.0,235.0,236.0,205550.30245979
2020-04-07 08:48:00,236.0,236.0,235.0,235.0,21515.61105973
2020-04-07 08:49:00,235.0,236.0,235.0,235.0,4978.76457585
2020-04-07 08:50:00,236.0,236.0,235.0,235.0,16312.48355197
2020-04-07 08:51:00,235.0,236.0,235.0,236.0,22143.28674077
2020-04-07 08:52:00,235.0,236.0,235.0,236.0,10434.53415892
2020-04-07 08:53:00,235.0,236.0,235.0,235.0,15913.90197216
2020-04-07 08:54:00,236.0,236.0,235.0,236.0,200467.65234284
2020-04-07 08:55:00,236.0,237.0,236.0,236.0,10598.45541172
2020-04-07 08:56:00,236.0,237.0,236.0,236.0,351400.30974772
2020-04-07 08:57:00,236.0,238.0,236.0,238.0,489280.80220903
2020-04-07 08:58:00,238.0,238.0,237.0,238.0,17862.45385751
2020-04-07 08:59:00,238.0,238.0,237.0,238.0,64623.69523322
2020-04-07 17:35:00,239.0,240.0,239.0,239.0,29348.73957856
2020-04-07 17:36:00,239.0,240.0,239.0,239.0,14834.83325833
2020-04-07 17:37:00,239.0,240.0,239.0,239.0,100315.87765922
2020-04-07 17:38:00,239.0,240.0,239.0,239.0,17692.54646377
2020-04-07 17:39:00,239.0,239.0,239.0,239.0,40070.12571088
2020-04-07 17:40:00,239.0,239.0,239.0,239.0,140978.37819906
2020-04-07 17:41:00,239.0,239.0,239.0,239.0,242698.00948729
2020-04-07 17:42:00,239.0,240.0,239.0,239.0,305277.07656809
2020-04-07 17:43:00,240.0,240.0,239.0,239.0,160133.22278404
2020-04-07 17:44:00,239.0,239.0,239.0,239.0,80859.68823725
2020-04-07 17:45:00,239.0,239.0,239.0,239.0,1150.85610721
2020-04-07 17:46:00,240.0,240.0,239.0,240.0,17297.28743378
2020-04-07 17:47:00,240.0,240.0,240.0,240.0,18713.44556218
2020-04-07 17:48:00,240.0,240.0,239.0,239.0,61504.53823087
2020-04-07 17:49:00,240.0,240.0,239.0,239.0,12495.84935774
2020-04-07 17:50:00,239.0,239.0,239.0,239.0,13408.22088726
2020-04-07 17:51:00,239.0,240.0,239.0,240.0,2261.82458331
2020-04-07 17:52:00,240.0,240.0,239.0,240.0,300909.51444182
2020-04-07 17:53:00,240.0,240.0,240.0,240.0,12621.86678655
2020-04-07 17:54:00,241.0,241.0,240.0,240.0,5158.97803703
2020-04-07 17:55:00,240.0,240.0,240.0,240.0,1666.54580895
2020-04-07 17:56:00,240.0,240.0,240.0,240.0,832.77365135
2020-04-07 17:57:00,240.0,240.0,240.0,240.0,5000.0
2020-04-07 17:58:00,240.0,241.0,240.0,241.0,16928.27538155
2020-04-07 17:59:00,241.0,241.0,241.0,241.0,10371.37033143
2020-04-07 18:00:00,241.0,241.0,240.0,240.0,36576.7835409
2020-04-07 18:01:00,240.0,241.0,240.0,241.0,4839.37936694
2020-04-07 18:02:00,240.0,241.0,240.0,241.0,457.04208157
2020-04-07 18:03:00,240.0,241.0,240.0,241.0,4280.62098163
2020-04-07 18:04:00,240.0,241.0,240.0,240.0,361010.29140734
2020-04-07 18:05:00,240.0,240.0,239.0,240.0,19770.8640722
2020-04-07 18:06:00,240.0,240.0,239.0,239.0,24330.32874096
2020-04-07 18:07:00,240.0,240.0,240.0,240.0,5215.76430793
2020-04-07 18:08:00,240.0,240.0,240.0,240.0,59.92
2020-04-07 18:09:00,240.0,240.0,240.0,240.0,32921.71272887
2020-04-07 18:10:00,239.0,239.0,239.0,239.0,642.3120728
2020-04-07 18:11:00,239.0,239.0,239.0,239.0,56799.34693349
2020-04-07 18:12:00,239.0,239.0,239.0,239.0,4869.11840421
2020-04-07 18:13:00,240.0,240.0,240.0,240.0,23.60416667
2020-04-07 18:14:00,240.0,240.0,240.0,240.0,3329.56287855
2020-04-07 18:15:00,239.0,239.0,239.0,239.0,2287.45475412
2020-04-07 18:16:00,239.0,240.0,239.0,239.0,6286.5540251
2020-04-07 18:17:00,240.0,240.0,240.0,240.0,6652.76112672
2020-04-07 18:18:00,240.0,240.0,240.0,240.0,471.46916666
2020-04-07 18:19:00,240.0,240.0,240.0,240.0,492.7083234
2020-04-07 18:21:00,240.0,240.0,240.0,240.0,126313.05597201
2020-04-07 18:22:00,240.0,240.0,239.0,239.0,42321.91802535
2020-04-07 18:23:00,239.0,240.0,239.0,239.0,1546.4190254
2020-04-07 18:24:00,239.0,240.0,239.0,240.0,14322.91514239
2020-04-07 18:25:00,240.0,240.0,240.0,240.0,6411.90987839
2020-04-07 18:26:00,239.0,240.0,239.0,240.0,246209.60599613
2020-04-07 18:27:00,240.0,240.0,240.0,240.0,39021.73405777
2020-04-07 18:28:00,240.0,240.0,239.0,239.0,39369.68470354
2020-04-07 18:29:00,240.0,240.0,240.0,240.0,1037.34439834
2020-04-07 18:30:00,240.0,240.0,239.0,239.0,1137.34439834
2020-04-07 18:31:00,240.0,241.0,240.0,241.0,8135.32451884
2020-04-07 18:33:00,240.0,240.0,240.0,240.0,154568.41944626
2020-04-07 18:34:00,240.0,240.0,240.0,240.0,210902.06091753
2020-04-07 18:36:00,241.0,241.0,241.0,241.0,20.74688796
2020-04-07 18:37:00,241.0,241.0,240.0,240.0,46880.06634773
2020-04-07 18:38:00,240.0,240.0,240.0,240.0,33832.85208312
2020-04-07 18:39:00,240.0,241.0,240.0,241.0,62440.47384495
2020-04-07 18:40:00,241.0,241.0,241.0,241.0,176.16019284
2020-04-07 18:41:00,240.0,241.0,240.0,241.0,43648.68023427
2020-04-07 18:43:00,240.0,240.0,240.0,240.0,233.82767129
2020-04-07 18:45:00,241.0,241.0,241.0,241.0,291.72985066
2020-04-07 18:46:00,240.0,240.0,240.0,240.0,53.4
2020-04-07 18:47:00,240.0,240.0,240.0,240.0,11499.89122805
2020-04-07 18:48:00,240.0,240.0,239.0,240.0,308116.06537436
2020-04-07 18:49:00,240.0,241.0,239.0,241.0,30140.29148534
2020-04-07 18:50:00,240.0,241.0,240.0,240.0,13401.62388158
2020-04-07 18:51:00,240.0,240.0,240.0,240.0,8910.50481591
2020-04-07 18:52:00,241.0,241.0,241.0,241.0,68987.57675104
2020-04-07 18:53:00,241.0,241.0,241.0,241.0,8544.43911853
2020-04-07 18:54:00,241.0,241.0,240.0,240.0,21252.43801943
2020-04-07 18:55:00,241.0,241.0,240.0,240.0,7018.29587762
2020-04-07 18:56:00,240.0,241.0,240.0,241.0,30736.86584909
2020-04-07 18:57:00,241.0,241.0,241.0,241.0,544.50520134
2020-04-07 18:58:00,241.0,241.0,241.0,241.0,3852.48950437
2020-04-07 18:59:00,241.0,241.0,241.0,241.0,5534.40034036
2020-04-07 19:00:00,241.0,241.0,241.0,241.0,3497.92531116
2020-04-07 19:01:00,241.0,241.0,241.0,241.0,6012.53107877
2020-04-07 19:02:00,241.0,241.0,241.0,241.0,114453.99917852
2020-04-07 19:03:00,241.0,242.0,241.0,242.0,227243.56964508
2020-04-07 19:04:00,241.0,242.0,241.0,242.0,23417.07429857
2020-04-07 19:05:00,242.0,242.0,242.0,242.0,4822.49412481
2020-04-07 19:06:00,242.0,242.0,242.0,242.0,270228.38565425
2020-04-07 19:07:00,242.0,243.0,242.0,242.0,157101.84014792
2020-04-07 19:08:00,242.0,242.0,242.0,242.0,23254.91008378
2020-04-07 19:09:00,242.0,242.0,241.0,241.0,133476.42254759
2020-04-07 19:10:00,241.0,241.0,240.0,241.0,177142.41135131
2020-04-07 19:11:00,241.0,241.0,240.0,241.0,19504.94360228
2020-04-07 19:12:00,240.0,241.0,240.0,241.0,119245.45159648
2020-04-07 19:13:00,241.0,241.0,241.0,241.0,9999.00002976
2020-04-07 19:14:00,241.0,242.0,241.0,242.0,68403.49253369
2020-04-07 19:15:00,242.0,242.0,242.0,242.0,510.53139862
2020-04-07 19:16:00,242.0,242.0,241.0,241.0,147.55582126
2020-04-07 19:17:00,241.0,242.0,241.0,242.0,15902.27290707
2020-04-07 19:18:00,242.0,242.0,242.0,242.0,1128.91376766
2020-04-07 19:19:00,241.0,241.0,241.0,241.0,1981.950114
2020-04-07 19:20:00,242.0,242.0,241.0,241.0,169437.70284461
2020-04-07 19:21:00,242.0,242.0,241.0,242.0,70701.7149454
2020-04-07 19:22:00,242.0,242.0,242.0,242.0,2757.78326582
2020-04-07 19:23:00,242.0,242.0,242.0,242.0,1080.0
2020-04-07 19:24:00,242.0,244.0,242.0,244.0,665398.70428864
2020-04-07 19:25:00,244.0,244.0,242.0,243.0,349725.85909145
2020-04-07 19:26:00,243.0,244.0,242.0,243.0,474392.36250249
2020-04-07 19:27:00,243.0,244.0,243.0,243.0,50080.36130323
2020-04-07 19:28:00,243.0,244.0,243.0,243.0,17627.83328968
2020-04-07 19:29:00,244.0,244.0,244.0,244.0,34497.57445784
2020-04-07 19:30:00,244.0,244.0,243.0,244.0,169641.77821127
2020-04-07 19:31:00,243.0,244.0,243.0,243.0,8866.90834656
2020-04-07 19:32:00,243.0,244.0,242.0,243.0,429617.46152273
2020-04-07 19:33:00,244.0,244.0,243.0,243.0,49777.44776626
2020-04-07 19:34:00,243.0,244.0,243.0,244.0,17989.35934226
2020-04-07 19:35:00,243.0,244.0,243.0,244.0,63861.99003771
2020-04-07 19:36:00,243.0,243.0,243.0,243.0,3.0
2020-04-07 19:37:00,244.0,245.0,244.0,245.0,676938.05220085
2020-04-07 19:38:00,245.0,245.0,244.0,245.0,42358.7708051
2020-04-07 19:39:00,245.0,245.0,244.0,245.0,165881.62219764
2020-04-07 19:40:00,245.0,245.0,244.0,244.0,876301.03968372
2020-04-07 19:41:00,244.0,245.0,243.0,243.0,400712.97230241
2020-04-07 19:42:00,243.0,244.0,243.0,244.0,44.15226338
2020-04-07 19:43:00,244.0,245.0,244.0,244.0,219925.51165704
2020-04-07 19:44:00,244.0,244.0,244.0,244.0,28690.61056757
2020-04-07 19:45:00,244.0,244.0,244.0,244.0,6026.20852302
2020-04-07 19:46:00,244.0,244.0,244.0,244.0,133198.34784745
2020-04-07 19:47:00,245.0,245.0,245.0,245.0,10000.0
2020-04-07 19:48:00,245.0,245.0,245.0,245.0,11707.1959181
2020-04-07 19:49:00,245.0,245.0,245.0,245.0,136382.07308473
2020-04-07 19:50:00,244.0,245.0,244.0,245.0,55095.26009494
2020-04-07 19:51:00,244.0,244.0,243.0,244.0,451961.85262103
2020-04-07 19:52:00,244.0,244.0,243.0,244.0,38898.30775024
2020-04-07 19:53:00,244.0,245.0,244.0,245.0,36090.00488781
2020-04-07 19:54:00,244.0,245.0,244.0,245.0,416.45952081
2020-04-07 19:55:00,245.0,245.0,245.0,245.0,15734.54612233
2020-04-07 19:56:00,245.0,245.0,245.0,245.0,81.63265306
2020-04-07 19:57:00,244.0,244.0,244.0,244.0,20742.68592725
2020-04-07 19:58:00,244.0,245.0,244.0,245.0,225058.58804839
2020-04-07 19:59:00,245.0,245.0,244.0,244.0,12973.0807267
2020-04-07 20:00:00,244.0,245.0,244.0,244.0,328943.38951072
2020-04-07 20:01:00,244.0,244.0,243.0,244.0,16534.91962153
2020-04-07 20:02:00,243.0,244.0,243.0,243.0,106058.21105375
2020-04-07 20:03:00,243.0,244.0,242.0,243.0,274597.12362844
2020-04-07 20:04:00,242.0,244.0,242.0,244.0,199885.638741
2020-04-07 20:05:00,244.0,244.0,244.0,244.0,142.53923856
2020-04-07 20:06:00,244.0,244.0,243.0,244.0,2924.15995591
2020-04-07 20:07:00,244.0,244.0,243.0,243.0,11046.34019254
2020-04-07 20:08:00,243.0,244.0,243.0,243.0,41252.08859689
2020-04-07 20:09:00,243.0,244.0,243.0,243.0,138.96721311
2020-04-07 20:10:00,243.0,244.0,243.0,243.0,101231.79630336
2020-04-07 20:11:00,243.0,244.0,243.0,243.0,93098.47495032
2020-04-07 20:12:00,243.0,244.0,243.0,243.0,2045.24724617
2020-04-07 20:13:00,243.0,244.0,243.0,243.0,35575.74455486
2020-04-07 20:14:00,243.0,243.0,242.0,242.0,330353.05746727
2020-04-07 20:15:00,242.0,242.0,242.0,242.0,21747.00787788
2020-04-07 20:16:00,242.0,242.0,242.0,242.0,59940.99694328
2020-04-07 20:17:00,242.0,243.0,242.0,243.0,9532.88281046
2020-04-07 20:18:00,243.0,243.0,243.0,243.0,10329.21810696
2020-04-07 20:19:00,242.0,243.0,242.0,242.0,285214.41246721
2020-04-07 20:20:00,242.0,242.0,241.0,241.0,338629.06189264
2020-04-07 20:21:00,242.0,242.0,242.0,242.0,70593.33481032
2020-04-07 20:22:00,242.0,242.0,241.0,242.0,112693.6395593
2020-04-07 20:23:00,243.0,243.0,241.0,241.0,74791.95586897
2020-04-07 20:24:00,241.0,241.0,241.0,241.0,273.93110448
2020-04-07 20:25:00,241.0,242.0,241.0,242.0,94815.50634779
2020-04-07 20:26:00,242.0,242.0,241.0,242.0,8210.76651773
2020-04-07 20:27:00,242.0,242.0,241.0,241.0,3658.18889315
2020-04-07 20:28:00,241.0,242.0,241.0,242.0,182007.61459597
2020-04-07 20:29:00,242.0,242.0,242.0,242.0,23741.16849279
2020-04-07 20:30:00,243.0,243.0,243.0,243.0,4944.03441068
2020-04-07 20:31:00,243.0,243.0,243.0,243.0,383.49733766
2020-04-07 20:32:00,243.0,243.0,243.0,243.0,49466.96400691
2020-04-07 20:33:00,243.0,243.0,243.0,243.0,3276.41117712
2020-04-07 20:34:00,243.0,243.0,243.0,243.0,15262.51907376
2020-04-07 20:35:00,243.0,244.0,243.0,244.0,325730.76032656
2020-04-07 20:36:00,244.0,244.0,243.0,243.0,27449.32608322
2020-04-07 20:37:00,243.0,243.0,243.0,243.0,8128.23058112
2020-04-07 20:38:00,243.0,243.0,242.0,243.0,19242.15384526
2020-04-07 20:39:00,244.0,244.0,242.0,242.0,2742.9246638
2020-04-07 20:40:00,242.0,242.0,242.0,242.0,17877.25569031
2020-04-07 20:41:00,242.0,243.0,242.0,243.0,84.65127758
2020-04-07 20:42:00,243.0,243.0,242.0,242.0,26679.66996467
2020-04-07 20:43:00,243.0,243.0,242.0,243.0,2189.59723961
2020-04-07 20:44:00,243.0,243.0,243.0,243.0,116328.18661053
2020-04-07 20:45:00,243.0,244.0,243.0,244.0,29131.41550649
2020-04-07 20:46:00,244.0,244.0,243.0,243.0,16837.50909971
2020-04-07 20:47:00,243.0,243.0,242.0,243.0,3809.86762653
2020-04-07 20:48:00,243.0,243.0,243.0,243.0,29920.76860199
2020-04-07 20:49:00,243.0,244.0,243.0,244.0,12619.70787491
2020-04-07 20:50:00,244.0,244.0,243.0,244.0,1594.33418826
2020-04-07 20:51:00,243.0,244.0,243.0,244.0,14294.221594
2020-04-07 20:52:00,244.0,244.0,244.0,244.0,2431.17547619
2020-04-07 20:53:00,244.0,244.0,243.0,244.0,413.10439567
2020-04-07 20:54:00,243.0,244.0,243.0,243.0,32700.66346807
2020-04-07 20:55:00,243.0,243.0,243.0,243.0,118314.51739042
2020-04-07 20:56:00,243.0,243.0,243.0,243.0,106777.12312346
2020-04-07 20:57:00,243.0,243.0,242.0,242.0,1150.1111111
2020-04-07 20:58:00,243.0,243.0,242.0,243.0,4251.03486974
2020-04-07 20:59:00,243.0,243.0,242.0,243.0,3091.22106486
2020-04-08 05:34:00,232.0,232.0,231.0,232.0,1217.90387065
2020-04-08 05:35:00,231.0,232.0,231.0,231.0,334166.44471481
2020-04-08 05:36:00,230.0,230.0,230.0,230.0,135944.66692372
2020-04-08 05:37:00,230.0,232.0,230.0,231.0,441600.01149564
2020-04-08 05:38:00,231.0,231.0,230.0,230.0,11107.1070801
2020-04-08 05:39:00,230.0,231.0,230.0,230.0,18389.91489457
2020-04-08 05:40:00,231.0,231.0,230.0,230.0,48581.95952853
2020-04-08 05:41:00,231.0,231.0,230.0,231.0,82891.40286955
2020-04-08 05:42:00,231.0,232.0,231.0,232.0,57008.23897519
2020-04-08 05:43:00,231.0,232.0,231.0,232.0,95421.00544114
2020-04-08 05:44:00,232.0,232.0,230.0,231.0,17190.95511685
2020-04-08 05:45:00,231.0,231.0,231.0,231.0,314.06926406
2020-04-08 05:46:00,231.0,231.0,230.0,231.0,17302.27076718
2020-04-08 05:47:00,230.0,231.0,230.0,231.0,492.09302792
2020-04-08 05:48:00,231.0,231.0,230.0,230.0,5447.41861471
2020-04-08 05:49:00,230.0,231.0,230.0,231.0,211771.63685794
2020-04-08 05:50:00,231.0,231.0,231.0,231.0,27788.42961407
2020-04-08 05:51:00,231.0,231.0,230.0,230.0,2067.19997625
2020-04-08 05:52:00,230.0,230.0,230.0,230.0,15320.085476
2020-04-08 05:53:00,231.0,231.0,230.0,230.0,9199.52770596
2020-04-08 05:54:00,231.0,231.0,230.0,231.0,32870.28818443
2020-04-08 05:55:00,231.0,231.0,230.0,230.0,238146.53671102
2020-04-08 05:56:00,230.0,231.0,230.0,230.0,128440.37437645
2020-04-08 05:57:00,231.0,231.0,230.0,230.0,9967.46712529
2020-04-08 05:58:00,230.0,230.0,230.0,230.0,14545.39276029
2020-04-08 05:59:00,230.0,231.0,230.0,230.0,1624.12860404
2020-04-08 06:00:00,230.0,231.0,230.0,230.0,404910.73812847
2020-04-08 06:01:00,230.0,230.0,230.0,230.0,357351.66179562
2020-04-08 06:02:00,230.0,230.0,229.0,229.0,321967.86424149
2020-04-08 06:03:00,229.0,230.0,229.0,230.0,242.57476954
2020-04-08 06:04:00,229.0,230.0,229.0,230.0,233098.14642361
2020-04-08 06:05:00,230.0,230.0,230.0,230.0,26674.57393701
2020-04-08 06:06:00,230.0,230.0,230.0,230.0,1767.45652173
2020-04-08 06:07:00,230.0,230.0,229.0,230.0,44794.73312037
2020-04-08 06:08:00,229.0,229.0,229.0,229.0,1520.83541562
2020-04-08 06:09:00,230.0,230.0,229.0,229.0,112961.52188098
2020-04-08 06:10:00,230.0,230.0,230.0,230.0,142201.85465096
2020-04-08 06:11:00,230.0,230.0,230.0,230.0,62756.52790507
2020-04-08 06:12:00,230.0,230.0,230.0,230.0,60035.76195169
2020-04-08 06:13:00,230.0,231.0,230.0,230.0,13321.4243277
2020-04-08 06:14:00,230.0,231.0,230.0,231.0,161357.26662231
2020-04-08 06:15:00,230.0,231.0,230.0,231.0,241723.7838689
2020-04-08 06:16:00,232.0,232.0,232.0,232.0,26399.30034982
2020-04-08 06:17:00,232.0,232.0,231.0,231.0,42605.96356731
2020-04-08 06:19:00,231.0,232.0,231.0,231.0,47159.65651531
2020-04-08 06:21:00,232.0,232.0,231.0,232.0,4622.71724137
2020-04-08 06:22:00,232.0,232.0,231.0,232.0,5362.92480999
2020-04-08 06:23:00,231.0,232.0,231.0,232.0,44598.98774929
2020-04-08 06:24:00,232.0,232.0,231.0,232.0,290757.56302577
2020-04-08 06:25:00,232.0,232.0,231.0,231.0,441252.30856287
2020-04-08 06:26:00,232.0,232.0,231.0,231.0,82992.69582895
2020-04-08 06:27:00,232.0,232.0,231.0,232.0,64138.17243901
2020-04-08 06:28:00,232.0,233.0,231.0,232.0,8992.88292644
2020-04-08 06:29:00,233.0,233.0,232.0,232.0,266.19731196
2020-04-08 06:30:00,233.0,233.0,232.0,233.0,686.65449608
2020-04-08 06:31:00,232.0,233.0,232.0,232.0,35.85516428
2020-04-08 06:32:00,233.0,233.0,232.0,232.0,294936.98793967
2020-04-08 06:33:00,232.0,233.0,232.0,232.0,115702.65696512
2020-04-08 06:34:00,232.0,233.0,232.0,233.0,12400.99133495
2020-04-08 06:35:00,233.0,233.0,233.0,233.0,3013.86503416
2020-04-08 06:36:00,233.0,233.0,232.0,233.0,267288.2938564
2020-04-08 06:37:00,233.0,234.0,233.0,233.0,9287.41849683
2020-04-08 06:38:00,234.0,234.0,233.0,233.0,8979.54827585
2020-04-08 06:39:00,233.0,234.0,233.0,233.0,69065.6532018
2020-04-08 06:40:00,234.0,234.0,233.0,234.0,17212.89491109
2020-04-08 06:41:00,233.0,233.0,233.0,233.0,2.17826087
2020-04-08 06:42:00,233.0,233.0,233.0,233.0,4444.44444444
2020-04-08 06:43:00,234.0,234.0,233.0,233.0,21527.31623034
2020-04-08 06:44:00,234.0,234.0,233.0,234.0,317594.70670063
2020-04-08 06:45:00,233.0,234.0,233.0,233.0,89374.33322301
2020-04-08 06:46:00,234.0,234.0,233.0,233.0,4684.39288164
2020-04-08 06:47:00,233.0,234.0,233.0,233.0,12293.41030321
2020-04-08 06:48:00,233.0,234.0,233.0,233.0,48194.95122379
2020-04-08 06:49:00,233.0,233.0,233.0,233.0,4324.67748809
2020-04-08 06:51:00,233.0,233.0,233.0,233.0,51.50214592
2020-04-08 06:52:00,233.0,233.0,233.0,233.0,12601.24720672
2020-04-08 06:54:00,233.0,233.0,233.0,233.0,17407.94478793
2020-04-08 06:55:00,233.0,233.0,233.0,233.0,135072.38138535
2020-04-08 06:56:00,234.0,234.0,233.0,234.0,17176.16787109
2020-04-08 06:57:00,233.0,233.0,232.0,232.0,318774.76615834
2020-04-08 06:58:00,233.0,233.0,232.0,233.0,5770.77525853
2020-04-08 06:59:00,233.0,233.0,232.0,233.0,189672.90312872
2020-04-08 07:00:00,233.0,233.0,232.0,232.0,1472.23092412
2020-04-08 07:01:00,233.0,233.0,233.0,233.0,72500.78787954
2020-04-08 07:02:00,233.0,233.0,232.0,232.0,36883.47238115
2020-04-08 07:03:00,233.0,233.0,232.0,232.0,24976.75294388
2020-04-08 07:04:00,232.0,232.0,232.0,232.0,1917.25576419
2020-04-08 07:05:00,233.0,233.0,232.0,232.0,5111.19626238
2020-04-08 07:06:00,232.0,232.0,232.0,232.0,171922.34078333
2020-04-08 07:07:00,233.0,233.0,232.0,232.0,10258.3529287
2020-04-08 07:08:00,232.0,233.0,232.0,233.0,37713.82307256
2020-04-08 07:09:00,233.0,233.0,232.0,233.0,203993.16072668
2020-04-08 07:10:00,233.0,233.0,232.0,233.0,99754.58351994
2020-04-08 07:11:00,233.0,233.0,232.0,233.0,6772.18934271
2020-04-08 07:12:00,232.0,233.0,232.0,233.0,1676.44138322
2020-04-08 07:13:00,233.0,233.0,233.0,233.0,19759.43916237
2020-04-08 07:14:00,232.0,232.0,232.0,232.0,1266.38483775
2020-04-08 07:15:00,233.0,233.0,233.0,233.0,8669.68018135
2020-04-08 07:16:00,232.0,232.0,232.0,232.0,2157.07979343
2020-04-08 07:17:00,232.0,233.0,232.0,232.0,63883.29178178
2020-04-08 07:18:00,232.0,233.0,232.0,233.0,31747.98532876
2020-04-08 07:19:00,233.0,233.0,232.0,233.0,92097.47421277
2020-04-08 07:20:00,233.0,233.0,233.0,233.0,85.8369097
2020-04-08 07:21:00,232.0,233.0,232.0,233.0,21762.04150998
2020-04-08 07:22:00,233.0,233.0,232.0,233.0,58173.48881956
2020-04-08 07:23:00,233.0,233.0,232.0,233.0,11883.61281169
2020-04-08 07:24:00,233.0,233.0,232.0,232.0,5353.47155518
2020-04-08 07:25:00,233.0,233.0,232.0,232.0,8537.09393681
2020-04-08 07:26:00,233.0,233.0,232.0,232.0,1621.16743757
2020-04-08 07:27:00,232.0,233.0,232.0,232.0,83125.58354807
2020-04-08 07:28:00,232.0,232.0,231.0,231.0,511426.76377221
2020-04-08 07:29:00,231.0,232.0,231.0,231.0,12404.69325415
2020-04-08 07:30:00,231.0,231.0,231.0,231.0,37516.00345682
2020-04-08 07:31:00,231.0,232.0,231.0,231.0,23521.19418848
2020-04-08 07:32:00,231.0,232.0,231.0,232.0,125552.30189068
2020-04-08 07:33:00,232.0,233.0,232.0,232.0,132452.73155668
2020-04-08 07:34:00,232.0,232.0,232.0,232.0,45635.69881327
2020-04-08 07:35:00,232.0,233.0,232.0,232.0,8483.62187749
2020-04-08 07:36:00,232.0,232.0,232.0,232.0,2286.5005975
2020-04-08 07:37:00,233.0,233.0,232.0,232.0,7.29184549
2020-04-08 07:38:00,232.0,232.0,232.0,232.0,53.18000047
2020-04-08 07:39:00,233.0,233.0,232.0,232.0,44658.0857539
2020-04-08 07:40:00,233.0,233.0,232.0,232.0,32536.60985269
2020-04-08 07:41:00,233.0,233.0,232.0,232.0,680.54979704
2020-04-08 07:43:00,233.0,233.0,232.0,232.0,12084.93175583
2020-04-08 07:44:00,233.0,233.0,232.0,232.0,1372.04506638
2020-04-08 07:45:00,233.0,233.0,232.0,233.0,4312.88946903
2020-04-08 07:46:00,233.0,233.0,233.0,233.0,749490.38184939
2020-04-08 07:47:00,233.0,234.0,233.0,233.0,5257.81796268
2020-04-08 07:48:00,233.0,233.0,233.0,233.0,33120.1044299
2020-04-08 07:49:00,233.0,233.0,232.0,232.0,74807.9789785
2020-04-08 07:50:00,232.0,232.0,232.0,232.0,5430.13471804
2020-04-08 07:51:00,233.0,233.0,233.0,233.0,23477.52618023
2020-04-08 07:52:00,233.0,233.0,232.0,232.0,6510.91023372
2020-04-08 07:53:00,233.0,233.0,232.0,233.0,52064.00720035
2020-04-08 07:54:00,233.0,233.0,232.0,232.0,6318.45835611
2020-04-08 07:55:00,233.0,233.0,232.0,232.0,12224.34159788
2020-04-08 07:56:00,232.0,232.0,232.0,232.0,9163.35233671
2020-04-08 07:57:00,233.0,233.0,232.0,232.0,2427.67417141
2020-04-08 07:58:00,233.0,233.0,232.0,232.0,28451.69205284
2020-04-08 07:59:00,233.0,233.0,232.0,232.0,3004.4930418
2020-04-08 08:00:00,233.0,233.0,232.0,232.0,753.62211862
2020-04-08 08:01:00,233.0,233.0,232.0,232.0,30078.54523903
2020-04-08 08:02:00,232.0,232.0,232.0,232.0,1675.0
2020-04-08 08:03:00,233.0,233.0,232.0,232.0,6.53848227
2020-04-08 08:04:00,233.0,233.0,232.0,232.0,1931.08869686
2020-04-08 08:05:00,233.0,233.0,232.0,232.0,10522.18245483
2020-04-08 08:06:00,232.0,232.0,232.0,232.0,86.20689655
2020-04-08 08:07:00,232.0,233.0,232.0,232.0,27.44187581
2020-04-08 08:08:00,232.0,232.0,232.0,232.0,32791.05701013
2020-04-08 08:09:00,233.0,233.0,232.0,232.0,12581.70126891
2020-04-08 08:10:00,232.0,233.0,232.0,233.0,25514.14062467
2020-04-08 08:11:00,232.0,233.0,232.0,232.0,436525.27883175
2020-04-08 08:13:00,232.0,233.0,232.0,232.0,406.53848227
2020-04-08 08:14:00,232.0,233.0,232.0,232.0,59956.7918915
2020-04-08 08:15:00,232.0,233.0,232.0,232.0,50983.02425798
2020-04-08 08:16:00,232.0,233.0,232.0,232.0,12824.50525407
2020-04-08 08:17:00,233.0,233.0,232.0,232.0,7190.51189675
2020-04-08 08:18:00,232.0,232.0,232.0,232.0,2699.48107464
2020-04-08 08:19:00,232.0,233.0,232.0,232.0,6127.74250225
2020-04-08 08:20:00,232.0,233.0,232.0,232.0,19373.71532747
2020-04-08 08:21:00,233.0,233.0,232.0,232.0,1544.75409134
2020-04-08 08:22:00,233.0,233.0,232.0,232.0,942.74178892
2020-04-08 08:23:00,233.0,233.0,232.0,232.0,29206.71620321
2020-04-08 08:24:00,232.0,233.0,232.0,232.0,4148.37798121
2020-04-08 08:25:00,233.0,233.0,232.0,232.0,76011.42635164
2020-04-08 08:26:00,232.0,232.0,232.0,232.0,85321.18591299
2020-04-08 08:27:00,232.0,233.0,232.0,232.0,213675.6995793
2020-04-08 08:28:00,232.0,232.0,232.0,232.0,55607.40119257
2020-04-08 08:29:00,231.0,232.0,231.0,232.0,13751.3378308
2020-04-08 08:30:00,232.0,232.0,231.0,231.0,10673.25990207
2020-04-08 08:31:00,231.0,232.0,231.0,231.0,21315.76340218
2020-04-08 08:32:00,231.0,231.0,231.0,231.0,11876.77727448
2020-04-08 08:33:00,232.0,232.0,231.0,231.0,23905.74583614
2020-04-08 08:34:00,231.0,231.0,230.0,230.0,249246.66030709
2020-04-08 08:35:00,231.0,232.0,230.0,230.0,41329.97135546
2020-04-08 08:36:00,230.0,231.0,230.0,230.0,31509.09226804
2020-04-08 08:37:00,230.0,231.0,230.0,230.0,224644.06706775
2020-04-08 08:38:00,231.0,231.0,230.0,231.0,3166.08049769
2020-04-08 08:39:00,231.0,231.0,230.0,231.0,11357.78577398
2020-04-08 08:40:00,231.0,231.0,230.0,230.0,2524.41321662
2020-04-08 08:41:00,230.0,231.0,230.0,230.0,15856.88082001
2020-04-08 08:42:00,230.0,231.0,230.0,230.0,288798.64355871
2020-04-08 08:43:00,230.0,231.0,230.0,231.0,42605.2510678
2020-04-08 08:44:00,230.0,231.0,230.0,231.0,305840.51400421
2020-04-08 08:45:00,231.0,231.0,230.0,231.0,273299.5840905
2020-04-08 08:46:00,231.0,231.0,230.0,230.0,72089.27615886
2020-04-08 08:47:00,231.0,232.0,230.0,231.0,14101.47534213
2020-04-08 08:48:00,231.0,231.0,231.0,231.0,8254.61980666
2020-04-08 08:49:00,232.0,232.0,231.0,231.0,6.57731315
2020-04-08 08:50:00,232.0,232.0,231.0,231.0,531.8651044
2020-04-08 08:51:00,232.0,232.0,231.0,231.0,6.56710158
2020-04-08 08:52:00,231.0,232.0,231.0,231.0,8137.86546853
2020-04-08 08:53:00,232.0,232.0,231.0,232.0,198483.2473284
2020-04-08 08:54:00,233.0,233.0,232.0,232.0,68006.58033845
2020-04-08 08:55:00,233.0,233.0,232.0,232.0,51038.49839718
2020-04-08 08:56:00,232.0,232.0,232.0,232.0,55914.93147605
2020-04-08 08:57:00,232.0,232.0,231.0,231.0,293.68781429
2020-04-08 08:58:00,232.0,232.0,232.0,232.0,137465.76874222
2020-04-08 08:59:00,232.0,232.0,232.0,232.0,119824.93664911
2020-04-08 17:31:00,240.0,240.0,240.0,240.0,25888.73055139
2020-04-08 17:32:00,240.0,240.0,240.0,240.0,41448.35871812
2020-04-08 17:33:00,240.0,240.0,240.0,240.0,10925.323499
2020-04-08 17:34:00,240.0,240.0,240.0,240.0,5231.02673502
2020-04-08 17:35:00,240.0,240.0,240.0,240.0,104620.7
2020-04-08 17:36:00,240.0,240.0,240.0,240.0,241278.95282483
2020-04-08 17:37:00,240.0,240.0,239.0,239.0,20432.02604166
2020-04-08 17:38:00,239.0,239.0,239.0,239.0,9203.67356925
2020-04-08 17:39:00,239.0,240.0,239.0,240.0,23961.40199903
2020-04-08 17:40:00,240.0,240.0,240.0,240.0,258.33333333
2020-04-08 17:41:00,240.0,240.0,239.0,239.0,149834.27254313
2020-04-08 17:42:00,239.0,239.0,239.0,239.0,13782.03124999
2020-04-08 17:43:00,239.0,240.0,239.0,239.0,221106.75445641
2020-04-08 17:44:00,239.0,239.0,239.0,239.0,50459.90631319
2020-04-08 17:45:00,239.0,240.0,239.0,240.0,25610.17559196
2020-04-08 17:46:00,239.0,240.0,239.0,240.0,141406.04861946
2020-04-08 17:47:00,239.0,239.0,239.0,239.0,43056.73153527
2020-04-08 17:48:00,239.0,240.0,239.0,240.0,24314.73830728
2020-04-08 17:49:00,239.0,240.0,239.0,240.0,3957.48466022
2020-04-08 17:50:00,239.0,239.0,239.0,239.0,2243.67304256
2020-04-08 17:51:00,239.0,239.0,239.0,239.0,400.0
2020-04-08 17:52:00,239.0,240.0,239.0,240.0,8806.48276831
2020-04-08 17:53:00,240.0,240.0,240.0,240.0,27138.33916372
2020-04-08 17:54:00,240.0,240.0,240.0,240.0,266.66666666
2020-04-08 17:55:00,240.0,240.0,240.0,240.0,50.08716833
2020-04-08 17:56:00,240.0,240.0,239.0,239.0,5318.17067663
2020-04-08 17:57:00,240.0,240.0,239.0,239.0,15765.14517189
2020-04-08 17:59:00,239.0,239.0,239.0,239.0,507.91041516
2020-04-08 18:00:00,240.0,240.0,239.0,240.0,2009.84826911
2020-04-08 18:01:00,240.0,240.0,240.0,240.0,1866.34303707
2020-04-08 18:03:00,239.0,240.0,239.0,240.0,261.42940886
2020-04-08 18:04:00,240.0,240.0,240.0,240.0,666.45843743
2020-04-08 18:05:00,239.0,240.0,239.0,239.0,3120.50952173
2020-04-08 18:07:00,240.0,240.0,239.0,240.0,7279.54676328
2020-04-08 18:09:00,240.0,240.0,239.0,239.0,6580.39440065
2020-04-08 18:10:00,240.0,240.0,239.0,239.0,672.40963333
2020-04-08 18:11:00,239.0,239.0,239.0,239.0,28000.0
2020-04-08 18:12:00,240.0,240.0,239.0,239.0,7242.11105193
2020-04-08 18:13:00,239.0,240.0,239.0,240.0,285573.58080107
2020-04-08 18:14:00,239.0,239.0,239.0,239.0,81683.08639984
2020-04-08 18:15:00,239.0,239.0,239.0,239.0,16735.8694969
2020-04-08 18:16:00,239.0,239.0,239.0,239.0,48219.35912013
2020-04-08 18:17:00,239.0,240.0,239.0,240.0,21467.65256621
2020-04-08 18:18:00,239.0,239.0,238.0,238.0,52848.36192468
2020-04-08 18:19:00,239.0,239.0,239.0,239.0,1509.49372384
2020-04-08 18:20:00,239.0,239.0,239.0,239.0,253334.9200467
2020-04-08 18:21:00,240.0,240.0,240.0,240.0,1600.49479166
2020-04-08 18:22:00,240.0,240.0,239.0,240.0,31133.90258034
2020-04-08 18:23:00,240.0,240.0,240.0,240.0,23519.87811468
2020-04-08 18:24:00,240.0,240.0,240.0,240.0,454724.66940949
2020-04-08 18:25:00,240.0,240.0,240.0,240.0,51498.83158434
2020-04-08 18:26:00,240.0,241.0,240.0,241.0,54750.0
2020-04-08 18:27:00,240.0,241.0,240.0,241.0,93398.48444582
2020-04-08 18:28:00,241.0,241.0,240.0,241.0,237953.6325718
2020-04-08 18:29:00,241.0,241.0,241.0,241.0,538.29887746
2020-04-08 18:30:00,241.0,241.0,241.0,241.0,926.81344135
2020-04-08 18:31:00,241.0,241.0,240.0,240.0,8837.28244719
2020-04-08 18:32:00,240.0,240.0,240.0,240.0,16193.84088923
2020-04-08 18:33:00,241.0,241.0,240.0,240.0,32837.77000388
2020-04-08 18:34:00,240.0,240.0,240.0,240.0,30939.69849246
2020-04-08 18:35:00,240.0,240.0,240.0,240.0,657.06890144
2020-04-08 18:36:00,240.0,240.0,240.0,240.0,470.72297489
2020-04-08 18:37:00,240.0,240.0,240.0,240.0,362797.85962362
2020-04-08 18:38:00,240.0,240.0,240.0,240.0,19418.34121105
2020-04-08 18:39:00,240.0,240.0,239.0,240.0,18988.71272276
2020-04-08 18:40:00,240.0,240.0,240.0,240.0,500.0
2020-04-08 18:41:00,239.0,240.0,239.0,240.0,25187.34158897
2020-04-08 18:42:00,240.0,240.0,240.0,240.0,3339.29218723
2020-04-08 18:43:00,240.0,240.0,240.0,240.0,307.01875
2020-04-08 18:44:00,239.0,240.0,239.0,240.0,26729.39965211
2020-04-08 18:45:00,239.0,239.0,239.0,239.0,1346.5
2020-04-08 18:46:00,239.0,240.0,239.0,239.0,143797.54844714
2020-04-08 18:47:00,240.0,240.0,240.0,240.0,1795.79
2020-04-08 18:48:00,240.0,240.0,239.0,239.0,35545.77899706
2020-04-08 18:49:00,240.0,240.0,239.0,239.0,20105.51014537
2020-04-08 18:50:00,240.0,240.0,239.0,240.0,33548.46826585
2020-04-08 18:51:00,240.0,240.0,240.0,240.0,496.5350658
2020-04-08 18:52:00,240.0,240.0,240.0,240.0,81776.79196541
2020-04-08 18:53:00,240.0,240.0,240.0,240.0,76658.81361585
2020-04-08 18:54:00,240.0,241.0,240.0,240.0,30538.76772067
2020-04-08 18:55:00,240.0,240.0,240.0,240.0,59632.31650063
2020-04-08 18:56:00,240.0,240.0,240.0,240.0,4691.84038
2020-04-08 18:57:00,240.0,240.0,240.0,240.0,7522.07578066
2020-04-08 18:58:00,240.0,240.0,240.0,240.0,7035.24493442
2020-04-08 18:59:00,240.0,240.0,240.0,240.0,2313.846496
2020-04-08 19:00:00,240.0,240.0,239.0,239.0,12508.0
2020-04-08 19:01:00,240.0,240.0,240.0,240.0,4233.89615196
2020-04-08 19:02:00,239.0,240.0,239.0,240.0,243599.77034358
2020-04-08 19:04:00,240.0,240.0,240.0,240.0,19360.0
2020-04-08 19:05:00,240.0,240.0,240.0,240.0,15541.66666667
2020-04-08 19:06:00,240.0,240.0,240.0,240.0,2436.5650508
2020-04-08 19:07:00,241.0,241.0,240.0,241.0,23491.41426845
2020-04-08 19:08:00,241.0,241.0,241.0,241.0,977.89211611
2020-04-08 19:09:00,241.0,241.0,240.0,241.0,1816.06312207
2020-04-08 19:10:00,241.0,241.0,241.0,241.0,1389.16883132
2020-04-08 19:11:00,241.0,241.0,240.0,241.0,15109.74224183
2020-04-08 19:12:00,241.0,241.0,241.0,241.0,1182.64208413
2020-04-08 19:13:00,241.0,241.0,241.0,241.0,912.86307046
2020-04-08 19:14:00,241.0,241.0,241.0,241.0,414.73039413
2020-04-08 19:15:00,241.0,241.0,240.0,240.0,11072.90724934
2020-04-08 19:16:00,240.0,241.0,240.0,241.0,5713.17505358
2020-04-08 19:17:00,241.0,241.0,241.0,241.0,1084.9478898
2020-04-08 19:18:00,241.0,241.0,241.0,241.0,2044.69338734
2020-04-08 19:19:00,241.0,241.0,241.0,241.0,39431.62885589
2020-04-08 19:20:00,240.0,241.0,240.0,241.0,206265.15553316
2020-04-08 19:21:00,241.0,241.0,241.0,241.0,25674.94916213
2020-04-08 19:22:00,241.0,241.0,241.0,241.0,55220.37124864
2020-04-08 19:23:00,241.0,241.0,241.0,241.0,54979.330104
2020-04-08 19:24:00,240.0,241.0,240.0,240.0,6443.93803868
2020-04-08 19:25:00,241.0,241.0,240.0,241.0,32260.47248411
2020-04-08 19:26:00,241.0,241.0,241.0,241.0,28967.92095233
2020-04-08 19:27:00,240.0,240.0,240.0,240.0,550.0
2020-04-08 19:28:00,240.0,240.0,240.0,240.0,103108.59991186
2020-04-08 19:29:00,241.0,241.0,241.0,241.0,2446.61410778
2020-04-08 19:30:00,241.0,241.0,241.0,241.0,392.55145017
2020-04-08 19:31:00,241.0,241.0,241.0,241.0,44620.43236991
2020-04-08 19:32:00,240.0,241.0,240.0,240.0,280796.77165919
2020-04-08 19:33:00,240.0,240.0,239.0,239.0,386015.61699437
2020-04-08 19:34:00,239.0,240.0,239.0,240.0,95466.47535011
2020-04-08 19:35:00,240.0,240.0,239.0,239.0,2299.99999995
2020-04-08 19:36:00,239.0,239.0,239.0,239.0,41.84100419
2020-04-08 19:37:00,240.0,240.0,240.0,240.0,105.61375
2020-04-08 19:38:00,240.0,240.0,239.0,240.0,86086.20756288
2020-04-08 19:40:00,240.0,240.0,239.0,240.0,21575.62885223
2020-04-08 19:41:00,240.0,240.0,239.0,240.0,850.12679313
2020-04-08 19:43:00,240.0,240.0,240.0,240.0,4235.60952856
2020-04-08 19:44:00,239.0,239.0,238.0,238.0,1121481.13029634
2020-04-08 19:45:00,238.0,238.0,238.0,238.0,962236.68267756
2020-04-08 19:46:00,238.0,238.0,238.0,238.0,195500.97498019
2020-04-08 19:47:00,238.0,238.0,237.0,238.0,80324.97689461
2020-04-08 19:48:00,238.0,238.0,237.0,237.0,182821.68764983
2020-04-08 19:49:00,237.0,237.0,237.0,237.0,11676.66108973
2020-04-08 19:50:00,237.0,237.0,237.0,237.0,4147.12841625
2020-04-08 19:51:00,237.0,237.0,237.0,237.0,400141.1200823
2020-04-08 19:52:00,237.0,237.0,236.0,237.0,685672.42299164
2020-04-08 19:53:00,237.0,237.0,237.0,237.0,51671.35697204
2020-04-08 19:54:00,238.0,238.0,237.0,237.0,50889.48387926
2020-04-08 19:55:00,238.0,238.0,237.0,237.0,29457.68218342
2020-04-08 19:56:00,237.0,238.0,237.0,238.0,33960.16458511
2020-04-08 19:57:00,237.0,237.0,237.0,237.0,36301.15426184
2020-04-08 19:58:00,237.0,238.0,237.0,238.0,239639.63868614
2020-04-08 19:59:00,237.0,238.0,237.0,238.0,55648.64836556
2020-04-08 20:00:00,238.0,238.0,237.0,237.0,20135.26129058
2020-04-08 20:01:00,237.0,238.0,237.0,238.0,4449.65263434
2020-04-08 20:02:00,237.0,238.0,237.0,238.0,44332.18549999
2020-04-08 20:03:00,237.0,237.0,237.0,237.0,35687.63352745
2020-04-08 20:04:00,237.0,237.0,237.0,237.0,7618.62464949
2020-04-08 20:05:00,237.0,238.0,237.0,238.0,5403.36484744
2020-04-08 20:06:00,237.0,238.0,237.0,238.0,8418.4951873
2020-04-08 20:07:00,237.0,238.0,237.0,238.0,75165.50845502
2020-04-08 20:09:00,237.0,237.0,237.0,237.0,9129.52330471
2020-04-08 20:10:00,237.0,237.0,237.0,237.0,6010.72219917
2020-04-08 20:11:00,237.0,237.0,237.0,237.0,52864.7693872
2020-04-08 20:12:00,237.0,238.0,237.0,238.0,47481.80636047
2020-04-08 20:13:00,238.0,238.0,238.0,238.0,571928.44851833
2020-04-08 20:14:00,238.0,239.0,238.0,238.0,107025.88450921
2020-04-08 20:15:00,238.0,238.0,238.0,238.0,493.35123978
2020-04-08 20:16:00,238.0,238.0,237.0,237.0,37577.0952443
2020-04-08 20:17:00,237.0,238.0,237.0,238.0,10634.19687013
2020-04-08 20:18:00,238.0,238.0,238.0,238.0,8925.22016265
2020-04-08 20:19:00,238.0,238.0,238.0,238.0,3990.3114039
2020-04-08 20:20:00,238.0,238.0,238.0,238.0,184.0336133
2020-04-08 20:21:00,238.0,238.0,238.0,238.0,8390.43923416
2020-04-08 20:22:00,237.0,237.0,237.0,237.0,43228.70495505
2020-04-08 20:23:00,238.0,238.0,238.0,238.0,1820.9979044
2020-04-08 20:25:00,238.0,238.0,238.0,238.0,49848.31948734
2020-04-08 20:26:00,238.0,238.0,238.0,238.0,35920.44729948
2020-04-08 20:27:00,238.0,238.0,238.0,238.0,19572.64644988
2020-04-08 20:28:00,237.0,238.0,237.0,238.0,25417.62663237
2020-04-08 20:29:00,238.0,238.0,238.0,238.0,622.12734856
2020-04-08 20:30:00,237.0,237.0,237.0,237.0,2196.403168
2020-04-08 20:31:00,237.0,237.0,237.0,237.0,6500.0
2020-04-08 20:32:00,237.0,237.0,237.0,237.0,26989.55974036
2020-04-08 20:33:00,237.0,238.0,237.0,237.0,62.11083012
2020-04-08 20:34:00,237.0,237.0,237.0,237.0,100.0
2020-04-08 20:35:00,237.0,238.0,237.0,238.0,1545.83573059
2020-04-08 20:36:00,237.0,237.0,237.0,237.0,182.1319149
2020-04-08 20:37:00,238.0,238.0,238.0,238.0,14286.72268906
2020-04-08 20:38:00,238.0,238.0,238.0,238.0,186.52777116
2020-04-08 20:39:00,238.0,238.0,238.0,238.0,10.0
2020-04-08 20:40:00,237.0,238.0,237.0,238.0,37904.67816643
2020-04-08 20:41:00,238.0,238.0,237.0,237.0,102784.74287225
2020-04-08 20:42:00,237.0,237.0,237.0,237.0,13618.8255424
2020-04-08 20:43:00,237.0,238.0,237.0,238.0,56.66991264
2020-04-08 20:44:00,237.0,238.0,237.0,237.0,348223.04678411
2020-04-08 20:45:00,237.0,238.0,237.0,237.0,55075.35613682
2020-04-08 20:46:00,237.0,238.0,237.0,237.0,24013.73963244
2020-04-08 20:47:00,237.0,238.0,237.0,238.0,9971.37522374
2020-04-08 20:48:00,238.0,238.0,238.0,238.0,20759.90752522
2020-04-08 20:49:00,238.0,238.0,237.0,237.0,139483.00787582
2020-04-08 20:50:00,238.0,238.0,237.0,237.0,1466.42307695
2020-04-08 20:51:00,238.0,238.0,237.0,237.0,32075.28508865
2020-04-08 20:52:00,237.0,238.0,237.0,237.0,59997.33302295
2020-04-08 20:53:00,238.0,238.0,238.0,238.0,220.15462856
2020-04-08 20:54:00,237.0,237.0,237.0,237.0,31502.14102565
2020-04-08 20:55:00,237.0,238.0,237.0,238.0,91.7031393
2020-04-08 20:56:00,238.0,238.0,237.0,238.0,424655.72729223
2020-04-08 20:57:00,239.0,239.0,238.0,238.0,160.68690675
2020-04-08 20:58:00,238.0,238.0,238.0,238.0,14.21992816
2020-04-08 20:59:00,238.0,239.0,238.0,238.0,7890.1914117
2020-04-09 05:03:00,240.0,240.0,240.0,240.0,14992.70419465
2020-04-09 05:06:00,240.0,240.0,240.0,240.0,3248.05792589
2020-04-09 05:07:00,240.0,240.0,240.0,240.0,50.0
2020-04-09 05:08:00,240.0,240.0,240.0,240.0,2000.0
2020-04-09 05:09:00,240.0,240.0,240.0,240.0,1000.0
2020-04-09 05:10:00,240.0,240.0,240.0,240.0,173.650727
2020-04-09 05:11:00,240.0,240.0,240.0,240.0,35591.87457773
2020-04-09 05:15:00,241.0,241.0,240.0,240.0,16.2589307
2020-04-09 05:20:00,241.0,241.0,240.0,241.0,84930.46294812
2020-04-09 05:21:00,240.0,241.0,240.0,241.0,559749.40045908
2020-04-09 05:23:00,241.0,241.0,241.0,241.0,4.14937759
2020-04-09 05:24:00,241.0,241.0,241.0,241.0,1497.6615898
2020-04-09 05:25:00,241.0,241.0,240.0,240.0,2205.31233856
2020-04-09 05:26:00,240.0,240.0,240.0,240.0,255.1964107
2020-04-09 05:27:00,241.0,241.0,240.0,241.0,40266.14659781
2020-04-09 05:28:00,240.0,241.0,240.0,240.0,3619.60881277
2020-04-09 05:29:00,241.0,241.0,241.0,241.0,4.14937759
2020-04-09 05:30:00,241.0,241.0,241.0,241.0,3000.0
2020-04-09 05:31:00,241.0,241.0,241.0,241.0,4.14937759
2020-04-09 05:32:00,241.0,241.0,241.0,241.0,10000.0
2020-04-09 05:33:00,241.0,241.0,241.0,241.0,4855.40795677
2020-04-09 05:34:00,242.0,242.0,242.0,242.0,46254.80232586
2020-04-09 05:35:00,242.0,242.0,240.0,241.0,393149.95995162
2020-04-09 05:36:00,241.0,241.0,241.0,241.0,8856.06053217
2020-04-09 05:37:00,241.0,241.0,241.0,241.0,1304.14937759
2020-04-09 05:39:00,241.0,241.0,241.0,241.0,4.14937759
2020-04-09 05:40:00,241.0,241.0,241.0,241.0,900.0
2020-04-09 05:41:00,241.0,241.0,241.0,241.0,4.14937759
2020-04-09 05:42:00,241.0,241.0,241.0,241.0,43405.35171744
2020-04-09 05:43:00,241.0,241.0,241.0,241.0,4.14937759
2020-04-09 05:45:00,241.0,242.0,241.0,241.0,6917.96256603
2020-04-09 05:47:00,241.0,241.0,241.0,241.0,2004.14937759
2020-04-09 05:49:00,241.0,242.0,241.0,242.0,337.72788995
2020-04-09 05:50:00,242.0,242.0,241.0,241.0,250.93388427
2020-04-09 05:51:00,241.0,241.0,241.0,241.0,89.14937759
2020-04-09 05:52:00,242.0,242.0,241.0,241.0,417.0
2020-04-09 05:53:00,241.0,241.0,241.0,241.0,7520.81778762
2020-04-09 05:54:00,241.0,242.0,241.0,241.0,50125.63794975
2020-04-09 05:55:00,241.0,241.0,241.0,241.0,8616.18568466
2020-04-09 05:56:00,241.0,241.0,241.0,241.0,4.14937759
2020-04-09 05:57:00,241.0,241.0,241.0,241.0,247188.19466647
2020-04-09 05:58:00,240.0,241.0,240.0,240.0,20263.07027196
2020-04-09 05:59:00,240.0,240.0,240.0,240.0,5735.47422699
2020-04-09 06:00:00,241.0,241.0,241.0,241.0,35934.67778506
2020-04-09 06:01:00,241.0,241.0,241.0,241.0,12763.28994232
2020-04-09 06:03:00,241.0,241.0,241.0,241.0,67.66037759
2020-04-09 06:04:00,242.0,242.0,241.0,241.0,1255.28348215
2020-04-09 06:05:00,241.0,242.0,241.0,241.0,347.40255227
2020-04-09 06:07:00,241.0,241.0,241.0,241.0,862.70695571
2020-04-09 06:09:00,241.0,242.0,241.0,241.0,12400.97235108
2020-04-09 06:11:00,241.0,242.0,241.0,241.0,77.80513681
2020-04-09 06:13:00,241.0,241.0,241.0,241.0,4.14937759
2020-04-09 06:14:00,242.0,242.0,242.0,242.0,743.80165281
2020-04-09 06:15:00,242.0,242.0,241.0,241.0,169.14937759
2020-04-09 06:17:00,241.0,241.0,241.0,241.0,4.14937759
2020-04-09 06:18:00,241.0,242.0,241.0,241.0,14734.3027188
2020-04-09 06:19:00,241.0,241.0,241.0,241.0,4.14937759
2020-04-09 06:21:00,241.0,242.0,241.0,242.0,9008.66777948
2020-04-09 06:22:00,242.0,242.0,241.0,241.0,31730.37098047
2020-04-09 06:23:00,241.0,242.0,241.0,241.0,814.68212292
2020-04-09 06:24:00,241.0,242.0,241.0,241.0,1093.16983819
2020-04-09 06:25:00,241.0,242.0,241.0,241.0,595.30090838
2020-04-09 06:26:00,242.0,242.0,241.0,241.0,810.46967597
2020-04-09 06:27:00,241.0,242.0,241.0,241.0,196.00408972
2020-04-09 06:28:00,242.0,242.0,241.0,241.0,939.49198341
2020-04-09 06:29:00,241.0,242.0,241.0,241.0,30595.30090838
2020-04-09 06:30:00,242.0,242.0,241.0,241.0,5562.99411794
2020-04-09 06:31:00,242.0,242.0,241.0,242.0,233575.0673772
2020-04-09 06:32:00,242.0,242.0,242.0,242.0,421628.95072051
2020-04-09 06:33:00,242.0,242.0,242.0,242.0,1669.96598119
2020-04-09 06:34:00,242.0,242.0,242.0,242.0,95.94183488
2020-04-09 06:35:00,242.0,242.0,242.0,242.0,39.1287943
2020-04-09 06:37:00,242.0,243.0,242.0,242.0,19762.79931163
2020-04-09 06:38:00,243.0,243.0,242.0,242.0,10251.14142834
2020-04-09 06:39:00,242.0,242.0,242.0,242.0,4.1322314
2020-04-09 06:40:00,242.0,243.0,242.0,242.0,16731.0395439
2020-04-09 06:41:00,242.0,242.0,242.0,242.0,4.1322314
2020-04-09 06:42:00,242.0,242.0,242.0,242.0,14877.48733636
2020-04-09 06:43:00,242.0,242.0,241.0,241.0,243741.81619178
2020-04-09 06:44:00,241.0,242.0,241.0,242.0,13110.47781894
2020-04-09 06:45:00,241.0,241.0,241.0,241.0,106277.42920225
2020-04-09 06:48:00,241.0,241.0,241.0,241.0,1458.42870057
2020-04-09 06:49:00,241.0,242.0,241.0,242.0,9384.67768595
2020-04-09 06:50:00,242.0,242.0,241.0,241.0,19148.55501524
2020-04-09 06:51:00,241.0,241.0,241.0,241.0,7415.63694547
2020-04-09 06:52:00,241.0,242.0,241.0,242.0,649.41090673
2020-04-09 06:54:00,241.0,241.0,241.0,241.0,80.39041342
2020-04-09 06:55:00,241.0,241.0,241.0,241.0,3000.0
2020-04-09 06:57:00,241.0,241.0,241.0,241.0,20000.0
2020-04-09 06:58:00,241.0,241.0,241.0,241.0,559.57606459
2020-04-09 06:59:00,241.0,241.0,241.0,241.0,1811.40421524
2020-04-09 07:00:00,241.0,241.0,241.0,241.0,7271.09665337
2020-04-09 07:01:00,241.0,241.0,241.0,241.0,129899.02970615
2020-04-09 07:02:00,241.0,241.0,241.0,241.0,1269.6612526
2020-04-09 07:03:00,240.0,241.0,240.0,241.0,1398.0931
2020-04-09 07:04:00,241.0,241.0,240.0,240.0,26665.14108445
2020-04-09 07:05:00,240.0,241.0,240.0,241.0,74926.61535523
2020-04-09 07:06:00,241.0,241.0,240.0,241.0,258949.41193132
2020-04-09 07:07:00,241.0,241.0,241.0,241.0,106690.93461567
2020-04-09 07:10:00,241.0,241.0,241.0,241.0,123854.14792603
2020-04-09 07:11:00,241.0,241.0,241.0,241.0,927.57291667
2020-04-09 07:12:00,241.0,241.0,241.0,241.0,2347.80535043
2020-04-09 07:15:00,241.0,241.0,241.0,241.0,414.93775934
2020-04-09 07:16:00,241.0,241.0,241.0,241.0,132218.13339659
2020-04-09 07:17:00,241.0,241.0,241.0,241.0,44316.38697275
2020-04-09 07:19:00,242.0,242.0,241.0,242.0,834.8930951
2020-04-09 07:20:00,241.0,242.0,241.0,241.0,4303.66771602
2020-04-09 07:21:00,242.0,242.0,241.0,241.0,5.10504202
2020-04-09 07:22:00,242.0,242.0,241.0,241.0,11772.40697809
2020-04-09 07:23:00,242.0,242.0,242.0,242.0,11993.90387438
2020-04-09 07:24:00,241.0,242.0,241.0,242.0,2024.15892228
2020-04-09 07:25:00,241.0,242.0,241.0,242.0,602.75723234
2020-04-09 07:26:00,242.0,242.0,241.0,242.0,446.78148812
2020-04-09 07:27:00,241.0,241.0,241.0,241.0,31804.3946019
2020-04-09 07:28:00,241.0,241.0,241.0,241.0,68392.53594959
2020-04-09 07:30:00,242.0,242.0,242.0,242.0,100.0
2020-04-09 07:31:00,241.0,242.0,241.0,242.0,47899.08595739
2020-04-09 07:32:00,242.0,242.0,241.0,241.0,14034.38229182
2020-04-09 07:33:00,241.0,241.0,241.0,241.0,3030.716
2020-04-09 07:34:00,241.0,242.0,241.0,242.0,3734.06910475
2020-04-09 07:35:00,241.0,242.0,241.0,241.0,1722.37027315
2020-04-09 07:36:00,242.0,242.0,241.0,241.0,54.21008404
2020-04-09 07:37:00,241.0,241.0,241.0,241.0,6.29751064
2020-04-09 07:38:00,241.0,241.0,241.0,241.0,2073.65197069
2020-04-09 07:39:00,241.0,242.0,241.0,241.0,9322.48688552
2020-04-09 07:40:00,242.0,242.0,241.0,241.0,3986.88064139
2020-04-09 07:41:00,241.0,241.0,241.0,241.0,1128.30731328
2020-04-09 07:42:00,241.0,241.0,241.0,241.0,4300.0
2020-04-09 07:43:00,241.0,242.0,241.0,241.0,56748.36493831
2020-04-09 07:44:00,241.0,241.0,241.0,241.0,168.25619834
2020-04-09 07:45:00,241.0,241.0,241.0,241.0,259588.44096359
2020-04-09 07:46:00,241.0,241.0,241.0,241.0,21474.01378178
2020-04-09 07:47:00,242.0,242.0,241.0,241.0,55874.75188948
2020-04-09 07:48:00,241.0,241.0,241.0,241.0,100.0
2020-04-09 07:49:00,241.0,241.0,241.0,241.0,21213.25834972
2020-04-09 07:50:00,241.0,241.0,241.0,241.0,77553.53392586
2020-04-09 07:51:00,241.0,241.0,241.0,241.0,1000.0
2020-04-09 07:53:00,241.0,242.0,241.0,242.0,19972.89097113
2020-04-09 07:54:00,242.0,242.0,242.0,242.0,52795.74935187
2020-04-09 07:55:00,242.0,242.0,242.0,242.0,6473.324685
2020-04-09 07:56:00,242.0,242.0,242.0,242.0,83140.37681439
2020-04-09 07:57:00,242.0,242.0,241.0,242.0,5311.36635876
2020-04-09 07:58:00,242.0,242.0,241.0,242.0,58896.90371235
2020-04-09 07:59:00,242.0,242.0,241.0,242.0,184891.2571867
2020-04-09 08:00:00,241.0,242.0,241.0,242.0,17870.63004337
2020-04-09 08:01:00,242.0,242.0,241.0,241.0,235.94884704
2020-04-09 08:02:00,242.0,242.0,242.0,242.0,55.0014249
2020-04-09 08:03:00,241.0,242.0,241.0,242.0,822.02414183
2020-04-09 08:04:00,241.0,241.0,241.0,241.0,131.6144589
2020-04-09 08:06:00,242.0,242.0,242.0,242.0,519.71045595
2020-04-09 08:07:00,242.0,242.0,241.0,242.0,7903.20169722
2020-04-09 08:08:00,242.0,242.0,242.0,242.0,16177.80617919
2020-04-09 08:09:00,242.0,242.0,242.0,242.0,421511.69686211
2020-04-09 08:11:00,242.0,242.0,242.0,242.0,2110.8764033
2020-04-09 08:12:00,242.0,242.0,242.0,242.0,2.13116594
2020-04-09 08:13:00,242.0,242.0,242.0,242.0,8865.5484006
2020-04-09 08:14:00,243.0,243.0,243.0,243.0,1028.80658436
2020-04-09 08:15:00,242.0,243.0,242.0,243.0,498643.76813468
2020-04-09 08:16:00,243.0,243.0,242.0,242.0,773.51632895
2020-04-09 08:17:00,243.0,243.0,242.0,243.0,23863.86111626
2020-04-09 08:18:00,243.0,243.0,242.0,242.0,17549.52873459
2020-04-09 08:19:00,242.0,243.0,242.0,242.0,5343.68320593
2020-04-09 08:20:00,242.0,242.0,241.0,242.0,245801.15183643
2020-04-09 08:21:00,242.0,242.0,242.0,242.0,13673.96527736
2020-04-09 08:22:00,242.0,243.0,242.0,243.0,5003.96545794
2020-04-09 08:23:00,242.0,242.0,242.0,242.0,10341.43393956
2020-04-09 08:24:00,242.0,242.0,242.0,242.0,8357.83475558
2020-04-09 08:25:00,242.0,242.0,242.0,242.0,1740.1322314
2020-04-09 08:26:00,242.0,242.0,242.0,242.0,2119.62154523
2020-04-09 08:27:00,242.0,243.0,242.0,242.0,6771.49657566
2020-04-09 08:28:00,242.0,242.0,242.0,242.0,22408.53057851
2020-04-09 08:29:00,243.0,243.0,242.0,242.0,22447.78749762
2020-04-09 08:30:00,243.0,243.0,242.0,242.0,15.82997344
2020-04-09 08:31:00,242.0,243.0,242.0,243.0,39322.6242767
2020-04-09 08:32:00,243.0,243.0,242.0,242.0,18286.95483694
2020-04-09 08:33:00,242.0,242.0,242.0,242.0,5303.1322314
2020-04-09 08:34:00,243.0,243.0,243.0,243.0,300.0
2020-04-09 08:35:00,242.0,243.0,242.0,242.0,17321.13147297
2020-04-09 08:36:00,243.0,243.0,242.0,242.0,599.39553017
2020-04-09 08:37:00,242.0,242.0,242.0,242.0,4.1322314
2020-04-09 08:39:00,242.0,242.0,242.0,242.0,5194.93819949
2020-04-09 08:41:00,242.0,242.0,242.0,242.0,21477.54316918
2020-04-09 08:42:00,242.0,242.0,242.0,242.0,1221.68302404
2020-04-09 08:43:00,242.0,242.0,242.0,242.0,954.50646516
2020-04-09 08:44:00,243.0,243.0,242.0,242.0,3986.91164864
2020-04-09 08:45:00,242.0,243.0,242.0,242.0,14077.95766219
2020-04-09 08:46:00,242.0,242.0,242.0,242.0,1635.18386078
2020-04-09 08:47:00,243.0,243.0,242.0,242.0,12.36268407
2020-04-09 08:48:00,242.0,242.0,242.0,242.0,1000.0
2020-04-09 08:49:00,242.0,242.0,242.0,242.0,257362.92546529
2020-04-09 08:50:00,242.0,242.0,242.0,242.0,145862.9749979
2020-04-09 08:51:00,241.0,242.0,241.0,241.0,106047.16112453
2020-04-09 08:52:00,242.0,242.0,241.0,241.0,19602.54313527
2020-04-09 08:53:00,241.0,242.0,241.0,242.0,14620.30860223
2020-04-09 08:54:00,242.0,242.0,241.0,241.0,2158.73784738
2020-04-09 08:55:00,241.0,241.0,241.0,241.0,2148.0
2020-04-09 08:56:00,242.0,242.0,241.0,241.0,1308.63373943
2020-04-09 08:57:00,242.0,242.0,241.0,241.0,1217.77949293
2020-04-09 08:58:00,241.0,242.0,241.0,242.0,883.87567327
2020-04-09 08:59:00,241.0,242.0,241.0,241.0,8015.29251713
2020-04-09 17:03:00,242.0,242.0,242.0,242.0,10346.98972825
2020-04-09 17:04:00,242.0,242.0,242.0,242.0,100.0
2020-04-09 17:05:00,242.0,242.0,242.0,242.0,16175.51767003
2020-04-09 17:07:00,242.0,242.0,242.0,242.0,650.18857269
2020-04-09 17:08:00,241.0,241.0,241.0,241.0,11100.0
2020-04-09 17:09:00,242.0,242.0,241.0,241.0,89457.81394815
2020-04-09 17:12:00,241.0,241.0,241.0,241.0,186731.04905123
2020-04-09 17:13:00,242.0,242.0,242.0,242.0,82.64462809
2020-04-09 17:14:00,242.0,242.0,241.0,241.0,8885.10724857
2020-04-09 17:15:00,241.0,242.0,241.0,242.0,288161.23673973
2020-04-09 17:16:00,241.0,241.0,241.0,241.0,5000.0
2020-04-09 17:17:00,241.0,242.0,241.0,242.0,104433.7152498
2020-04-09 17:18:00,242.0,242.0,242.0,242.0,12863.61777786
2020-04-09 17:19:00,242.0,242.0,241.0,241.0,19523.03609489
2020-04-09 17:20:00,241.0,241.0,241.0,241.0,25301.64938451
2020-04-09 17:21:00,242.0,242.0,242.0,242.0,495.86776854
2020-04-09 17:22:00,241.0,241.0,241.0,241.0,2474.01051949
2020-04-09 17:23:00,241.0,241.0,241.0,241.0,1181.0
2020-04-09 17:24:00,242.0,242.0,242.0,242.0,123904.9876033
2020-04-09 17:25:00,242.0,242.0,242.0,242.0,20.661157
2020-04-09 17:26:00,242.0,242.0,240.0,241.0,429044.28378641
2020-04-09 17:27:00,241.0,241.0,240.0,241.0,15510.20212752
2020-04-09 17:28:00,241.0,241.0,240.0,240.0,97757.09486626
2020-04-09 17:29:00,240.0,240.0,240.0,240.0,9545.98833088
2020-04-09 17:30:00,240.0,240.0,240.0,240.0,26599.41903797
2020-04-09 17:31:00,240.0,241.0,240.0,241.0,71659.22749315
2020-04-09 17:32:00,241.0,241.0,241.0,241.0,3259.07468877
2020-04-09 17:33:00,240.0,240.0,240.0,240.0,1246.5
2020-04-09 17:34:00,240.0,240.0,240.0,240.0,1055.31
2020-04-09 17:35:00,241.0,241.0,241.0,241.0,414.9377593
2020-04-09 17:36:00,241.0,241.0,240.0,240.0,11690.76104343
2020-04-09 17:37:00,241.0,241.0,240.0,240.0,82955.43951367
2020-04-09 17:38:00,241.0,241.0,241.0,241.0,82.98755186
2020-04-09 17:39:00,241.0,241.0,241.0,241.0,1542.6767114
2020-04-09 17:40:00,241.0,241.0,241.0,241.0,331.95020744
2020-04-09 17:41:00,241.0,241.0,240.0,241.0,22950.18257259
2020-04-09 17:42:00,241.0,241.0,240.0,240.0,3634.9896673
2020-04-09 17:45:00,240.0,240.0,240.0,240.0,4153.463947
2020-04-09 17:46:00,241.0,241.0,241.0,241.0,256.59730052
2020-04-09 17:47:00,241.0,241.0,241.0,241.0,44.8208597
2020-04-09 17:48:00,241.0,241.0,241.0,241.0,1020.746888
2020-04-09 17:49:00,241.0,241.0,241.0,241.0,25064.24692435
2020-04-09 17:50:00,241.0,241.0,241.0,241.0,18302.25207468
2020-04-09 17:51:00,241.0,241.0,240.0,240.0,7100.41339757
2020-04-09 17:52:00,241.0,241.0,241.0,241.0,82.98755186
2020-04-09 17:53:00,241.0,241.0,241.0,241.0,42292.02239182
2020-04-09 17:54:00,240.0,240.0,240.0,240.0,23503.0803
2020-04-09 17:55:00,240.0,241.0,240.0,241.0,1288.34232365
2020-04-09 17:56:00,241.0,241.0,240.0,240.0,12095.66498908
2020-04-09 17:58:00,241.0,241.0,240.0,240.0,865.09792821
2020-04-09 17:59:00,241.0,241.0,241.0,241.0,53913.67594214
2020-04-09 18:02:00,241.0,241.0,240.0,240.0,417.11619175
2020-04-09 18:03:00,241.0,241.0,241.0,241.0,16905.86664679
2020-04-09 18:04:00,241.0,241.0,241.0,241.0,4166.70115132
2020-04-09 18:07:00,240.0,241.0,240.0,241.0,600.0
2020-04-09 18:08:00,241.0,241.0,241.0,241.0,122.47016144
2020-04-09 18:09:00,241.0,241.0,240.0,240.0,1368.12050569
2020-04-09 18:10:00,240.0,240.0,240.0,240.0,12891.54567644
2020-04-09 18:11:00,240.0,240.0,240.0,240.0,16505.12683356
2020-04-09 18:12:00,240.0,240.0,240.0,240.0,10.0
2020-04-09 18:16:00,241.0,241.0,241.0,241.0,418.0
2020-04-09 18:18:00,240.0,241.0,240.0,241.0,8051.51422591
2020-04-09 18:19:00,240.0,240.0,240.0,240.0,2682.74163392
2020-04-09 18:20:00,240.0,241.0,240.0,241.0,721.27561313
2020-04-09 18:21:00,241.0,241.0,240.0,240.0,17667.50982002
2020-04-09 18:23:00,240.0,240.0,240.0,240.0,1028.47379309
2020-04-09 18:24:00,240.0,240.0,240.0,240.0,22058.2505613
2020-04-09 18:25:00,240.0,241.0,240.0,241.0,112053.05368073
2020-04-09 18:26:00,240.0,240.0,240.0,240.0,614.00686019
2020-04-09 18:27:00,241.0,241.0,240.0,240.0,10107.45279443
2020-04-09 18:29:00,240.0,240.0,240.0,240.0,16434.53076238
2020-04-09 18:30:00,241.0,241.0,241.0,241.0,1245.85062232
2020-04-09 18:31:00,241.0,241.0,241.0,241.0,82.94607882
2020-04-09 18:32:00,241.0,241.0,241.0,241.0,29342.50379931
2020-04-09 18:33:00,241.0,241.0,241.0,241.0,1493.77593348
2020-04-09 18:34:00,241.0,241.0,241.0,241.0,829.8755186
2020-04-09 18:35:00,241.0,241.0,241.0,241.0,42600.53375801
2020-04-09 18:38:00,241.0,241.0,240.0,240.0,3055.9984918
2020-04-09 18:39:00,240.0,240.0,240.0,240.0,9980.560326
2020-04-09 18:41:00,240.0,240.0,240.0,240.0,500.0
2020-04-09 18:42:00,240.0,240.0,240.0,240.0,661.0
2020-04-09 18:43:00,241.0,241.0,241.0,241.0,20767.6348548
2020-04-09 18:44:00,241.0,241.0,240.0,240.0,418.68997442
2020-04-09 18:45:00,241.0,241.0,241.0,241.0,1686.70883476
2020-04-09 18:46:00,240.0,241.0,240.0,240.0,62703.25499381
2020-04-09 18:47:00,240.0,240.0,240.0,240.0,3507.34195895
2020-04-09 18:48:00,240.0,240.0,240.0,240.0,498.72785551
2020-04-09 18:49:00,241.0,241.0,240.0,240.0,141446.68091422
2020-04-09 18:51:00,240.0,240.0,240.0,240.0,50913.84437683
2020-04-09 18:52:00,240.0,240.0,240.0,240.0,3859.95019019
2020-04-09 18:53:00,240.0,240.0,240.0,240.0,407988.42001915
2020-04-09 18:54:00,240.0,240.0,240.0,240.0,10020.833333
2020-04-09 18:55:00,240.0,240.0,240.0,240.0,32955.65662074
2020-04-09 18:56:00,239.0,239.0,239.0,239.0,68.48995528
2020-04-09 18:57:00,239.0,239.0,239.0,239.0,35326.99214574
2020-04-09 18:58:00,240.0,240.0,240.0,240.0,3100.0
2020-04-09 18:59:00,239.0,240.0,239.0,239.0,3007.28402607
2020-04-09 19:00:00,240.0,240.0,240.0,240.0,22.10313505
2020-04-09 19:01:00,240.0,240.0,239.0,239.0,18775.18189327
2020-04-09 19:02:00,240.0,240.0,239.0,240.0,28.92554152
2020-04-09 19:03:00,240.0,240.0,239.0,240.0,2688.40428616
2020-04-09 19:04:00,240.0,240.0,240.0,240.0,276.09124974
2020-04-09 19:05:00,240.0,240.0,239.0,240.0,35270.84772481
2020-04-09 19:06:00,240.0,240.0,240.0,240.0,185754.35961608
2020-04-09 19:07:00,240.0,240.0,240.0,240.0,178797.61909962
2020-04-09 19:08:00,240.0,240.0,240.0,240.0,20145.26715143
2020-04-09 19:09:00,240.0,240.0,240.0,240.0,10000.0
2020-04-09 19:10:00,241.0,241.0,240.0,240.0,8845.55965486
2020-04-09 19:11:00,240.0,241.0,240.0,241.0,8912.39094707
2020-04-09 19:12:00,240.0,240.0,240.0,240.0,4766.9178
2020-04-09 19:14:00,241.0,241.0,240.0,240.0,20712.30559823
2020-04-09 19:15:00,240.0,241.0,240.0,241.0,20957.26825381
2020-04-09 19:16:00,240.0,241.0,240.0,241.0,43202.87104027
2020-04-09 19:17:00,241.0,241.0,241.0,241.0,1374.24758009
2020-04-09 19:22:00,241.0,241.0,240.0,240.0,25284.86424295
2020-04-09 19:23:00,240.0,240.0,240.0,240.0,5683.1
2020-04-09 19:24:00,240.0,240.0,240.0,240.0,11225.610656
2020-04-09 19:25:00,240.0,240.0,240.0,240.0,2865.65828431
2020-04-09 19:26:00,240.0,240.0,240.0,240.0,11065.03429375
2020-04-09 19:27:00,240.0,240.0,240.0,240.0,789.07294832
2020-04-09 19:28:00,240.0,240.0,240.0,240.0,14939.58685551
2020-04-09 19:29:00,240.0,240.0,240.0,240.0,5091.975966
2020-04-09 19:30:00,241.0,241.0,240.0,240.0,1451.10497426
2020-04-09 19:31:00,240.0,241.0,240.0,241.0,5781.4842274
2020-04-09 19:32:00,240.0,240.0,240.0,240.0,54.038376
2020-04-09 19:33:00,241.0,241.0,240.0,240.0,6377.8454068
2020-04-09 19:34:00,241.0,241.0,241.0,241.0,1313.67864454
2020-04-09 19:35:00,241.0,241.0,240.0,240.0,550.21200026
2020-04-09 19:36:00,240.0,240.0,240.0,240.0,525.39246714
2020-04-09 19:37:00,240.0,241.0,240.0,241.0,28924.00224367
2020-04-09 19:38:00,241.0,241.0,240.0,240.0,23084.77592036
2020-04-09 19:39:00,240.0,240.0,240.0,240.0,1789.79763898
2020-04-09 19:40:00,241.0,241.0,240.0,240.0,24044.27841002
2020-04-09 19:41:00,240.0,241.0,240.0,240.0,30654.25170324
2020-04-09 19:42:00,241.0,241.0,240.0,240.0,170.21190914
2020-04-09 19:43:00,241.0,241.0,240.0,241.0,564.4060551
2020-04-09 19:44:00,241.0,241.0,240.0,240.0,26703.16869325
2020-04-09 19:45:00,240.0,240.0,240.0,240.0,2500.0
2020-04-09 19:46:00,240.0,240.0,240.0,240.0,1615.33324855
2020-04-09 19:47:00,241.0,241.0,240.0,240.0,3886.17952904
2020-04-09 19:54:00,240.0,240.0,240.0,240.0,2503.0
2020-04-09 19:55:00,240.0,240.0,240.0,240.0,100.0
2020-04-09 19:56:00,240.0,240.0,240.0,240.0,414.01386502
2020-04-09 19:57:00,240.0,240.0,240.0,240.0,6505.9433
2020-04-09 19:58:00,240.0,240.0,240.0,240.0,23520.35054088
2020-04-09 19:59:00,241.0,241.0,240.0,240.0,42039.08686219
2020-04-09 20:00:00,240.0,240.0,240.0,240.0,42500.0
2020-04-09 20:01:00,241.0,241.0,240.0,240.0,537.24237839
2020-04-09 20:02:00,240.0,240.0,240.0,240.0,80002.11392406
2020-04-09 20:03:00,240.0,240.0,240.0,240.0,104532.84350798
2020-04-09 20:04:00,240.0,241.0,240.0,240.0,12333.55850801
2020-04-09 20:05:00,241.0,241.0,240.0,240.0,6674.73611918
2020-04-09 20:06:00,240.0,241.0,240.0,240.0,8316.03314733
2020-04-09 20:07:00,241.0,241.0,240.0,240.0,38922.3347905
2020-04-09 20:08:00,240.0,240.0,240.0,240.0,23214.32222406
2020-04-09 20:09:00,241.0,241.0,240.0,240.0,120714.94717725
2020-04-09 20:10:00,241.0,241.0,240.0,240.0,170.21190914
2020-04-09 20:12:00,240.0,240.0,240.0,240.0,657.9997534
2020-04-09 20:14:00,241.0,241.0,240.0,241.0,575.0439879
2020-04-09 20:15:00,240.0,241.0,240.0,241.0,21337.76625173
2020-04-09 20:16:00,241.0,241.0,240.0,240.0,16185.16427904
2020-04-09 20:18:00,241.0,241.0,240.0,240.0,132.98755186
2020-04-09 20:19:00,241.0,241.0,241.0,241.0,10782.97151007
2020-04-09 20:20:00,241.0,241.0,240.0,240.0,42151.03052419
2020-04-09 20:21:00,240.0,240.0,240.0,240.0,5881.366559
2020-04-09 20:22:00,241.0,241.0,241.0,241.0,514.70115564
2020-04-09 20:23:00,240.0,240.0,240.0,240.0,641.78265
2020-04-09 20:24:00,240.0,241.0,240.0,241.0,12048.29485672
2020-04-09 20:25:00,240.0,240.0,240.0,240.0,949.000001
2020-04-09 20:26:00,240.0,241.0,240.0,241.0,1629.67529005
2020-04-09 20:27:00,241.0,241.0,241.0,241.0,8.29875518
2020-04-09 20:28:00,241.0,241.0,241.0,241.0,49.69751864
2020-04-09 20:29:00,241.0,241.0,241.0,241.0,588.00890011
2020-04-09 20:30:00,241.0,241.0,241.0,241.0,133.04551043
2020-04-09 20:31:00,240.0,241.0,240.0,240.0,471007.5874744
2020-04-09 20:32:00,239.0,240.0,239.0,240.0,2942.35168353
2020-04-09 20:33:00,240.0,240.0,240.0,240.0,4645.96659969
2020-04-09 20:35:00,240.0,240.0,239.0,239.0,19229.82772813
2020-04-09 20:36:00,239.0,240.0,239.0,240.0,8021.896
2020-04-09 20:37:00,239.0,239.0,239.0,239.0,658.60912136
2020-04-09 20:38:00,239.0,239.0,239.0,239.0,4146.303941
2020-04-09 20:39:00,240.0,240.0,239.0,240.0,18084.73942297
2020-04-09 20:40:00,240.0,240.0,239.0,239.0,33567.2061981
2020-04-09 20:41:00,239.0,239.0,239.0,239.0,73998.47553946
2020-04-09 20:42:00,239.0,240.0,239.0,240.0,163325.6510976
2020-04-09 20:44:00,240.0,240.0,239.0,239.0,52787.67074762
2020-04-09 20:45:00,239.0,239.0,239.0,239.0,1862.58351573
2020-04-09 20:46:00,239.0,239.0,239.0,239.0,14262.58351573
2020-04-09 20:47:00,239.0,239.0,239.0,239.0,3237.56758
2020-04-09 20:48:00,239.0,239.0,239.0,239.0,38467.40848535
2020-04-09 20:49:00,239.0,239.0,239.0,239.0,224.18637932
2020-04-09 20:50:00,239.0,240.0,239.0,239.0,5139.37912397
2020-04-09 20:51:00,240.0,240.0,239.0,239.0,36231.84372805
2020-04-09 20:52:00,239.0,239.0,239.0,239.0,594.84076246
2020-04-09 20:54:00,239.0,239.0,239.0,239.0,26906.54166666
2020-04-09 20:55:00,239.0,240.0,239.0,240.0,39289.79491255
2020-04-09 20:56:00,240.0,240.0,239.0,239.0,388378.49039216
2020-04-09 20:57:00,239.0,239.0,238.0,238.0,924312.59068523
2020-04-09 20:58:00,238.0,238.0,237.0,237.0,959638.23697618
2020-04-09 20:59:00,237.0,238.0,237.0,238.0,127874.81839582
2020-04-10 03:17:00,240.0,240.0,240.0,240.0,1665.83374979
2020-04-10 03:18:00,240.0,240.0,239.0,239.0,6735.06614983
2020-04-10 03:19:00,239.0,239.0,239.0,239.0,90.54614926
2020-04-10 03:23:00,239.0,239.0,239.0,239.0,9233.9538564
2020-04-10 03:26:00,240.0,240.0,239.0,239.0,12035.2203645
2020-04-10 03:28:00,239.0,239.0,239.0,239.0,100.0
2020-04-10 03:36:00,240.0,240.0,240.0,240.0,1043.59439834
2020-04-10 03:37:00,240.0,240.0,240.0,240.0,2939.5685665
2020-04-10 03:38:00,240.0,240.0,239.0,240.0,82291.41511419
2020-04-10 03:39:00,240.0,240.0,240.0,240.0,47.8330572
2020-04-10 03:40:00,240.0,240.0,240.0,240.0,22861.35651105
2020-04-10 03:42:00,240.0,240.0,240.0,240.0,28366.43832795
2020-04-10 03:44:00,239.0,239.0,239.0,239.0,1000.0
2020-04-10 03:45:00,240.0,240.0,240.0,240.0,249.875
2020-04-10 03:48:00,239.0,239.0,239.0,239.0,1099.00005377
2020-04-10 03:56:00,239.0,239.0,239.0,239.0,50.0
2020-04-10 03:57:00,240.0,240.0,240.0,240.0,20000.0
2020-04-10 04:00:00,240.0,240.0,240.0,240.0,352.4360288
2020-04-10 04:02:00,239.0,239.0,239.0,239.0,70717.62184737
2020-04-10 04:04:00,239.0,239.0,239.0,239.0,655.82914766
2020-04-10 04:05:00,239.0,239.0,239.0,239.0,1410.807
2020-04-10 04:06:00,239.0,239.0,239.0,239.0,10919.30815977
2020-04-10 04:10:00,240.0,240.0,240.0,240.0,83.33333333
2020-04-10 04:11:00,240.0,240.0,240.0,240.0,100046.63322254
2020-04-10 04:12:00,240.0,240.0,239.0,239.0,605.31394346
2020-04-10 04:14:00,239.0,239.0,239.0,239.0,386.09247963
2020-04-10 04:15:00,240.0,240.0,240.0,240.0,1508.23905464
2020-04-10 04:18:00,239.0,239.0,239.0,239.0,155.11421725
2020-04-10 04:22:00,240.0,240.0,240.0,240.0,12493.75312343
2020-04-10 04:23:00,240.0,240.0,240.0,240.0,3174.95835415
2020-04-10 04:25:00,240.0,240.0,240.0,240.0,70.2063756
2020-04-10 04:26:00,240.0,240.0,240.0,240.0,20.833333
2020-04-10 04:29:00,240.0,240.0,240.0,240.0,28038.70877453
2020-04-10 04:31:00,240.0,240.0,240.0,240.0,15406.69669861
2020-04-10 04:33:00,239.0,239.0,239.0,239.0,41784.04838709
2020-04-10 04:37:00,239.0,239.0,239.0,239.0,417.0
2020-04-10 04:39:00,239.0,239.0,239.0,239.0,2055.96131882
2020-04-10 04:41:00,239.0,239.0,239.0,239.0,5420.35974167
2020-04-10 04:48:00,239.0,239.0,239.0,239.0,20000.0
2020-04-10 04:49:00,239.0,239.0,239.0,239.0,12376.74538876
2020-04-10 04:50:00,239.0,240.0,239.0,240.0,567.42237871
2020-04-10 04:52:00,240.0,240.0,240.0,240.0,63.26857528
2020-04-10 04:54:00,240.0,240.0,240.0,240.0,2396.11244803
2020-04-10 04:59:00,240.0,240.0,240.0,240.0,62.674337
2020-04-10 05:00:00,239.0,239.0,239.0,239.0,100022.76073818
2020-04-10 05:01:00,239.0,239.0,239.0,239.0,42.373044
2020-04-10 05:02:00,240.0,240.0,239.0,239.0,18067.41266451
2020-04-10 05:04:00,239.0,239.0,239.0,239.0,1474.464
2020-04-10 05:05:00,239.0,239.0,239.0,239.0,18311.64107484
2020-04-10 05:08:00,239.0,239.0,239.0,239.0,3542.91939228
2020-04-10 05:12:00,239.0,239.0,239.0,239.0,379.0
2020-04-10 05:16:00,239.0,239.0,239.0,239.0,8372.72553182
2020-04-10 05:26:00,239.0,239.0,239.0,239.0,175.05
2020-04-10 05:27:00,239.0,239.0,239.0,239.0,41.16858182
2020-04-10 05:29:00,239.0,239.0,239.0,239.0,4543.42996568
2020-04-10 05:30:00,240.0,240.0,240.0,240.0,6338.22364568
2020-04-10 05:31:00,240.0,240.0,240.0,240.0,141.35911662
2020-04-10 05:32:00,240.0,240.0,240.0,240.0,1602.4411432
2020-04-10 05:35:00,240.0,240.0,240.0,240.0,4519.97751124
2020-04-10 05:36:00,240.0,240.0,240.0,240.0,44.10481134
2020-04-10 05:40:00,240.0,240.0,240.0,240.0,358.749621
2020-04-10 05:43:00,240.0,240.0,240.0,240.0,20.833333
2020-04-10 05:44:00,240.0,240.0,240.0,240.0,245.5497984
2020-04-10 05:45:00,240.0,240.0,240.0,240.0,49.19745974
2020-04-10 05:50:00,240.0,240.0,240.0,240.0,70.17733206
2020-04-10 05:51:00,240.0,240.0,240.0,240.0,142.62822608
2020-04-10 05:53:00,240.0,240.0,240.0,240.0,234.02211574
2020-04-10 05:54:00,240.0,240.0,240.0,240.0,38.833333
2020-04-10 05:55:00,240.0,240.0,240.0,240.0,69973.01320212
2020-04-10 05:56:00,240.0,240.0,240.0,240.0,30080.89845944
2020-04-10 05:57:00,240.0,240.0,240.0,240.0,9604.3625
2020-04-10 06:00:00,240.0,240.0,240.0,240.0,35000.0
2020-04-10 06:02:00,240.0,240.0,240.0,240.0,9594.76095285
2020-04-10 06:03:00,240.0,240.0,240.0,240.0,31496.48566103
2020-04-10 06:05:00,240.0,240.0,240.0,240.0,2715.12476554
2020-04-10 06:06:00,240.0,240.0,240.0,240.0,57460.08662334
2020-04-10 06:07:00,240.0,240.0,239.0,239.0,23835.92011636
2020-04-10 06:08:00,240.0,240.0,240.0,240.0,422.73958333
2020-04-10 06:09:00,239.0,239.0,239.0,239.0,719.18889607
2020-04-10 06:11:00,239.0,239.0,239.0,239.0,909.76143727
2020-04-10 06:14:00,239.0,239.0,239.0,239.0,4184.10041841
2020-04-10 06:18:00,239.0,239.0,239.0,239.0,4708.74486605
2020-04-10 06:19:00,239.0,240.0,239.0,240.0,11037.34439834
2020-04-10 06:20:00,240.0,240.0,240.0,240.0,51.45397092
2020-04-10 06:21:00,240.0,240.0,240.0,240.0,485.3918822
2020-04-10 06:22:00,240.0,240.0,240.0,240.0,332.66283524
2020-04-10 06:23:00,240.0,240.0,240.0,240.0,8707.56821326
2020-04-10 06:24:00,239.0,239.0,239.0,239.0,7291.49640534
2020-04-10 06:26:00,240.0,240.0,240.0,240.0,45.90693952
2020-04-10 06:27:00,240.0,240.0,240.0,240.0,523.03303548
2020-04-10 06:29:00,240.0,240.0,240.0,240.0,113.23029932
2020-04-10 06:30:00,240.0,240.0,240.0,240.0,806.1552557
2020-04-10 06:31:00,239.0,239.0,239.0,239.0,4184.10041841
2020-04-10 06:36:00,239.0,239.0,239.0,239.0,45000.0
2020-04-10 06:38:00,240.0,240.0,239.0,239.0,18154.17678036
2020-04-10 06:45:00,240.0,240.0,240.0,240.0,1249.37531234
2020-04-10 06:47:00,240.0,240.0,240.0,240.0,986.9851014
2020-04-10 06:48:00,240.0,240.0,240.0,240.0,345.6226802
2020-04-10 06:49:00,240.0,240.0,240.0,240.0,2803.895833
2020-04-10 06:50:00,240.0,240.0,240.0,240.0,2014.575
2020-04-10 06:51:00,240.0,240.0,240.0,240.0,50000.0
2020-04-10 06:52:00,240.0,240.0,240.0,240.0,4202.19609352
2020-04-10 06:53:00,240.0,240.0,240.0,240.0,4214.75203886
2020-04-10 06:54:00,240.0,240.0,240.0,240.0,2263.38679823
2020-04-10 06:55:00,240.0,240.0,239.0,239.0,22128.39789089
2020-04-10 06:56:00,239.0,240.0,239.0,239.0,2191.65295821
2020-04-10 06:57:00,239.0,240.0,239.0,239.0,569.068647
2020-04-10 06:59:00,240.0,240.0,239.0,239.0,112.1502146
2020-04-10 07:01:00,240.0,240.0,239.0,240.0,161847.11462221
2020-04-10 07:02:00,240.0,240.0,239.0,240.0,97237.15640502
2020-04-10 07:04:00,240.0,240.0,240.0,240.0,2.14102565
2020-04-10 07:06:00,240.0,240.0,240.0,240.0,4166.66666667
2020-04-10 07:07:00,240.0,240.0,239.0,239.0,113716.94430536
2020-04-10 07:08:00,240.0,240.0,239.0,240.0,7000.60873398
2020-04-10 07:09:00,240.0,240.0,239.0,240.0,39907.67776301
2020-04-10 07:10:00,240.0,240.0,240.0,240.0,100.0
2020-04-10 07:12:00,240.0,240.0,240.0,240.0,2.14102565
2020-04-10 07:13:00,241.0,241.0,240.0,240.0,2756.66914061
2020-04-10 07:14:00,240.0,240.0,240.0,240.0,128.42307695
2020-04-10 07:15:00,240.0,241.0,240.0,241.0,16987.17755804
2020-04-10 07:16:00,240.0,240.0,240.0,240.0,3045.32085378
2020-04-10 07:17:00,240.0,240.0,240.0,240.0,6.4139662
2020-04-10 07:18:00,240.0,240.0,240.0,240.0,8.53677035
2020-04-10 07:19:00,240.0,240.0,240.0,240.0,2.1319149
2020-04-10 07:20:00,240.0,240.0,239.0,239.0,340497.34221814
2020-04-10 07:21:00,240.0,240.0,240.0,240.0,39859.61520534
2020-04-10 07:22:00,240.0,240.0,240.0,240.0,41.66666667
2020-04-10 07:23:00,240.0,240.0,240.0,240.0,13822.99999479
2020-04-10 07:25:00,240.0,240.0,240.0,240.0,32045.20543167
2020-04-10 07:26:00,240.0,240.0,240.0,240.0,46306.15684456
2020-04-10 07:27:00,240.0,241.0,240.0,241.0,25283.79817158
2020-04-10 07:30:00,240.0,240.0,240.0,240.0,1409.83035714
2020-04-10 07:31:00,240.0,240.0,240.0,240.0,51418.53288244
2020-04-10 07:32:00,240.0,240.0,240.0,240.0,3538.89175807
2020-04-10 07:33:00,240.0,240.0,240.0,240.0,612.49999966
2020-04-10 07:34:00,240.0,240.0,240.0,240.0,3151.09112645
2020-04-10 07:35:00,240.0,240.0,240.0,240.0,48805.98924257
2020-04-10 07:37:00,240.0,240.0,240.0,240.0,3736.17439832
2020-04-10 07:38:00,240.0,240.0,240.0,240.0,4432.92103948
2020-04-10 07:39:00,240.0,240.0,240.0,240.0,13381.98333332
2020-04-10 07:40:00,240.0,240.0,240.0,240.0,54433.65019234
2020-04-10 07:41:00,240.0,240.0,240.0,240.0,58731.38430784
2020-04-10 07:44:00,240.0,240.0,240.0,240.0,203.39826496
2020-04-10 07:47:00,240.0,240.0,240.0,240.0,15.0
2020-04-10 07:48:00,240.0,240.0,240.0,240.0,1003.0
2020-04-10 07:49:00,240.0,240.0,240.0,240.0,82.91687489
2020-04-10 07:51:00,241.0,241.0,240.0,240.0,2707.75528902
2020-04-10 07:52:00,240.0,240.0,240.0,240.0,450.0
2020-04-10 07:53:00,240.0,240.0,240.0,240.0,4000.0
2020-04-10 07:54:00,240.0,241.0,240.0,240.0,5105.17774647
2020-04-10 07:55:00,240.0,240.0,240.0,240.0,1500.0
2020-04-10 07:56:00,240.0,240.0,240.0,240.0,18584.10905699
2020-04-10 07:57:00,240.0,240.0,240.0,240.0,600.0
2020-04-10 07:58:00,240.0,240.0,240.0,240.0,2047.00811704
2020-04-10 07:59:00,240.0,240.0,240.0,240.0,2286.99426548
2020-04-10 08:00:00,240.0,240.0,240.0,240.0,7759.27892489
2020-04-10 08:02:00,241.0,241.0,241.0,241.0,321.21698485
2020-04-10 08:05:00,241.0,241.0,241.0,241.0,83155.33004262
2020-04-10 08:06:00,241.0,241.0,241.0,241.0,71.32611017
2020-04-10 08:07:00,240.0,241.0,240.0,241.0,640.0
2020-04-10 08:08:00,241.0,241.0,240.0,240.0,4538.59426527
2020-04-10 08:09:00,240.0,240.0,240.0,240.0,880.96307323
2020-04-10 08:11:00,240.0,240.0,240.0,240.0,4166.66666667
2020-04-10 08:12:00,241.0,241.0,241.0,241.0,33.91250432
2020-04-10 08:13:00,241.0,241.0,240.0,240.0,8781.81249271
2020-04-10 08:14:00,240.0,240.0,240.0,240.0,21721.3527546
2020-04-10 08:15:00,240.0,240.0,240.0,240.0,37265.5234375
2020-04-10 08:16:00,241.0,241.0,241.0,241.0,52710.64527487
2020-04-10 08:17:00,241.0,241.0,241.0,241.0,66.42984292
2020-04-10 08:18:00,241.0,241.0,241.0,241.0,94.51159462
2020-04-10 08:19:00,241.0,241.0,240.0,240.0,111086.20404841
2020-04-10 08:20:00,240.0,241.0,240.0,240.0,22908.86816119
2020-04-10 08:21:00,240.0,240.0,240.0,240.0,1577.21576763
2020-04-10 08:23:00,241.0,241.0,240.0,240.0,11.15948276
2020-04-10 08:24:00,241.0,241.0,240.0,241.0,3100.28743025
2020-04-10 08:25:00,240.0,240.0,240.0,240.0,2.15948276
2020-04-10 08:26:00,240.0,240.0,240.0,240.0,9454.69748
2020-04-10 08:27:00,240.0,240.0,240.0,240.0,100.0
2020-04-10 08:28:00,240.0,240.0,240.0,240.0,1631.6046485
2020-04-10 08:31:00,240.0,240.0,240.0,240.0,145214.37991199
2020-04-10 08:32:00,241.0,241.0,240.0,241.0,2144.01786998
2020-04-10 08:33:00,240.0,240.0,240.0,240.0,4738.31901482
2020-04-10 08:34:00,240.0,240.0,240.0,240.0,10000.0000001
2020-04-10 08:35:00,240.0,240.0,240.0,240.0,194.34295832
2020-04-10 08:36:00,240.0,240.0,240.0,240.0,8364.0188274
2020-04-10 08:39:00,240.0,240.0,240.0,240.0,22498.52865286
2020-04-10 08:40:00,240.0,240.0,240.0,240.0,2020.141652
2020-04-10 08:41:00,240.0,240.0,240.0,240.0,4232.60208333
2020-04-10 08:42:00,240.0,240.0,240.0,240.0,4166.66666667
2020-04-10 08:43:00,241.0,241.0,241.0,241.0,200.0
2020-04-10 08:44:00,241.0,241.0,240.0,240.0,1362.63179953
2020-04-10 08:46:00,240.0,240.0,240.0,240.0,1360.48158493
2020-04-10 08:47:00,241.0,241.0,240.0,240.0,856.05846527
2020-04-10 08:50:00,240.0,240.0,240.0,240.0,22972.25798518
2020-04-10 08:51:00,240.0,240.0,240.0,240.0,45599.9474994
2020-04-10 08:53:00,240.0,241.0,240.0,240.0,55451.43022146
2020-04-10 08:54:00,240.0,240.0,240.0,240.0,58361.51286541
2020-04-10 08:55:00,240.0,240.0,240.0,240.0,15973.13018175
2020-04-10 08:56:00,240.0,240.0,240.0,240.0,70215.14961341
2020-04-10 08:57:00,240.0,240.0,239.0,239.0,2308.72006324
2020-04-10 17:32:00,232.0,232.0,231.0,231.0,376889.94278289
2020-04-10 17:33:00,232.0,232.0,231.0,232.0,28508.64915659
2020-04-10 17:34:00,232.0,232.0,230.0,231.0,114129.73208203
2020-04-10 17:35:00,231.0,231.0,230.0,231.0,17232.54594247
2020-04-10 17:36:00,231.0,231.0,231.0,231.0,14582.48946227
2020-04-10 17:37:00,232.0,232.0,231.0,231.0,4400.35736959
2020-04-10 17:38:00,231.0,231.0,231.0,231.0,6893.95126355
2020-04-10 17:40:00,231.0,232.0,231.0,232.0,39448.18712693
2020-04-10 17:41:00,231.0,231.0,231.0,231.0,39285.50252268
2020-04-10 17:42:00,230.0,231.0,230.0,231.0,8259.97127849
2020-04-10 17:43:00,231.0,231.0,231.0,231.0,3192.83360375
2020-04-10 17:44:00,231.0,232.0,231.0,232.0,45162.82361309
2020-04-10 17:45:00,232.0,232.0,232.0,232.0,2277.14655172
2020-04-10 17:46:00,231.0,231.0,231.0,231.0,11349.72717905
2020-04-10 17:47:00,232.0,232.0,231.0,231.0,14321.72815419
2020-04-10 17:48:00,231.0,231.0,231.0,231.0,4330.0
2020-04-10 17:49:00,231.0,231.0,231.0,231.0,608.91414757
2020-04-10 17:50:00,231.0,231.0,231.0,231.0,10112.03711097
2020-04-10 17:51:00,231.0,231.0,231.0,231.0,14320.35153991
2020-04-10 17:52:00,231.0,232.0,231.0,232.0,26841.17061762
2020-04-10 17:53:00,231.0,231.0,230.0,230.0,172358.31583964
2020-04-10 17:54:00,230.0,231.0,230.0,231.0,370209.47031339
2020-04-10 17:55:00,230.0,230.0,230.0,230.0,5562.24776043
2020-04-10 17:56:00,231.0,231.0,231.0,231.0,2162.27798178
2020-04-10 17:57:00,231.0,231.0,231.0,231.0,1795.30590385
2020-04-10 17:58:00,231.0,231.0,231.0,231.0,691.23879618
2020-04-10 17:59:00,231.0,231.0,231.0,231.0,161.64502164
2020-04-10 18:00:00,231.0,231.0,231.0,231.0,595.48138527
2020-04-10 18:01:00,230.0,231.0,229.0,229.0,603669.51372607
2020-04-10 18:02:00,229.0,230.0,229.0,230.0,271822.29983599
2020-04-10 18:03:00,230.0,230.0,230.0,230.0,40204.95892943
2020-04-10 18:04:00,230.0,230.0,230.0,230.0,24886.03402081
2020-04-10 18:05:00,231.0,231.0,230.0,230.0,53436.73729142
2020-04-10 18:06:00,230.0,230.0,230.0,230.0,258427.94020514
2020-04-10 18:07:00,230.0,231.0,230.0,230.0,198272.71335949
2020-04-10 18:08:00,230.0,231.0,230.0,230.0,203864.06813646
2020-04-10 18:09:00,229.0,229.0,229.0,229.0,50002.2
2020-04-10 18:10:00,230.0,230.0,229.0,229.0,58812.61328465
2020-04-10 18:11:00,229.0,230.0,229.0,230.0,8726.67402899
2020-04-10 18:12:00,230.0,230.0,230.0,230.0,40674.84130434
2020-04-10 18:13:00,229.0,230.0,229.0,230.0,148982.67847942
2020-04-10 18:14:00,230.0,230.0,229.0,229.0,15458.21787522
2020-04-10 18:15:00,229.0,230.0,229.0,230.0,5396.30567188
2020-04-10 18:16:00,230.0,230.0,229.0,230.0,20897.9702982
2020-04-10 18:17:00,230.0,230.0,230.0,230.0,500.0
2020-04-10 18:18:00,229.0,230.0,229.0,229.0,143034.47956224
2020-04-10 18:19:00,230.0,230.0,230.0,230.0,200627.95987502
2020-04-10 18:20:00,230.0,230.0,230.0,230.0,45551.49438322
2020-04-10 18:21:00,230.0,231.0,230.0,230.0,62495.00594137
2020-04-10 18:22:00,230.0,230.0,229.0,230.0,5223.27222719
2020-04-10 18:23:00,230.0,231.0,230.0,230.0,60607.34501035
2020-04-10 18:24:00,230.0,230.0,230.0,230.0,191921.56239318
2020-04-10 18:25:00,229.0,230.0,229.0,229.0,8830.3132096
2020-04-10 18:26:00,229.0,230.0,229.0,230.0,19045.28292781
2020-04-10 18:27:00,230.0,230.0,229.0,229.0,73022.92725923
2020-04-10 18:28:00,229.0,229.0,229.0,229.0,5039.54760208
2020-04-10 18:29:00,229.0,230.0,228.0,229.0,706649.82042554
2020-04-10 18:30:00,229.0,229.0,228.0,229.0,241643.08737375
2020-04-10 18:31:00,229.0,229.0,229.0,229.0,102443.2110807
2020-04-10 18:33:00,229.0,230.0,229.0,229.0,128740.79780338
2020-04-10 18:34:00,229.0,229.0,228.0,228.0,102147.61951828
2020-04-10 18:35:00,228.0,229.0,227.0,228.0,704244.64993908
2020-04-10 18:36:00,228.0,228.0,227.0,227.0,30936.47304626
2020-04-10 18:37:00,228.0,228.0,227.0,228.0,368450.30662492
2020-04-10 18:38:00,228.0,228.0,227.0,227.0,51051.80365957
2020-04-10 18:39:00,227.0,227.0,227.0,227.0,192929.40002245
2020-04-10 18:40:00,227.0,228.0,227.0,227.0,88438.61538679
2020-04-10 18:41:00,228.0,228.0,227.0,227.0,139181.75142098
2020-04-10 18:42:00,227.0,227.0,227.0,227.0,25014.74898951
2020-04-10 18:43:00,227.0,227.0,227.0,227.0,179819.50017855
2020-04-10 18:44:00,227.0,228.0,227.0,228.0,145290.84386945
2020-04-10 18:45:00,228.0,228.0,227.0,227.0,2510.96493419
2020-04-10 18:46:00,227.0,228.0,227.0,227.0,731735.92651859
2020-04-10 18:47:00,227.0,228.0,227.0,227.0,27656.38709502
2020-04-10 18:48:00,227.0,227.0,227.0,227.0,4100.0
2020-04-10 18:49:00,228.0,228.0,228.0,228.0,502081.56238737
2020-04-10 18:50:00,227.0,228.0,227.0,228.0,31377.90645658
2020-04-10 18:51:00,229.0,229.0,229.0,229.0,3491.89182701
2020-04-10 18:52:00,228.0,229.0,228.0,228.0,7812.05912218
2020-04-10 18:53:00,228.0,229.0,228.0,228.0,195838.96156118
2020-04-10 18:54:00,228.0,228.0,228.0,228.0,20870.85812946
2020-04-10 18:55:00,228.0,228.0,228.0,228.0,66711.3598435
2020-04-10 18:56:00,229.0,229.0,228.0,228.0,8095.50376133
2020-04-10 18:57:00,228.0,229.0,228.0,229.0,18328.42881142
2020-04-10 18:58:00,229.0,229.0,229.0,229.0,53646.29912118
2020-04-10 18:59:00,229.0,229.0,229.0,229.0,205340.0003055
2020-04-10 19:00:00,229.0,229.0,229.0,229.0,318517.94204804
2020-04-10 19:01:00,229.0,229.0,228.0,228.0,12488.81324317
2020-04-10 19:02:00,229.0,229.0,228.0,228.0,56720.5677445
2020-04-10 19:03:00,228.0,228.0,228.0,228.0,28725.35676486
2020-04-10 19:04:00,229.0,229.0,228.0,228.0,19335.81564949
2020-04-10 19:05:00,229.0,229.0,228.0,228.0,4993.94857118
2020-04-10 19:06:00,229.0,229.0,228.0,228.0,15165.4805143
2020-04-10 19:07:00,228.0,229.0,228.0,229.0,33080.59652569
2020-04-10 19:08:00,229.0,229.0,229.0,229.0,308602.69162735
2020-04-10 19:09:00,229.0,229.0,228.0,228.0,1426.708344
2020-04-10 19:10:00,229.0,229.0,229.0,229.0,43733.66813758
2020-04-10 19:11:00,229.0,229.0,229.0,229.0,25431.22083429
2020-04-10 19:12:00,229.0,229.0,229.0,229.0,264577.38410685
2020-04-10 19:13:00,229.0,229.0,229.0,229.0,33142.94596574
2020-04-10 19:14:00,230.0,230.0,229.0,229.0,68393.01874479
2020-04-10 19:15:00,229.0,230.0,229.0,230.0,5856.9537676
2020-04-10 19:16:00,229.0,229.0,229.0,229.0,2022.66093843
2020-04-10 19:17:00,229.0,230.0,229.0,230.0,15023.91885882
2020-04-10 19:18:00,229.0,230.0,229.0,230.0,28828.22926645
2020-04-10 19:19:00,229.0,230.0,229.0,230.0,3276.60117706
2020-04-10 19:20:00,229.0,230.0,229.0,230.0,23896.12831405
2020-04-10 19:21:00,229.0,230.0,229.0,230.0,24850.78385462
2020-04-10 19:22:00,229.0,230.0,229.0,229.0,10700.73412056
2020-04-10 19:23:00,229.0,230.0,229.0,230.0,90770.39237154
2020-04-10 19:24:00,229.0,230.0,229.0,229.0,8119.91025932
2020-04-10 19:25:00,230.0,230.0,229.0,229.0,322306.53234664
2020-04-10 19:26:00,229.0,230.0,229.0,230.0,58872.46239609
2020-04-10 19:27:00,229.0,230.0,229.0,229.0,27711.0557925
2020-04-10 19:28:00,230.0,230.0,229.0,229.0,33797.25649997
2020-04-10 19:29:00,230.0,230.0,230.0,230.0,1402.94852573
2020-04-10 19:30:00,230.0,230.0,230.0,230.0,89708.87858286
2020-04-10 19:31:00,230.0,230.0,229.0,229.0,4888.46568575
2020-04-10 19:32:00,230.0,230.0,230.0,230.0,9779.64496012
2020-04-10 19:33:00,230.0,230.0,229.0,229.0,8379.34782608
2020-04-10 19:34:00,229.0,230.0,229.0,230.0,111.16352679
2020-04-10 19:35:00,230.0,230.0,230.0,230.0,473.81021738
2020-04-10 19:36:00,230.0,230.0,230.0,230.0,29406.54130434
2020-04-10 19:37:00,230.0,230.0,230.0,230.0,4.34782608
2020-04-10 19:38:00,229.0,230.0,229.0,230.0,94939.67848683
2020-04-10 19:39:00,230.0,230.0,229.0,230.0,4795.62436172
2020-04-10 19:40:00,230.0,230.0,230.0,230.0,1326.82391304
2020-04-10 19:41:00,230.0,230.0,230.0,230.0,1453.18040326
2020-04-10 19:42:00,230.0,230.0,230.0,230.0,278361.86995522
2020-04-10 19:43:00,231.0,231.0,231.0,231.0,24426.97402632
2020-04-10 19:44:00,230.0,230.0,230.0,230.0,433.0
2020-04-10 19:45:00,231.0,231.0,230.0,230.0,2914.32900432
2020-04-10 19:46:00,230.0,231.0,230.0,231.0,7110.84982998
2020-04-10 19:47:00,231.0,231.0,230.0,230.0,103294.37229436
2020-04-10 19:48:00,230.0,230.0,229.0,229.0,161272.81746899
2020-04-10 19:49:00,230.0,230.0,230.0,230.0,27448.30048741
2020-04-10 19:50:00,231.0,231.0,230.0,230.0,11105.54654649
2020-04-10 19:51:00,231.0,231.0,230.0,230.0,775.62610412
2020-04-10 19:52:00,230.0,231.0,230.0,231.0,25145.33203463
2020-04-10 19:53:00,231.0,231.0,231.0,231.0,24.32900432
2020-04-10 19:54:00,231.0,231.0,231.0,231.0,13823.72943758
2020-04-10 19:55:00,231.0,231.0,230.0,230.0,84.32900432
2020-04-10 19:56:00,231.0,231.0,231.0,231.0,15.0
2020-04-10 19:57:00,231.0,231.0,230.0,230.0,39057.39371687
2020-04-10 19:58:00,230.0,230.0,230.0,230.0,201.95581582
2020-04-10 19:59:00,231.0,231.0,231.0,231.0,33337.681948
2020-04-10 20:00:00,231.0,231.0,230.0,231.0,92592.96720538
2020-04-10 20:01:00,231.0,231.0,230.0,230.0,257361.27808407
2020-04-10 20:02:00,230.0,230.0,229.0,230.0,30711.57451458
2020-04-10 20:03:00,230.0,230.0,229.0,229.0,9600.08797713
2020-04-10 20:04:00,230.0,230.0,230.0,230.0,52754.5018708
2020-04-10 20:05:00,230.0,230.0,230.0,230.0,23431.35369388
2020-04-10 20:06:00,230.0,230.0,230.0,230.0,56498.67110209
2020-04-10 20:07:00,230.0,231.0,230.0,230.0,206449.22003766
2020-04-10 20:08:00,230.0,230.0,230.0,230.0,12245.57844644
2020-04-10 20:09:00,230.0,230.0,230.0,230.0,14971.15572647
2020-04-10 20:10:00,229.0,230.0,229.0,230.0,9496.00857985
2020-04-10 20:11:00,230.0,230.0,229.0,229.0,8058.05398284
2020-04-10 20:13:00,229.0,230.0,229.0,230.0,1008.10562608
2020-04-10 20:14:00,229.0,229.0,229.0,229.0,17700.45
2020-04-10 20:15:00,230.0,230.0,229.0,229.0,2199.34782608
2020-04-10 20:16:00,230.0,230.0,229.0,229.0,39099.702874
2020-04-10 20:17:00,229.0,230.0,229.0,229.0,11735.34782608
2020-04-10 20:18:00,229.0,229.0,229.0,229.0,192642.58597522
2020-04-10 20:19:00,229.0,230.0,228.0,228.0,287384.74512309
2020-04-10 20:20:00,229.0,229.0,228.0,228.0,3314.29262206
2020-04-10 20:21:00,229.0,229.0,229.0,229.0,159779.65714685
2020-04-10 20:22:00,229.0,229.0,229.0,229.0,11347.09496899
2020-04-10 20:23:00,230.0,230.0,229.0,230.0,18954.9322669
2020-04-10 20:25:00,230.0,230.0,229.0,229.0,5667.126868
2020-04-10 20:27:00,229.0,230.0,229.0,230.0,1808.04380417
2020-04-10 20:28:00,229.0,229.0,229.0,229.0,10139.16004879
2020-04-10 20:29:00,230.0,230.0,229.0,229.0,4544.10212348
2020-04-10 20:30:00,229.0,229.0,229.0,229.0,1000.00000032
2020-04-10 20:31:00,229.0,230.0,229.0,229.0,7160.51944974
2020-04-10 20:33:00,230.0,230.0,229.0,229.0,1113.4937819
2020-04-10 20:34:00,230.0,230.0,229.0,229.0,6295.40491709
2020-04-10 20:35:00,229.0,230.0,229.0,229.0,73417.7458944
2020-04-10 20:36:00,230.0,230.0,229.0,229.0,8.73362542
2020-04-10 20:37:00,230.0,230.0,229.0,229.0,24223.66691161
2020-04-10 20:39:00,230.0,230.0,229.0,229.0,6.61479441
2020-04-10 20:40:00,229.0,229.0,229.0,229.0,63523.97969826
2020-04-10 20:41:00,229.0,230.0,229.0,229.0,4564.46357617
2020-04-10 20:42:00,229.0,229.0,229.0,229.0,5800.0
2020-04-10 20:43:00,229.0,230.0,229.0,229.0,5413.76238393
2020-04-10 20:44:00,229.0,229.0,229.0,229.0,1630.1290687
2020-04-10 20:45:00,230.0,230.0,229.0,229.0,5880.95468063
2020-04-10 20:47:00,230.0,230.0,229.0,229.0,9198.36158374
2020-04-10 20:48:00,230.0,230.0,229.0,229.0,2436.35772748
2020-04-10 20:49:00,229.0,230.0,229.0,229.0,16197.17162769
2020-04-10 20:50:00,229.0,229.0,229.0,229.0,16811.92417409
2020-04-10 20:51:00,230.0,230.0,229.0,229.0,39688.8094823
2020-04-10 20:52:00,229.0,230.0,229.0,229.0,47837.47670634
2020-04-10 20:53:00,230.0,230.0,229.0,229.0,6.61479441
2020-04-10 20:54:00,229.0,229.0,229.0,229.0,13400.06931174
2020-04-10 20:55:00,229.0,230.0,229.0,229.0,34693.77972608
2020-04-10 20:56:00,230.0,230.0,229.0,229.0,22002.26696833
2020-04-10 20:57:00,230.0,230.0,229.0,229.0,23823.19926701
2020-04-10 20:58:00,229.0,230.0,229.0,230.0,34065.95342351
2020-04-10 20:59:00,229.0,230.0,228.0,228.0,313872.91402856
2020-04-11 04:31:00,231.0,231.0,230.0,231.0,85566.70282377
2020-04-11 04:32:00,231.0,231.0,231.0,231.0,52910.94937623
2020-04-11 04:34:00,231.0,231.0,231.0,231.0,1244.0
2020-04-11 04:36:00,231.0,231.0,231.0,231.0,2155.0
2020-04-11 04:39:00,231.0,231.0,231.0,231.0,5000.0
2020-04-11 04:41:00,231.0,231.0,231.0,231.0,6356.71979347
2020-04-11 04:42:00,231.0,231.0,231.0,231.0,225293.74647008
2020-04-11 04:43:00,231.0,231.0,231.0,231.0,3926.36432655
2020-04-11 04:45:00,230.0,230.0,230.0,230.0,82921.77286669
2020-04-11 04:47:00,230.0,230.0,230.0,230.0,5074.87589324
2020-04-11 04:50:00,231.0,231.0,230.0,230.0,5216.45021645
2020-04-11 04:51:00,230.0,230.0,230.0,230.0,11984.51150902
2020-04-11 04:52:00,230.0,230.0,229.0,229.0,205217.46295193
2020-04-11 04:53:00,229.0,229.0,229.0,229.0,28918.55555813
2020-04-11 04:55:00,229.0,229.0,229.0,229.0,999.1496
2020-04-11 04:56:00,230.0,230.0,230.0,230.0,2739.259
2020-04-11 04:57:00,230.0,230.0,230.0,230.0,8882.52960476
2020-04-11 04:58:00,230.0,230.0,230.0,230.0,18580.0
2020-04-11 04:59:00,230.0,230.0,230.0,230.0,3150.0
2020-04-11 05:04:00,230.0,230.0,230.0,230.0,2232.75025398
2020-04-11 05:14:00,230.0,230.0,230.0,230.0,29603.38640698
2020-04-11 05:15:00,230.0,230.0,230.0,230.0,1082.25108225
2020-04-11 05:16:00,230.0,230.0,230.0,230.0,21.73913
2020-04-11 05:18:00,230.0,230.0,230.0,230.0,771.52894963
2020-04-11 05:19:00,230.0,230.0,230.0,230.0,34289.56675851
2020-04-11 05:21:00,229.0,229.0,229.0,229.0,50.42234682
2020-04-11 05:23:00,229.0,229.0,229.0,229.0,1746.72489084
2020-04-11 05:24:00,229.0,229.0,229.0,229.0,436.68122271
2020-04-11 05:25:00,229.0,229.0,229.0,229.0,4504.5045045
2020-04-11 05:26:00,230.0,230.0,230.0,230.0,3193.9
2020-04-11 05:27:00,230.0,230.0,229.0,229.0,17171.114435
2020-04-11 05:28:00,230.0,230.0,229.0,229.0,1085.25108225
2020-04-11 05:30:00,229.0,230.0,229.0,229.0,23789.72988773
2020-04-11 05:34:00,230.0,230.0,229.0,229.0,1084.46789641
2020-04-11 05:35:00,229.0,229.0,229.0,229.0,2.21681416
2020-04-11 05:37:00,230.0,230.0,229.0,229.0,13928.41730346
2020-04-11 05:38:00,230.0,230.0,229.0,230.0,50034.87430029
2020-04-11 05:40:00,231.0,231.0,230.0,230.0,1294.65458809
2020-04-11 05:44:00,230.0,230.0,230.0,230.0,47359.164729
2020-04-11 05:45:00,230.0,230.0,229.0,229.0,12276.84755595
2020-04-11 05:46:00,230.0,230.0,229.0,230.0,18955.01489641
2020-04-11 05:47:00,230.0,230.0,229.0,229.0,21625.68872257
2020-04-11 05:48:00,230.0,230.0,229.0,230.0,84171.73713476
2020-04-11 05:49:00,229.0,231.0,229.0,230.0,2004.41409692
2020-04-11 05:50:00,230.0,230.0,230.0,230.0,2744.88536152
2020-04-11 05:51:00,230.0,230.0,229.0,229.0,11577.28116767
2020-04-11 05:52:00,230.0,230.0,229.0,229.0,4573.66033889
2020-04-11 05:56:00,230.0,230.0,229.0,229.0,598.71681416
2020-04-11 05:58:00,229.0,230.0,229.0,229.0,164430.87589202
2020-04-11 05:59:00,229.0,230.0,229.0,229.0,53466.74875452
2020-04-11 06:00:00,230.0,231.0,229.0,230.0,84370.91971845
2020-04-11 06:01:00,230.0,231.0,230.0,230.0,47.68478015
2020-04-11 06:02:00,230.0,231.0,230.0,230.0,213.20357064
2020-04-11 06:05:00,230.0,230.0,230.0,230.0,19553.07194887
2020-04-11 06:06:00,231.0,231.0,230.0,230.0,8067.04203686
2020-04-11 06:07:00,231.0,231.0,230.0,231.0,16368.89806473
2020-04-11 06:08:00,231.0,232.0,230.0,231.0,220907.10374993
2020-04-11 06:09:00,232.0,232.0,231.0,231.0,164.8284471
2020-04-11 06:10:00,232.0,232.0,231.0,231.0,384.03847189
2020-04-11 06:11:00,231.0,232.0,231.0,231.0,453.22056506
2020-04-11 06:12:00,231.0,231.0,231.0,231.0,50000.0
2020-04-11 06:13:00,232.0,232.0,231.0,231.0,14243.29551485
2020-04-11 06:14:00,231.0,232.0,231.0,231.0,29032.69732722
2020-04-11 06:15:00,232.0,232.0,231.0,231.0,361.85641902
2020-04-11 06:16:00,231.0,232.0,231.0,231.0,102211.99699211
2020-04-11 06:17:00,231.0,232.0,231.0,231.0,28140.95000342
2020-04-11 06:18:00,232.0,232.0,231.0,231.0,14759.22446304
2020-04-11 06:19:00,232.0,232.0,231.0,231.0,11774.79215652
2020-04-11 06:20:00,232.0,232.0,231.0,231.0,10110.17977293
2020-04-11 06:21:00,232.0,232.0,232.0,232.0,15676.01006661
2020-04-11 06:22:00,232.0,232.0,231.0,232.0,50370.58551475
2020-04-11 06:23:00,232.0,232.0,231.0,232.0,98370.69516509
2020-04-11 06:24:00,231.0,232.0,231.0,231.0,13491.18891104
2020-04-11 06:25:00,232.0,232.0,231.0,231.0,5845.26830726
2020-04-11 06:26:00,231.0,232.0,231.0,232.0,624740.11989594
2020-04-11 06:27:00,231.0,232.0,231.0,232.0,75968.77101794
2020-04-11 06:28:00,233.0,233.0,232.0,232.0,1934.39473686
2020-04-11 06:29:00,232.0,232.0,232.0,232.0,5000.0
2020-04-11 06:30:00,232.0,232.0,232.0,232.0,100.0
2020-04-11 06:31:00,232.0,232.0,231.0,231.0,46392.46833732
2020-04-11 06:32:00,232.0,232.0,232.0,232.0,58388.00223153
2020-04-11 06:33:00,232.0,233.0,232.0,232.0,16065.25680987
2020-04-11 06:34:00,232.0,232.0,231.0,231.0,99327.39832586
2020-04-11 06:35:00,232.0,232.0,231.0,232.0,57930.70661442
2020-04-11 06:36:00,232.0,232.0,231.0,231.0,8565.64741662
2020-04-11 06:37:00,232.0,232.0,231.0,231.0,31531.37224399
2020-04-11 06:38:00,232.0,232.0,231.0,232.0,117170.10249443
2020-04-11 06:39:00,232.0,232.0,231.0,232.0,75377.05477017
2020-04-11 06:40:00,232.0,232.0,231.0,232.0,5015.32400601
2020-04-11 06:41:00,232.0,232.0,232.0,232.0,2452.29385307
2020-04-11 06:42:00,232.0,232.0,232.0,232.0,64.65517242
2020-04-11 06:44:00,232.0,232.0,232.0,232.0,9.0
2020-04-11 06:47:00,232.0,232.0,232.0,232.0,1284.9835
2020-04-11 06:48:00,232.0,232.0,232.0,232.0,40000.0
2020-04-11 06:49:00,232.0,232.0,232.0,232.0,222989.57115173
2020-04-11 06:50:00,232.0,232.0,232.0,232.0,155107.30324983
2020-04-11 06:51:00,232.0,232.0,232.0,232.0,30043.5626031
2020-04-11 06:52:00,232.0,232.0,232.0,232.0,26770.92847393
2020-04-11 06:54:00,232.0,232.0,231.0,231.0,27549.72165053
2020-04-11 06:55:00,232.0,232.0,231.0,231.0,27966.75923337
2020-04-11 06:56:00,232.0,232.0,231.0,231.0,10638.63841771
2020-04-11 06:57:00,232.0,232.0,231.0,231.0,2085.27784143
2020-04-11 06:58:00,232.0,232.0,231.0,231.0,12959.8152041
2020-04-11 06:59:00,232.0,232.0,231.0,231.0,1075.18804006
2020-04-11 07:00:00,231.0,231.0,231.0,231.0,2.21681416
2020-04-11 07:01:00,232.0,232.0,231.0,231.0,12543.53054507
2020-04-11 07:02:00,232.0,232.0,231.0,231.0,1968.58754755
2020-04-11 07:03:00,232.0,232.0,231.0,232.0,6948.17818755
2020-04-11 07:04:00,232.0,232.0,231.0,232.0,31866.5251703
2020-04-11 07:05:00,232.0,232.0,231.0,231.0,50119.88296754
2020-04-11 07:06:00,232.0,232.0,231.0,231.0,403.20704846
2020-04-11 07:07:00,232.0,232.0,231.0,231.0,985.73766262
2020-04-11 07:10:00,231.0,231.0,231.0,231.0,16133.82879441
2020-04-11 07:12:00,232.0,232.0,231.0,231.0,104827.4268262
2020-04-11 07:13:00,231.0,232.0,231.0,231.0,51121.61409651
2020-04-11 07:14:00,231.0,231.0,231.0,231.0,106.63091108
2020-04-11 07:15:00,232.0,232.0,231.0,231.0,3239.10638139
2020-04-11 07:16:00,232.0,232.0,231.0,231.0,1075.18804006
2020-04-11 07:17:00,232.0,232.0,231.0,232.0,2311.99396148
2020-04-11 07:18:00,232.0,232.0,231.0,231.0,32227.15682387
2020-04-11 07:19:00,232.0,232.0,231.0,231.0,31077.39500171
2020-04-11 07:20:00,232.0,232.0,231.0,231.0,13003.01598962
2020-04-11 07:23:00,232.0,232.0,231.0,232.0,134933.6881863
2020-04-11 07:24:00,232.0,232.0,232.0,232.0,55728.97522734
2020-04-11 07:25:00,232.0,232.0,232.0,232.0,12848.85617014
2020-04-11 07:27:00,232.0,232.0,232.0,232.0,10.0
2020-04-11 07:28:00,232.0,232.0,231.0,231.0,698381.56464395
2020-04-11 07:29:00,232.0,232.0,231.0,231.0,41518.62166838
2020-04-11 07:30:00,232.0,232.0,231.0,231.0,13916.98696166
2020-04-11 07:31:00,232.0,232.0,231.0,232.0,6379.61818755
2020-04-11 07:32:00,231.0,231.0,231.0,231.0,2.22666667
2020-04-11 07:35:00,231.0,231.0,231.0,231.0,11345.7729468
2020-04-11 07:38:00,232.0,232.0,232.0,232.0,8251.06408148
2020-04-11 07:39:00,232.0,232.0,232.0,232.0,21.551724
2020-04-11 07:40:00,232.0,232.0,232.0,232.0,17000.63330403
2020-04-11 07:42:00,231.0,232.0,230.0,231.0,253518.72509808
2020-04-11 07:43:00,231.0,231.0,230.0,231.0,31190.45769912
2020-04-11 07:44:00,231.0,231.0,230.0,231.0,18909.92197762
2020-04-11 07:45:00,231.0,231.0,230.0,230.0,17336.37376757
2020-04-11 07:46:00,230.0,230.0,230.0,230.0,10465.98133133
2020-04-11 07:47:00,230.0,230.0,230.0,230.0,19345.20569804
2020-04-11 07:48:00,230.0,230.0,230.0,230.0,10000.0
2020-04-11 07:49:00,230.0,230.0,230.0,230.0,1779.48539939
2020-04-11 07:50:00,231.0,231.0,230.0,230.0,29675.61110978
2020-04-11 07:51:00,230.0,230.0,230.0,230.0,145093.10321554
2020-04-11 07:52:00,231.0,231.0,230.0,230.0,59893.63672757
2020-04-11 07:53:00,230.0,230.0,230.0,230.0,24720.0
2020-04-11 07:54:00,231.0,231.0,231.0,231.0,2.16883116
2020-04-11 07:55:00,231.0,231.0,231.0,231.0,1077.58620689
2020-04-11 07:56:00,231.0,231.0,230.0,231.0,9520.61507378
2020-04-11 07:57:00,231.0,231.0,231.0,231.0,1191.36968311
2020-04-11 07:58:00,231.0,231.0,231.0,231.0,105906.26142841
2020-04-11 07:59:00,231.0,231.0,231.0,231.0,1883.8187
2020-04-11 08:00:00,231.0,231.0,230.0,231.0,21420.93896881
2020-04-11 08:01:00,231.0,231.0,231.0,231.0,2093.56004024
2020-04-11 08:02:00,231.0,231.0,231.0,231.0,198457.77028307
2020-04-11 08:03:00,231.0,231.0,230.0,231.0,17635.44918692
2020-04-11 08:04:00,231.0,232.0,231.0,231.0,18973.37172875
2020-04-11 08:05:00,232.0,232.0,231.0,231.0,452.01747442
2020-04-11 08:06:00,231.0,231.0,230.0,230.0,29385.56960564
2020-04-11 08:07:00,230.0,230.0,230.0,230.0,102.86558
2020-04-11 08:10:00,230.0,231.0,230.0,230.0,2210.23580423
2020-04-11 08:12:00,230.0,231.0,230.0,231.0,3214.81366737
2020-04-11 08:13:00,231.0,231.0,231.0,231.0,9782.68243258
2020-04-11 08:14:00,231.0,231.0,230.0,230.0,20883.01036159
2020-04-11 08:15:00,230.0,230.0,230.0,230.0,4000.0
2020-04-11 08:16:00,231.0,231.0,230.0,230.0,24317.84737595
2020-04-11 08:17:00,230.0,230.0,230.0,230.0,51744.64338612
2020-04-11 08:18:00,230.0,230.0,229.0,229.0,175141.65841502
2020-04-11 08:19:00,230.0,230.0,230.0,230.0,9090.17962525
2020-04-11 08:20:00,230.0,230.0,229.0,229.0,1128.79030327
2020-04-11 08:21:00,229.0,230.0,229.0,230.0,193629.95178613
2020-04-11 08:22:00,230.0,230.0,229.0,229.0,7332.97800447
2020-04-11 08:23:00,229.0,229.0,229.0,229.0,2224.43773894
2020-04-11 08:24:00,230.0,230.0,229.0,229.0,10.91246633
2020-04-11 08:27:00,229.0,229.0,229.0,229.0,2481.0
2020-04-11 08:29:00,229.0,229.0,229.0,229.0,2.22666667
2020-04-11 08:30:00,229.0,229.0,229.0,229.0,43.66812228
2020-04-11 08:32:00,230.0,230.0,229.0,229.0,228.39553314
2020-04-11 08:33:00,230.0,230.0,229.0,229.0,6839.12225206
2020-04-11 08:34:00,229.0,229.0,229.0,229.0,19063.49097365
2020-04-11 08:35:00,230.0,230.0,229.0,229.0,242841.44598089
2020-04-11 08:36:00,229.0,230.0,229.0,229.0,16940.71733296
2020-04-11 08:38:00,230.0,230.0,229.0,229.0,63.37197832
2020-04-11 08:39:00,230.0,230.0,229.0,229.0,4348.93608349
2020-04-11 08:40:00,230.0,230.0,229.0,229.0,26.20240424
2020-04-11 08:42:00,229.0,230.0,229.0,229.0,1089.19312888
2020-04-11 08:43:00,230.0,230.0,229.0,229.0,43374.72916164
2020-04-11 08:44:00,229.0,229.0,229.0,229.0,272.3063
2020-04-11 08:45:00,229.0,229.0,229.0,229.0,17962.52304882
2020-04-11 08:46:00,229.0,229.0,229.0,229.0,4225.95931698
2020-04-11 08:47:00,230.0,230.0,229.0,229.0,69149.77795026
2020-04-11 08:49:00,230.0,230.0,229.0,229.0,102.24663678
2020-04-11 08:50:00,230.0,230.0,229.0,229.0,396.8156056
2020-04-11 08:52:00,230.0,230.0,229.0,229.0,5514.41365857
2020-04-11 08:54:00,230.0,230.0,229.0,229.0,82205.39178181
2020-04-11 08:56:00,230.0,230.0,229.0,229.0,20207.06501269
2020-04-11 08:57:00,229.0,230.0,229.0,229.0,1501.70723814
2020-04-11 08:58:00,230.0,230.0,229.0,230.0,22344.73589304
2020-04-11 08:59:00,230.0,230.0,229.0,229.0,4235.43439842
2020-04-11 16:58:00,233.0,233.0,233.0,233.0,42407.72317703
2020-04-11 16:59:00,233.0,233.0,233.0,233.0,35625.74568637
2020-04-11 17:00:00,233.0,233.0,232.0,232.0,311.459227
2020-04-11 17:01:00,232.0,232.0,232.0,232.0,79890.05623404
2020-04-11 17:03:00,232.0,233.0,232.0,233.0,2460.15390142
2020-04-11 17:04:00,233.0,233.0,233.0,233.0,4334.76394849
2020-04-11 17:06:00,233.0,233.0,233.0,233.0,527.71244635
2020-04-11 17:08:00,232.0,232.0,232.0,232.0,2000.0
2020-04-11 17:09:00,232.0,232.0,232.0,232.0,142151.40048132
2020-04-11 17:10:00,232.0,232.0,232.0,232.0,277326.19874299
2020-04-11 17:11:00,232.0,232.0,232.0,232.0,100.0
2020-04-11 17:12:00,232.0,232.0,232.0,232.0,94284.84241623
2020-04-11 17:13:00,233.0,233.0,233.0,233.0,493.41756228
2020-04-11 17:14:00,233.0,233.0,233.0,233.0,7722.58090053
2020-04-11 17:15:00,233.0,233.0,232.0,233.0,2123.37787221
2020-04-11 17:16:00,233.0,233.0,233.0,233.0,2096.03352829
2020-04-11 17:17:00,232.0,233.0,232.0,233.0,2797.64684448
2020-04-11 17:18:00,232.0,232.0,232.0,232.0,7144.598
2020-04-11 17:19:00,232.0,232.0,232.0,232.0,7576.25033587
2020-04-11 17:20:00,232.0,232.0,232.0,232.0,3000.0
2020-04-11 17:22:00,232.0,233.0,232.0,233.0,56000.0
2020-04-11 17:23:00,233.0,233.0,233.0,233.0,429.18454935
2020-04-11 17:24:00,232.0,232.0,232.0,232.0,3.92241379
2020-04-11 17:25:00,233.0,233.0,233.0,233.0,1253.21888411
2020-04-11 17:26:00,233.0,233.0,233.0,233.0,6931.72726941
2020-04-11 17:28:00,233.0,233.0,232.0,232.0,3204.93179911
2020-04-11 17:30:00,233.0,233.0,232.0,232.0,9231.38085449
2020-04-11 17:31:00,232.0,233.0,232.0,233.0,20085.74832
2020-04-11 17:32:00,233.0,233.0,233.0,233.0,216.0936699
2020-04-11 17:33:00,233.0,233.0,232.0,232.0,291.22317596
2020-04-11 17:34:00,233.0,233.0,233.0,233.0,1370.60226675
2020-04-11 17:35:00,233.0,233.0,233.0,233.0,18083.07242029
2020-04-11 17:36:00,233.0,233.0,232.0,233.0,11815.85856148
2020-04-11 17:37:00,233.0,233.0,233.0,233.0,26035.77574586
2020-04-11 17:38:00,233.0,233.0,233.0,233.0,12997.22302537
2020-04-11 17:39:00,233.0,233.0,233.0,233.0,350385.18212388
2020-04-11 17:41:00,233.0,233.0,233.0,233.0,1540.0
2020-04-11 17:42:00,234.0,234.0,233.0,233.0,5458.94311262
2020-04-11 17:43:00,233.0,233.0,233.0,233.0,4660.20023065
2020-04-11 17:44:00,233.0,233.0,233.0,233.0,122217.27822884
2020-04-11 17:45:00,233.0,233.0,232.0,233.0,21143.21359631
2020-04-11 17:46:00,233.0,233.0,232.0,232.0,16382.58652299
2020-04-11 17:47:00,233.0,233.0,233.0,233.0,15928.85998949
2020-04-11 17:48:00,233.0,234.0,233.0,233.0,44782.36009289
2020-04-11 17:49:00,233.0,233.0,233.0,233.0,18058.0
2020-04-11 17:50:00,233.0,234.0,233.0,233.0,13329.05971901
2020-04-11 17:51:00,233.0,233.0,233.0,233.0,14140.53809304
2020-04-11 17:52:00,233.0,233.0,233.0,233.0,5.0
2020-04-11 17:53:00,233.0,233.0,233.0,233.0,3955.44368059
2020-04-11 17:55:00,234.0,234.0,234.0,234.0,2.56410256
2020-04-11 17:56:00,233.0,233.0,233.0,233.0,24.35622317
2020-04-11 17:57:00,233.0,233.0,233.0,233.0,900.0
2020-04-11 17:58:00,234.0,234.0,234.0,234.0,2602.5448814
2020-04-11 17:59:00,233.0,233.0,233.0,233.0,3234.91099212
2020-04-11 18:00:00,233.0,233.0,233.0,233.0,8936.93
2020-04-11 18:01:00,233.0,233.0,233.0,233.0,31765.04366996
2020-04-11 18:02:00,233.0,233.0,233.0,233.0,27158.64825279
2020-04-11 18:03:00,234.0,234.0,234.0,234.0,427.13685892
2020-04-11 18:04:00,233.0,233.0,233.0,233.0,9488.40203223
2020-04-11 18:05:00,233.0,234.0,233.0,234.0,10287.43524798
2020-04-11 18:06:00,234.0,234.0,233.0,233.0,552.826748
2020-04-11 18:07:00,234.0,234.0,234.0,234.0,2.17948717
2020-04-11 18:08:00,233.0,233.0,233.0,233.0,63956.64142889
2020-04-11 18:09:00,233.0,233.0,233.0,233.0,2042.19398227
2020-04-11 18:10:00,233.0,234.0,233.0,234.0,1068.37606837
2020-04-11 18:12:00,234.0,234.0,234.0,234.0,10000.0
2020-04-11 18:13:00,233.0,234.0,233.0,234.0,278.12310864
2020-04-11 18:14:00,233.0,233.0,233.0,233.0,17062.41910363
2020-04-11 18:17:00,233.0,233.0,233.0,233.0,7768.75814482
2020-04-11 18:18:00,234.0,234.0,233.0,233.0,616.14389492
2020-04-11 18:22:00,233.0,233.0,233.0,233.0,10000.0
2020-04-11 18:23:00,233.0,233.0,233.0,233.0,23906.52420875
2020-04-11 18:24:00,233.0,233.0,233.0,233.0,496.99969003
2020-04-11 18:25:00,233.0,233.0,233.0,233.0,429.18454936
2020-04-11 18:26:00,234.0,234.0,233.0,233.0,39236.48393751
2020-04-11 18:27:00,233.0,233.0,233.0,233.0,5478.98744464
2020-04-11 18:28:00,233.0,233.0,232.0,232.0,9074.48698502
2020-04-11 18:31:00,232.0,232.0,232.0,232.0,8.5602185
2020-04-11 18:33:00,232.0,232.0,232.0,232.0,89399.91856432
2020-04-11 18:34:00,232.0,232.0,232.0,232.0,49.53988522
2020-04-11 18:35:00,232.0,233.0,232.0,232.0,87924.78318585
2020-04-11 18:36:00,232.0,232.0,232.0,232.0,10647.7399598
2020-04-11 18:37:00,232.0,233.0,232.0,233.0,26478.11408378
2020-04-11 18:38:00,232.0,232.0,232.0,232.0,9525.19736843
2020-04-11 18:39:00,232.0,232.0,232.0,232.0,2104.598452
2020-04-11 18:40:00,233.0,233.0,233.0,233.0,3002.79045026
2020-04-11 18:41:00,232.0,233.0,232.0,232.0,51421.76451125
2020-04-11 18:42:00,232.0,232.0,232.0,232.0,159226.2479726
2020-04-11 18:43:00,232.0,232.0,231.0,231.0,211447.83955627
2020-04-11 18:44:00,232.0,232.0,232.0,232.0,864.65517241
2020-04-11 18:45:00,231.0,232.0,231.0,232.0,43906.52445184
2020-04-11 18:46:00,232.0,232.0,231.0,231.0,570.81169272
2020-04-11 18:47:00,232.0,232.0,231.0,231.0,1002.20704846
2020-04-11 18:48:00,231.0,232.0,231.0,232.0,151651.29727364
2020-04-11 18:49:00,232.0,232.0,232.0,232.0,27002.48948778
2020-04-11 18:50:00,233.0,233.0,233.0,233.0,4168.55949707
2020-04-11 18:51:00,233.0,233.0,232.0,232.0,10114.93507537
2020-04-11 18:52:00,232.0,232.0,232.0,232.0,2467.51083924
2020-04-11 18:53:00,232.0,232.0,232.0,232.0,940.5
2020-04-11 18:54:00,233.0,233.0,232.0,232.0,431.16743275
2020-04-11 18:55:00,232.0,233.0,232.0,233.0,9057.19810113
2020-04-11 18:56:00,232.0,232.0,232.0,232.0,995.86813736
2020-04-11 18:57:00,232.0,232.0,232.0,232.0,11025.43290042
2020-04-11 18:58:00,232.0,232.0,232.0,232.0,44299.4162305
2020-04-11 18:59:00,232.0,232.0,232.0,232.0,1676.8557
2020-04-11 19:01:00,233.0,233.0,232.0,232.0,22211.34842534
2020-04-11 19:04:00,232.0,232.0,232.0,232.0,1000.0
2020-04-11 19:05:00,232.0,232.0,232.0,232.0,25188.386511
2020-04-11 19:06:00,232.0,232.0,232.0,232.0,463.37776371
2020-04-11 19:07:00,232.0,232.0,232.0,232.0,6082.88058156
2020-04-11 19:08:00,232.0,232.0,232.0,232.0,1768.15560147
2020-04-11 19:09:00,232.0,232.0,232.0,232.0,5129.31034482
2020-04-11 19:10:00,232.0,232.0,232.0,232.0,9866.93161576
2020-04-11 19:11:00,232.0,232.0,232.0,232.0,646.55172414
2020-04-11 19:12:00,232.0,232.0,232.0,232.0,2169.78362211
2020-04-11 19:13:00,232.0,232.0,232.0,232.0,10036.73251407
2020-04-11 19:14:00,232.0,232.0,232.0,232.0,35234.86051801
2020-04-11 19:15:00,232.0,232.0,232.0,232.0,2324.8
2020-04-11 19:16:00,232.0,232.0,232.0,232.0,1088.1850036
2020-04-11 19:17:00,233.0,233.0,232.0,232.0,4152.18777293
2020-04-11 19:18:00,232.0,233.0,232.0,233.0,1772.44203376
2020-04-11 19:19:00,232.0,232.0,232.0,232.0,10002.19736843
2020-04-11 19:20:00,233.0,233.0,232.0,232.0,18327.19862656
2020-04-11 19:21:00,232.0,233.0,232.0,232.0,1231.09461554
2020-04-11 19:23:00,232.0,233.0,232.0,232.0,53470.00528879
2020-04-11 19:24:00,232.0,232.0,232.0,232.0,600.0
2020-04-11 19:25:00,232.0,232.0,232.0,232.0,10000.0
2020-04-11 19:27:00,232.0,232.0,231.0,231.0,6403.59992664
2020-04-11 19:28:00,231.0,232.0,231.0,231.0,12326.51513335
2020-04-11 19:30:00,232.0,232.0,231.0,231.0,8257.28324646
2020-04-11 19:31:00,231.0,232.0,231.0,231.0,3443.76459921
2020-04-11 19:33:00,231.0,231.0,231.0,231.0,10.00129978
2020-04-11 19:34:00,231.0,231.0,231.0,231.0,12253.418569
2020-04-11 19:36:00,231.0,231.0,231.0,231.0,2887.17285193
2020-04-11 19:37:00,231.0,231.0,231.0,231.0,5697.00704444
2020-04-11 19:38:00,231.0,231.0,231.0,231.0,3700.80133058
2020-04-11 19:40:00,231.0,231.0,231.0,231.0,5.0
2020-04-11 19:41:00,231.0,231.0,231.0,231.0,917.28221439
2020-04-11 19:42:00,231.0,231.0,231.0,231.0,500.0
2020-04-11 19:43:00,231.0,231.0,231.0,231.0,107807.162676
2020-04-11 19:44:00,231.0,231.0,231.0,231.0,143061.03167596
2020-04-11 19:45:00,231.0,231.0,231.0,231.0,927.60765952
2020-04-11 19:46:00,231.0,231.0,231.0,231.0,77893.21024426
2020-04-11 19:47:00,231.0,231.0,231.0,231.0,125319.04643782
2020-04-11 19:48:00,231.0,231.0,230.0,231.0,98666.50716895
2020-04-11 19:49:00,231.0,231.0,230.0,230.0,208676.47581041
2020-04-11 19:50:00,230.0,230.0,230.0,230.0,540.63706278
2020-04-11 19:51:00,231.0,231.0,230.0,230.0,2396.92666667
2020-04-11 19:52:00,230.0,230.0,230.0,230.0,85.950365
2020-04-11 19:54:00,230.0,231.0,230.0,231.0,8741.53256649
2020-04-11 19:55:00,231.0,231.0,230.0,230.0,35532.37661747
2020-04-11 19:56:00,230.0,230.0,230.0,230.0,4960.52364037
2020-04-11 19:57:00,230.0,230.0,230.0,230.0,24600.31044921
2020-04-11 19:58:00,230.0,231.0,230.0,230.0,145689.07996102
2020-04-11 19:59:00,230.0,231.0,230.0,231.0,6022.00847628
2020-04-11 20:00:00,230.0,231.0,230.0,230.0,6921.13253096
2020-04-11 20:01:00,230.0,231.0,230.0,231.0,5145.8978303
2020-04-11 20:02:00,230.0,230.0,230.0,230.0,7357.2206233
2020-04-11 20:04:00,230.0,230.0,230.0,230.0,1699.81815814
2020-04-11 20:05:00,231.0,231.0,230.0,230.0,2810.74448568
2020-04-11 20:06:00,231.0,231.0,230.0,230.0,7797.89596227
2020-04-11 20:07:00,231.0,231.0,230.0,231.0,527530.85205788
2020-04-11 20:08:00,232.0,232.0,232.0,232.0,362478.9286391
2020-04-11 20:09:00,232.0,232.0,231.0,231.0,12140.8453835
2020-04-11 20:10:00,231.0,232.0,231.0,232.0,32477.30964365
2020-04-11 20:11:00,232.0,232.0,231.0,232.0,47014.70250497
2020-04-11 20:12:00,232.0,232.0,231.0,231.0,71854.86455047
2020-04-11 20:13:00,232.0,232.0,232.0,232.0,42239.63365784
2020-04-11 20:14:00,232.0,232.0,232.0,232.0,17151.41449059
2020-04-11 20:15:00,232.0,232.0,232.0,232.0,11029.03486178
2020-04-11 20:16:00,232.0,232.0,232.0,232.0,1087.63417834
2020-04-11 20:17:00,232.0,232.0,232.0,232.0,2714.8282
2020-04-11 20:19:00,232.0,232.0,232.0,232.0,3068.88351393
2020-04-11 20:20:00,232.0,232.0,232.0,232.0,1087.63417834
2020-04-11 20:21:00,232.0,232.0,232.0,232.0,73549.80518398
2020-04-11 20:24:00,232.0,232.0,232.0,232.0,117560.15474107
2020-04-11 20:25:00,231.0,232.0,231.0,231.0,3182.90014172
2020-04-11 20:28:00,232.0,232.0,231.0,231.0,3360.44781372
2020-04-11 20:29:00,231.0,232.0,231.0,232.0,8524.6951792
2020-04-11 20:30:00,232.0,232.0,232.0,232.0,3410.63015582
2020-04-11 20:31:00,232.0,232.0,231.0,231.0,2215.2027527
2020-04-11 20:34:00,231.0,231.0,231.0,231.0,105.3443
2020-04-11 20:36:00,232.0,232.0,231.0,231.0,987.15436466
2020-04-11 20:38:00,232.0,232.0,231.0,231.0,8655.65671796
2020-04-11 20:39:00,232.0,232.0,232.0,232.0,60.0
2020-04-11 20:40:00,232.0,232.0,231.0,231.0,23.75877246
2020-04-11 20:41:00,232.0,232.0,232.0,232.0,3613.19340327
2020-04-11 20:42:00,232.0,232.0,232.0,232.0,2000.0
2020-04-11 20:43:00,232.0,232.0,232.0,232.0,58063.17746298
2020-04-11 20:45:00,232.0,232.0,232.0,232.0,4352.23468511
2020-04-11 20:46:00,232.0,232.0,232.0,232.0,27038.96327698
2020-04-11 20:47:00,231.0,232.0,231.0,232.0,55734.4843011
2020-04-11 20:48:00,232.0,232.0,231.0,231.0,4163.65840517
2020-04-11 20:49:00,232.0,232.0,232.0,232.0,30669.88919333
2020-04-11 20:50:00,232.0,232.0,232.0,232.0,36487.27360457
2020-04-11 20:51:00,232.0,232.0,232.0,232.0,64583.27414071
2020-04-11 20:53:00,232.0,232.0,232.0,232.0,1000.0
2020-04-11 20:56:00,233.0,233.0,233.0,233.0,1388.67905102
2020-04-11 20:57:00,232.0,232.0,232.0,232.0,431.03448275
2020-04-11 20:58:00,232.0,232.0,232.0,232.0,494.91416526
2020-04-12 03:11:00,229.0,229.0,229.0,229.0,4.36681222
2020-04-12 03:13:00,229.0,229.0,229.0,229.0,353191.51246241
2020-04-12 03:14:00,229.0,229.0,229.0,229.0,1107.52468636
2020-04-12 03:16:00,229.0,229.0,228.0,228.0,9566.66147283
2020-04-12 03:17:00,228.0,228.0,228.0,228.0,444.59649122
2020-04-12 03:19:00,229.0,229.0,229.0,229.0,5966.09257641
2020-04-12 03:21:00,229.0,229.0,229.0,229.0,36690.01525437
2020-04-12 03:22:00,229.0,229.0,229.0,229.0,1789.65100782
2020-04-12 03:27:00,230.0,230.0,230.0,230.0,4345.76624731
2020-04-12 03:28:00,229.0,229.0,229.0,229.0,13.12
2020-04-12 03:30:00,230.0,230.0,229.0,229.0,1413.02010816
2020-04-12 03:39:00,229.0,229.0,229.0,229.0,23864.18933172
2020-04-12 03:40:00,230.0,230.0,229.0,229.0,936.86033473
2020-04-12 03:51:00,229.0,229.0,229.0,229.0,2.23660715
2020-04-12 03:52:00,230.0,230.0,229.0,229.0,217.54663678
2020-04-12 03:53:00,230.0,230.0,229.0,229.0,22833.57535034
2020-04-12 03:54:00,230.0,230.0,229.0,229.0,76830.8267342
2020-04-12 03:55:00,229.0,230.0,229.0,229.0,1116.4052755
2020-04-12 03:57:00,230.0,231.0,229.0,231.0,322199.83619691
2020-04-12 03:58:00,231.0,232.0,230.0,231.0,90744.71066003
2020-04-12 03:59:00,231.0,232.0,230.0,230.0,242890.04542047
2020-04-12 04:00:00,230.0,230.0,230.0,230.0,1000.0
2020-04-12 04:04:00,231.0,231.0,231.0,231.0,2349.47028649
2020-04-12 04:05:00,231.0,231.0,231.0,231.0,33824.33335736
2020-04-12 04:06:00,231.0,231.0,230.0,230.0,6788.90587982
2020-04-12 04:08:00,230.0,230.0,230.0,230.0,1213.04696646
2020-04-12 04:09:00,231.0,231.0,231.0,231.0,44657.240476
2020-04-12 04:10:00,231.0,231.0,231.0,231.0,61839.49313221
2020-04-12 04:13:00,231.0,231.0,231.0,231.0,65.218213
2020-04-12 04:17:00,231.0,231.0,231.0,231.0,3.0
2020-04-12 04:18:00,230.0,230.0,230.0,230.0,114993.81685445
2020-04-12 04:19:00,230.0,230.0,230.0,230.0,449.63732289
2020-04-12 04:20:00,230.0,230.0,230.0,230.0,1000.0
2020-04-12 04:22:00,230.0,230.0,230.0,230.0,1000.0
2020-04-12 04:24:00,230.0,230.0,230.0,230.0,345748.79764422
2020-04-12 04:25:00,230.0,230.0,230.0,230.0,108.0
2020-04-12 04:26:00,230.0,230.0,230.0,230.0,36.0
2020-04-12 04:27:00,230.0,230.0,230.0,230.0,305.27345023
2020-04-12 04:29:00,229.0,230.0,229.0,230.0,1116.14410186
2020-04-12 04:30:00,230.0,230.0,230.0,230.0,1000.0
2020-04-12 04:31:00,230.0,230.0,230.0,230.0,6086.95652173
2020-04-12 04:32:00,229.0,229.0,229.0,229.0,20000.0
2020-04-12 04:33:00,230.0,230.0,230.0,230.0,18.0
2020-04-12 04:34:00,230.0,230.0,230.0,230.0,1082.25108225
2020-04-12 04:35:00,230.0,230.0,229.0,229.0,316.60645911
2020-04-12 04:36:00,229.0,229.0,229.0,229.0,17558.1943
2020-04-12 04:42:00,229.0,229.0,229.0,229.0,723.24308021
2020-04-12 04:43:00,229.0,229.0,229.0,229.0,400.0
2020-04-12 04:45:00,229.0,229.0,229.0,229.0,500.0
2020-04-12 04:47:00,229.0,229.0,229.0,229.0,290496.9825305
2020-04-12 04:48:00,229.0,229.0,228.0,229.0,16128.62489375
2020-04-12 04:51:00,229.0,229.0,229.0,229.0,386.77876052
2020-04-12 04:52:00,229.0,230.0,229.0,229.0,5849.93747666
2020-04-12 04:54:00,230.0,230.0,228.0,228.0,2838.4279476
2020-04-12 04:56:00,229.0,229.0,228.0,228.0,437.13685892
2020-04-12 04:58:00,228.0,230.0,228.0,228.0,168.9676437
2020-04-12 05:00:00,229.0,229.0,228.0,228.0,41652.11746724
2020-04-12 05:01:00,229.0,229.0,229.0,229.0,4.36681222
2020-04-12 05:02:00,229.0,229.0,228.0,228.0,78002.54037391
2020-04-12 05:03:00,229.0,229.0,229.0,229.0,4.36681222
2020-04-12 05:04:00,229.0,229.0,228.0,228.0,427306.07710697
2020-04-12 05:05:00,229.0,229.0,229.0,229.0,4.36681222
2020-04-12 05:07:00,228.0,229.0,228.0,229.0,6.56681222
2020-04-12 05:08:00,229.0,229.0,229.0,229.0,43.763886
2020-04-12 05:09:00,229.0,229.0,229.0,229.0,4.36681222
2020-04-12 05:10:00,228.0,228.0,228.0,228.0,526.0838
2020-04-12 05:11:00,229.0,229.0,228.0,228.0,722.11105578
2020-04-12 05:13:00,229.0,229.0,229.0,229.0,4.36681222
2020-04-12 05:15:00,229.0,229.0,229.0,229.0,4.36681222
2020-04-12 05:16:00,229.0,229.0,228.0,228.0,1245.16114091
2020-04-12 05:17:00,229.0,229.0,229.0,229.0,18.05240173
2020-04-12 05:19:00,229.0,229.0,229.0,229.0,26.20087322
2020-04-12 05:21:00,229.0,229.0,229.0,229.0,10524.36681222
2020-04-12 05:23:00,229.0,229.0,229.0,229.0,4.36681222
2020-04-12 05:25:00,229.0,229.0,229.0,229.0,4.36681222
2020-04-12 05:26:00,229.0,229.0,229.0,229.0,305313.53973668
2020-04-12 05:27:00,229.0,229.0,228.0,228.0,3008.35390164
2020-04-12 05:31:00,229.0,229.0,228.0,228.0,10.1
2020-04-12 05:34:00,228.0,228.0,228.0,228.0,20150.23572033
2020-04-12 05:36:00,228.0,228.0,228.0,228.0,20000.0
2020-04-12 05:38:00,229.0,229.0,228.0,228.0,711.39102937
2020-04-12 05:39:00,229.0,229.0,229.0,229.0,1086.95652173
2020-04-12 05:40:00,228.0,228.0,228.0,228.0,128.75000097
2020-04-12 05:41:00,228.0,228.0,228.0,228.0,10000.0
2020-04-12 05:42:00,229.0,229.0,229.0,229.0,54.6
2020-04-12 05:43:00,228.0,228.0,228.0,228.0,141.48471615
2020-04-12 05:44:00,228.0,228.0,228.0,228.0,3000.0
2020-04-12 05:47:00,229.0,229.0,229.0,229.0,1086.95652173
2020-04-12 05:48:00,228.0,228.0,228.0,228.0,127.33624454
2020-04-12 05:50:00,229.0,229.0,229.0,229.0,915.14941219
2020-04-12 05:51:00,228.0,228.0,228.0,228.0,114.60262008
2020-04-12 05:53:00,228.0,229.0,228.0,229.0,51681.0
2020-04-12 05:54:00,229.0,229.0,229.0,229.0,65.693711
2020-04-12 05:55:00,228.0,228.0,228.0,228.0,103.14235808
2020-04-12 05:57:00,228.0,228.0,228.0,228.0,9000.0
2020-04-12 06:00:00,229.0,229.0,229.0,229.0,444.96965491
2020-04-12 06:01:00,229.0,229.0,229.0,229.0,7864.56132173
2020-04-12 06:02:00,229.0,229.0,229.0,229.0,4761.9868194
2020-04-12 06:04:00,229.0,229.0,229.0,229.0,1086.95652173
2020-04-12 06:05:00,229.0,229.0,229.0,229.0,21.834061
2020-04-12 06:06:00,228.0,228.0,228.0,228.0,232.07030568
2020-04-12 06:08:00,229.0,229.0,229.0,229.0,500.0
2020-04-12 06:10:00,228.0,228.0,228.0,228.0,23140.65272926
2020-04-12 06:16:00,228.0,228.0,228.0,228.0,58748.33333333
2020-04-12 06:21:00,229.0,229.0,229.0,229.0,1086.95652173
2020-04-12 06:23:00,228.0,228.0,228.0,228.0,130.53954694
2020-04-12 06:24:00,228.0,228.0,228.0,228.0,7700.26597853
2020-04-12 06:27:00,228.0,228.0,228.0,228.0,455880.2132
2020-04-12 06:28:00,228.0,228.0,227.0,227.0,169859.81096275
2020-04-12 06:29:00,228.0,228.0,228.0,228.0,1091.70305676
2020-04-12 06:30:00,228.0,228.0,228.0,228.0,63105.18539857
2020-04-12 06:31:00,228.0,228.0,228.0,228.0,4292.85630971
2020-04-12 06:34:00,228.0,228.0,228.0,228.0,22230.27148918
2020-04-12 06:35:00,228.0,228.0,228.0,228.0,1250.492
2020-04-12 06:36:00,228.0,228.0,228.0,228.0,37183.72459862
2020-04-12 06:37:00,229.0,229.0,229.0,229.0,4364.62991211
2020-04-12 06:38:00,228.0,229.0,228.0,229.0,2250.25334277
2020-04-12 06:39:00,229.0,229.0,229.0,229.0,282304.30121489
2020-04-12 06:40:00,229.0,229.0,229.0,229.0,32133.49623014
2020-04-12 06:41:00,229.0,229.0,229.0,229.0,8107.39162875
2020-04-12 06:42:00,229.0,229.0,229.0,229.0,2545.34310734
2020-04-12 06:43:00,229.0,229.0,229.0,229.0,4680.1
2020-04-12 06:46:00,230.0,230.0,230.0,230.0,2.58620689
2020-04-12 06:47:00,230.0,230.0,230.0,230.0,11820.19673912
2020-04-12 06:48:00,230.0,230.0,230.0,230.0,18141.3032614
2020-04-12 06:49:00,230.0,230.0,230.0,230.0,31325.51064283
2020-04-12 06:50:00,230.0,230.0,230.0,230.0,33625.09180189
2020-04-12 06:51:00,230.0,230.0,229.0,229.0,27705.23632643
2020-04-12 06:52:00,230.0,230.0,230.0,230.0,21052.81272405
2020-04-12 06:53:00,230.0,230.0,230.0,230.0,186152.31322244
2020-04-12 06:56:00,230.0,230.0,230.0,230.0,96006.42556451
2020-04-12 06:57:00,230.0,230.0,230.0,230.0,434.78260869
2020-04-12 06:58:00,230.0,230.0,229.0,229.0,101127.98330719
2020-04-12 06:59:00,230.0,230.0,229.0,229.0,26516.77901304
2020-04-12 07:00:00,230.0,230.0,229.0,230.0,55708.97591739
2020-04-12 07:01:00,230.0,230.0,229.0,229.0,4100.03140833
2020-04-12 07:02:00,231.0,231.0,230.0,230.0,5579.047
2020-04-12 07:03:00,230.0,230.0,229.0,230.0,27593.95297063
2020-04-12 07:04:00,230.0,230.0,229.0,229.0,16689.88157247
2020-04-12 07:05:00,230.0,230.0,229.0,229.0,12303.89531864
2020-04-12 07:06:00,230.0,230.0,229.0,229.0,5494.3
2020-04-12 07:08:00,229.0,229.0,229.0,229.0,164885.77745016
2020-04-12 07:09:00,229.0,229.0,229.0,229.0,142150.4242278
2020-04-12 07:10:00,229.0,229.0,229.0,229.0,3421.94407894
2020-04-12 07:12:00,229.0,229.0,229.0,229.0,3421.94407895
2020-04-12 07:15:00,230.0,230.0,230.0,230.0,1368.0246833
2020-04-12 07:16:00,229.0,229.0,229.0,229.0,2.222
2020-04-12 07:17:00,230.0,230.0,229.0,229.0,17683.411
2020-04-12 07:21:00,230.0,230.0,230.0,230.0,21128.74866913
2020-04-12 07:22:00,230.0,230.0,229.0,230.0,20249.45719456
2020-04-12 07:24:00,229.0,230.0,229.0,230.0,25161.62117897
2020-04-12 07:25:00,230.0,230.0,230.0,230.0,20000.0
2020-04-12 07:27:00,230.0,230.0,229.0,229.0,118638.61556704
2020-04-12 07:29:00,230.0,230.0,229.0,230.0,7941.63483865
2020-04-12 07:30:00,230.0,230.0,230.0,230.0,134358.72473089
2020-04-12 07:31:00,230.0,230.0,230.0,230.0,118491.71934555
2020-04-12 07:36:00,231.0,231.0,231.0,231.0,9078.76364847
2020-04-12 07:37:00,231.0,231.0,231.0,231.0,432.9004329
2020-04-12 07:38:00,230.0,230.0,230.0,230.0,40.37288136
2020-04-12 07:41:00,230.0,230.0,230.0,230.0,2604.55491838
2020-04-12 07:47:00,231.0,231.0,230.0,230.0,414163.47688415
2020-04-12 07:50:00,230.0,230.0,230.0,230.0,134.95561518
2020-04-12 07:53:00,231.0,231.0,230.0,230.0,8028.68037448
2020-04-12 07:54:00,230.0,230.0,230.0,230.0,8811.27693965
2020-04-12 07:57:00,231.0,231.0,230.0,230.0,100174.70260147
2020-04-12 07:58:00,231.0,231.0,230.0,230.0,3704.76190476
2020-04-12 07:59:00,230.0,230.0,230.0,230.0,4587.1617
2020-04-12 08:01:00,230.0,230.0,230.0,230.0,182684.51861026
2020-04-12 08:03:00,230.0,231.0,230.0,231.0,19822.23358331
2020-04-12 08:04:00,231.0,231.0,230.0,230.0,1102.746
2020-04-12 08:05:00,230.0,230.0,230.0,230.0,14365.37995482
2020-04-12 08:06:00,230.0,230.0,230.0,230.0,5839.19193678
2020-04-12 08:07:00,230.0,230.0,230.0,230.0,46573.89290813
2020-04-12 08:08:00,230.0,230.0,229.0,229.0,69267.28804061
2020-04-12 08:11:00,230.0,230.0,229.0,229.0,1331.80738609
2020-04-12 08:12:00,230.0,230.0,229.0,229.0,1945.41346521
2020-04-12 08:13:00,230.0,230.0,229.0,229.0,116465.43261855
2020-04-12 08:14:00,230.0,230.0,230.0,230.0,27266.74811963
2020-04-12 08:20:00,230.0,231.0,230.0,231.0,44339.20815141
2020-04-12 08:22:00,230.0,230.0,230.0,230.0,75710.39573094
2020-04-12 08:24:00,231.0,231.0,230.0,230.0,12000.0
2020-04-12 08:25:00,230.0,230.0,230.0,230.0,394.50143924
2020-04-12 08:27:00,231.0,231.0,231.0,231.0,21346.56048599
2020-04-12 08:28:00,231.0,231.0,231.0,231.0,2043.384152
2020-04-12 08:29:00,231.0,231.0,231.0,231.0,3600.82296514
2020-04-12 08:30:00,231.0,231.0,231.0,231.0,2.16883116
2020-04-12 08:32:00,231.0,231.0,231.0,231.0,5189.8095238
2020-04-12 08:33:00,231.0,231.0,231.0,231.0,864.07012943
2020-04-12 08:35:00,231.0,231.0,231.0,231.0,4716.22727271
2020-04-12 08:36:00,230.0,231.0,230.0,231.0,16543.49515717
2020-04-12 08:37:00,231.0,231.0,230.0,230.0,988.97629107
2020-04-12 08:47:00,231.0,231.0,231.0,231.0,280260.19475845
2020-04-12 08:48:00,231.0,231.0,231.0,231.0,10.0
2020-04-12 08:50:00,231.0,231.0,231.0,231.0,43.384152
2020-04-12 08:51:00,231.0,231.0,231.0,231.0,49042.42924663
2020-04-12 08:52:00,231.0,231.0,231.0,231.0,332500.8168467
2020-04-12 08:54:00,231.0,231.0,231.0,231.0,39.50210687
2020-04-12 08:56:00,231.0,231.0,231.0,231.0,25127.20161658
2020-04-12 08:58:00,231.0,231.0,231.0,231.0,88.13144876
2020-04-12 08:59:00,231.0,232.0,231.0,232.0,13496.94804783
2020-04-12 17:22:00,231.0,231.0,230.0,230.0,32162.88287555
2020-04-12 17:23:00,231.0,231.0,231.0,231.0,25265.48599186
2020-04-12 17:24:00,231.0,231.0,231.0,231.0,571297.85154261
2020-04-12 17:25:00,231.0,232.0,231.0,232.0,445.18491566
2020-04-12 17:26:00,231.0,231.0,231.0,231.0,12.28448275
2020-04-12 17:27:00,232.0,232.0,231.0,231.0,354.62562773
2020-04-12 17:30:00,232.0,232.0,232.0,232.0,29.74137917
2020-04-12 17:31:00,231.0,232.0,231.0,232.0,16.33797413
2020-04-12 17:32:00,231.0,232.0,231.0,232.0,16.76900861
2020-04-12 17:33:00,231.0,231.0,231.0,231.0,401573.67439235
2020-04-12 17:34:00,231.0,231.0,231.0,231.0,84553.64792586
2020-04-12 17:35:00,231.0,231.0,231.0,231.0,61246.19563025
2020-04-12 17:36:00,231.0,231.0,231.0,231.0,24629.25942645
2020-04-12 17:37:00,232.0,232.0,231.0,231.0,16.37931034
2020-04-12 17:38:00,232.0,232.0,232.0,232.0,141.30863759
2020-04-12 17:39:00,232.0,232.0,232.0,232.0,3916.65375016
2020-04-12 17:40:00,231.0,232.0,231.0,231.0,316.37931034
2020-04-12 17:41:00,231.0,231.0,231.0,231.0,47073.15610267
2020-04-12 17:42:00,232.0,232.0,231.0,232.0,22911.06374999
2020-04-12 17:43:00,232.0,232.0,232.0,232.0,26000.0
2020-04-12 17:44:00,232.0,232.0,232.0,232.0,8.18965517
2020-04-12 17:45:00,231.0,231.0,231.0,231.0,8.18965517
2020-04-12 17:46:00,231.0,231.0,231.0,231.0,60404.74304332
2020-04-12 17:47:00,231.0,232.0,231.0,231.0,76404.13393582
2020-04-12 17:48:00,231.0,231.0,231.0,231.0,8.18965517
2020-04-12 17:49:00,232.0,232.0,232.0,232.0,3764.30572952
2020-04-12 17:50:00,231.0,231.0,231.0,231.0,57873.77693681
2020-04-12 17:51:00,231.0,231.0,231.0,231.0,11752.06254604
2020-04-12 17:52:00,232.0,232.0,231.0,231.0,22645.57729295
2020-04-12 17:53:00,231.0,231.0,230.0,230.0,3206.31131511
2020-04-12 17:54:00,231.0,232.0,231.0,232.0,1077.58620689
2020-04-12 17:55:00,231.0,232.0,231.0,232.0,16761.92796098
2020-04-12 17:57:00,231.0,232.0,231.0,232.0,565.90275956
2020-04-12 17:59:00,232.0,232.0,232.0,232.0,20.0
2020-04-12 18:00:00,232.0,232.0,232.0,232.0,20.0
2020-04-12 18:01:00,232.0,232.0,232.0,232.0,20.0
2020-04-12 18:02:00,232.0,232.0,232.0,232.0,70.0
2020-04-12 18:03:00,232.0,232.0,232.0,232.0,21.551724
2020-04-12 18:04:00,232.0,232.0,232.0,232.0,30.0
2020-04-12 18:07:00,232.0,232.0,232.0,232.0,1323.99317582
2020-04-12 18:08:00,231.0,231.0,231.0,231.0,42.0702
2020-04-12 18:10:00,231.0,231.0,231.0,231.0,5338.45511367
2020-04-12 18:11:00,232.0,232.0,232.0,232.0,100000.0
2020-04-12 18:12:00,231.0,231.0,231.0,231.0,173.16017317
2020-04-12 18:16:00,231.0,231.0,231.0,231.0,387.0
2020-04-12 18:18:00,232.0,232.0,232.0,232.0,477413.24956398
2020-04-12 18:20:00,232.0,233.0,232.0,232.0,30226.43209321
2020-04-12 18:21:00,232.0,232.0,232.0,232.0,18403.93227298
2020-04-12 18:22:00,232.0,232.0,232.0,232.0,431.03448275
2020-04-12 18:23:00,233.0,233.0,232.0,233.0,396219.36555172
2020-04-12 18:24:00,233.0,233.0,233.0,233.0,53964.08921533
2020-04-12 18:25:00,234.0,234.0,233.0,234.0,19371.31635317
2020-04-12 18:26:00,234.0,234.0,233.0,233.0,7540.73218106
2020-04-12 18:27:00,233.0,234.0,233.0,234.0,24374.73514222
2020-04-12 18:28:00,234.0,234.0,233.0,233.0,70966.54762133
2020-04-12 18:29:00,233.0,233.0,233.0,233.0,384888.38568742
2020-04-12 18:30:00,234.0,234.0,233.0,234.0,37404.36252029
2020-04-12 18:31:00,234.0,234.0,233.0,233.0,7173.72980726
2020-04-12 18:32:00,233.0,234.0,233.0,234.0,19252.2799258
2020-04-12 18:33:00,234.0,234.0,233.0,233.0,16675.44704154
2020-04-12 18:34:00,234.0,234.0,233.0,233.0,3440.46680802
2020-04-12 18:35:00,233.0,234.0,233.0,234.0,2650.7977058
2020-04-12 18:36:00,234.0,234.0,233.0,233.0,31987.13970401
2020-04-12 18:37:00,234.0,234.0,233.0,234.0,553881.91037034
2020-04-12 18:38:00,234.0,235.0,234.0,235.0,180545.57045719
2020-04-12 18:39:00,235.0,235.0,234.0,235.0,51652.70075584
2020-04-12 18:40:00,235.0,235.0,234.0,235.0,1108527.05149214
2020-04-12 18:41:00,235.0,236.0,235.0,235.0,133417.69359845
2020-04-12 18:42:00,236.0,236.0,235.0,236.0,4545.08779345
2020-04-12 18:43:00,236.0,237.0,235.0,236.0,575031.72737449
2020-04-12 18:44:00,236.0,236.0,235.0,236.0,14669.52523796
2020-04-12 18:45:00,235.0,236.0,235.0,235.0,411274.10140855
2020-04-12 18:46:00,236.0,236.0,234.0,234.0,563278.00666341
2020-04-12 18:47:00,234.0,235.0,234.0,235.0,117870.05633779
2020-04-12 18:48:00,235.0,236.0,235.0,236.0,84047.26564499
2020-04-12 18:49:00,236.0,236.0,235.0,235.0,250213.42308447
2020-04-12 18:50:00,235.0,235.0,234.0,234.0,5815.41238289
2020-04-12 18:51:00,235.0,235.0,234.0,235.0,140451.4517088
2020-04-12 18:52:00,235.0,236.0,234.0,235.0,130943.54657532
2020-04-12 18:53:00,236.0,236.0,235.0,236.0,26442.21335197
2020-04-12 18:54:00,235.0,236.0,235.0,236.0,55278.634237
2020-04-12 18:55:00,235.0,236.0,234.0,235.0,557537.3253925
2020-04-12 18:56:00,235.0,235.0,235.0,235.0,199902.86782768
2020-04-12 18:57:00,235.0,235.0,234.0,235.0,169474.73943658
2020-04-12 18:58:00,234.0,234.0,234.0,234.0,4.27350427
2020-04-12 18:59:00,234.0,235.0,234.0,235.0,51597.94251646
2020-04-12 19:00:00,234.0,235.0,234.0,235.0,259132.03806857
2020-04-12 19:01:00,236.0,236.0,235.0,235.0,22363.99661715
2020-04-12 19:02:00,235.0,235.0,234.0,235.0,331348.9231943
2020-04-12 19:03:00,235.0,235.0,234.0,234.0,49878.07014773
2020-04-12 19:04:00,235.0,235.0,234.0,234.0,76628.19053722
2020-04-12 19:05:00,234.0,235.0,234.0,234.0,37943.39566487
2020-04-12 19:06:00,234.0,234.0,234.0,234.0,15690.12320508
2020-04-12 19:07:00,234.0,234.0,234.0,234.0,6288.23152525
2020-04-12 19:08:00,234.0,234.0,234.0,234.0,749.99891358
2020-04-12 19:09:00,235.0,235.0,234.0,235.0,6066.71151557
2020-04-12 19:10:00,234.0,234.0,234.0,234.0,93607.74542836
2020-04-12 19:11:00,234.0,234.0,234.0,234.0,10004.27350427
2020-04-12 19:12:00,234.0,234.0,234.0,234.0,607997.45935726
2020-04-12 19:13:00,234.0,234.0,233.0,234.0,118156.07471873
2020-04-12 19:14:00,233.0,234.0,233.0,233.0,38962.41131791
2020-04-12 19:15:00,234.0,234.0,233.0,233.0,45611.1418739
2020-04-12 19:16:00,234.0,234.0,233.0,234.0,22331.37175674
2020-04-12 19:17:00,233.0,234.0,233.0,233.0,2211.69110819
2020-04-12 19:18:00,233.0,234.0,233.0,234.0,7691.49634536
2020-04-12 19:19:00,233.0,234.0,233.0,233.0,7130.74445831
2020-04-12 19:20:00,234.0,234.0,233.0,233.0,20291.49033713
2020-04-12 19:21:00,234.0,234.0,233.0,233.0,4419.09058529
2020-04-12 19:22:00,233.0,233.0,233.0,233.0,11451.8428619
2020-04-12 19:23:00,234.0,234.0,234.0,234.0,532.45172285
2020-04-12 19:24:00,233.0,234.0,233.0,234.0,10100.76823341
2020-04-12 19:25:00,233.0,234.0,233.0,234.0,112590.19871009
2020-04-12 19:26:00,234.0,234.0,233.0,233.0,1483.37532748
2020-04-12 19:27:00,234.0,234.0,233.0,234.0,31126.13711779
2020-04-12 19:28:00,234.0,234.0,233.0,233.0,2089.70824962
2020-04-12 19:29:00,233.0,233.0,233.0,233.0,408.32834504
2020-04-12 19:30:00,233.0,234.0,233.0,234.0,197751.14701789
2020-04-12 19:31:00,234.0,234.0,234.0,234.0,6989.85208591
2020-04-12 19:32:00,234.0,235.0,234.0,234.0,512.38863731
2020-04-12 19:33:00,234.0,234.0,234.0,234.0,70058.5089387
2020-04-12 19:34:00,235.0,235.0,234.0,234.0,1210.20782003
2020-04-12 19:35:00,235.0,235.0,234.0,235.0,309307.16338858
2020-04-12 19:36:00,235.0,235.0,235.0,235.0,121977.27658968
2020-04-12 19:37:00,235.0,236.0,235.0,235.0,22346.41051272
2020-04-12 19:38:00,235.0,235.0,235.0,235.0,9707.2982425
2020-04-12 19:39:00,235.0,235.0,235.0,235.0,178472.27826654
2020-04-12 19:40:00,235.0,235.0,234.0,234.0,87925.33609467
2020-04-12 19:41:00,235.0,235.0,234.0,235.0,6778.35010638
2020-04-12 19:42:00,235.0,235.0,234.0,234.0,8434.49059816
2020-04-12 19:43:00,234.0,235.0,234.0,234.0,64772.39306095
2020-04-12 19:44:00,235.0,235.0,234.0,234.0,1181.162105
2020-04-12 19:45:00,235.0,235.0,234.0,235.0,60051.41969241
2020-04-12 19:46:00,235.0,235.0,234.0,234.0,51335.46603408
2020-04-12 19:47:00,235.0,235.0,234.0,235.0,26179.17253278
2020-04-12 19:48:00,235.0,235.0,234.0,234.0,1448.48958912
2020-04-12 19:49:00,235.0,235.0,235.0,235.0,9512.49126092
2020-04-12 19:50:00,235.0,235.0,235.0,235.0,128670.82057334
2020-04-12 19:51:00,235.0,235.0,234.0,234.0,953.71643205
2020-04-12 19:52:00,235.0,235.0,235.0,235.0,46270.63979626
2020-04-12 19:53:00,235.0,235.0,234.0,235.0,40207.82031278
2020-04-12 19:54:00,235.0,235.0,235.0,235.0,38495.41799635
2020-04-12 19:55:00,235.0,235.0,234.0,234.0,77777.75705218
2020-04-12 19:56:00,235.0,235.0,235.0,235.0,14264.57134198
2020-04-12 19:57:00,234.0,234.0,234.0,234.0,2321.92453138
2020-04-12 19:58:00,234.0,234.0,234.0,234.0,25999.00002692
2020-04-12 19:59:00,234.0,234.0,234.0,234.0,4.27350427
2020-04-12 20:00:00,234.0,234.0,234.0,234.0,65422.74508087
2020-04-12 20:01:00,234.0,234.0,234.0,234.0,4.27350427
2020-04-12 20:02:00,234.0,234.0,234.0,234.0,4366.81222707
2020-04-12 20:03:00,234.0,235.0,234.0,235.0,52738.86525413
2020-04-12 20:04:00,235.0,236.0,235.0,236.0,16003.49141225
2020-04-12 20:05:00,236.0,236.0,235.0,235.0,181.02710274
2020-04-12 20:06:00,235.0,235.0,235.0,235.0,8048.4000956
2020-04-12 20:07:00,235.0,235.0,235.0,235.0,39416.92693086
2020-04-12 20:08:00,235.0,235.0,235.0,235.0,295629.39404674
2020-04-12 20:09:00,234.0,234.0,234.0,234.0,4.27350427
2020-04-12 20:11:00,234.0,235.0,234.0,235.0,25706.84342713
2020-04-12 20:12:00,235.0,235.0,234.0,234.0,1820.89371271
2020-04-12 20:13:00,234.0,234.0,234.0,234.0,11004.30262684
2020-04-12 20:14:00,234.0,234.0,234.0,234.0,12679.02264252
2020-04-12 20:15:00,235.0,235.0,234.0,234.0,8514.91180214
2020-04-12 20:17:00,235.0,235.0,234.0,234.0,261.77350427
2020-04-12 20:19:00,234.0,235.0,234.0,235.0,94606.91178786
2020-04-12 20:20:00,234.0,235.0,234.0,235.0,42635.70761895
2020-04-12 20:21:00,235.0,235.0,234.0,234.0,89.37988707
2020-04-12 20:23:00,234.0,234.0,234.0,234.0,16713.67521368
2020-04-12 20:24:00,235.0,235.0,235.0,235.0,7682.11213541
2020-04-12 20:25:00,235.0,235.0,234.0,234.0,62435.80242065
2020-04-12 20:26:00,235.0,235.0,235.0,235.0,40878.10562803
2020-04-12 20:27:00,234.0,234.0,234.0,234.0,2849.75375708
2020-04-12 20:29:00,234.0,234.0,234.0,234.0,4669.68298702
2020-04-12 20:30:00,234.0,234.0,234.0,234.0,1282.05128206
2020-04-12 20:31:00,234.0,234.0,234.0,234.0,4.27350427
2020-04-12 20:32:00,235.0,235.0,235.0,235.0,402651.80099428
2020-04-12 20:33:00,235.0,235.0,235.0,235.0,30329.72536445
2020-04-12 20:34:00,235.0,235.0,235.0,235.0,27905.33029556
2020-04-12 20:35:00,235.0,235.0,235.0,235.0,4.25531914
2020-04-12 20:36:00,235.0,235.0,235.0,235.0,14221.12521983
2020-04-12 20:37:00,235.0,235.0,235.0,235.0,1451.98562065
2020-04-12 20:38:00,235.0,235.0,235.0,235.0,137498.92713218
2020-04-12 20:39:00,235.0,235.0,234.0,235.0,104044.69363903
2020-04-12 20:40:00,235.0,236.0,235.0,236.0,2192.01315042
2020-04-12 20:41:00,235.0,235.0,235.0,235.0,5584.25531914
2020-04-12 20:42:00,236.0,236.0,236.0,236.0,7961.68864719
2020-04-12 20:43:00,235.0,235.0,235.0,235.0,7294.33092963
2020-04-12 20:44:00,235.0,235.0,234.0,234.0,219557.89193397
2020-04-12 20:45:00,234.0,234.0,234.0,234.0,2887.87230355
2020-04-12 20:46:00,234.0,235.0,234.0,235.0,10338.21770089
2020-04-12 20:47:00,235.0,235.0,234.0,234.0,1473.45806091
2020-04-12 20:48:00,235.0,235.0,235.0,235.0,40851.06382978
2020-04-12 20:49:00,235.0,235.0,234.0,235.0,3075.85686152
2020-04-12 20:50:00,235.0,235.0,235.0,235.0,27504.60936168
2020-04-12 20:51:00,235.0,235.0,234.0,234.0,26108.34141916
2020-04-12 20:52:00,235.0,235.0,235.0,235.0,23735.95755312
2020-04-12 20:53:00,235.0,235.0,234.0,235.0,31693.41081444
2020-04-12 20:54:00,235.0,235.0,235.0,235.0,25000.0
2020-04-12 20:55:00,235.0,235.0,234.0,234.0,1004.27350427
2020-04-12 20:57:00,234.0,235.0,234.0,235.0,19463.05264341
2020-04-12 20:58:00,235.0,235.0,234.0,234.0,769.79107254
2020-04-12 20:59:00,235.0,235.0,234.0,235.0,78374.97326077
2020-04-13 04:17:00,237.0,237.0,237.0,237.0,5240.09088643
2020-04-13 04:18:00,237.0,237.0,236.0,236.0,1066.36306178
2020-04-13 04:21:00,237.0,237.0,236.0,236.0,2026.9098476
2020-04-13 04:23:00,236.0,236.0,236.0,236.0,2423.61082534
2020-04-13 04:28:00,237.0,237.0,236.0,236.0,1273.66364261
2020-04-13 04:29:00,237.0,238.0,236.0,236.0,1671.60312966
2020-04-13 04:31:00,238.0,238.0,238.0,238.0,23927.07847756
2020-04-13 04:32:00,237.0,237.0,237.0,237.0,1065.83992392
2020-04-13 04:33:00,238.0,238.0,238.0,238.0,2043.206144
2020-04-13 04:36:00,237.0,237.0,237.0,237.0,8405.41924888
2020-04-13 04:37:00,237.0,237.0,237.0,237.0,2956.95050684
2020-04-13 04:38:00,238.0,238.0,238.0,238.0,1.013
2020-04-13 04:39:00,237.0,237.0,237.0,237.0,198.9063544
2020-04-13 04:41:00,236.0,236.0,236.0,236.0,2.225
2020-04-13 04:46:00,238.0,238.0,237.0,237.0,4220.39739597
2020-04-13 04:48:00,238.0,238.0,238.0,238.0,1178.95353331
2020-04-13 04:55:00,238.0,238.0,237.0,238.0,4244.89888509
2020-04-13 04:59:00,237.0,238.0,237.0,238.0,42.34605549
2020-04-13 05:00:00,238.0,238.0,238.0,238.0,2.93970661
2020-04-13 05:02:00,238.0,238.0,238.0,238.0,12598.74264548
2020-04-13 05:05:00,238.0,238.0,238.0,238.0,182.20721571
2020-04-13 05:06:00,238.0,238.0,238.0,238.0,63.29189
2020-04-13 05:09:00,238.0,238.0,238.0,238.0,50.0
2020-04-13 05:13:00,238.0,238.0,238.0,238.0,20000.0
2020-04-13 05:16:00,238.0,238.0,237.0,237.0,10210.85110694
2020-04-13 05:20:00,238.0,238.0,237.0,238.0,228.56459612
2020-04-13 05:24:00,238.0,238.0,238.0,238.0,80.06080993
2020-04-13 05:26:00,237.0,237.0,237.0,237.0,47.88514833
2020-04-13 05:27:00,238.0,238.0,238.0,238.0,1.0
2020-04-13 05:28:00,238.0,238.0,238.0,238.0,42.105449
2020-04-13 05:30:00,238.0,238.0,238.0,238.0,1260.50420168
2020-04-13 05:32:00,238.0,238.0,238.0,238.0,1004.05462184
2020-04-13 05:33:00,238.0,238.0,238.0,238.0,3851.64560576
2020-04-13 05:34:00,237.0,237.0,237.0,237.0,16381.27994826
2020-04-13 05:35:00,238.0,238.0,238.0,238.0,41.99580881
2020-04-13 05:39:00,238.0,238.0,238.0,238.0,5485.79483823
2020-04-13 05:40:00,238.0,238.0,238.0,238.0,2125.92443274
2020-04-13 05:44:00,238.0,238.0,237.0,237.0,713.22534531
2020-04-13 05:45:00,238.0,238.0,238.0,238.0,1.01513
2020-04-13 05:47:00,237.0,238.0,237.0,238.0,8097.68221063
2020-04-13 05:49:00,237.0,237.0,237.0,237.0,199358.64140893
2020-04-13 05:50:00,237.0,237.0,237.0,237.0,177819.31837652
2020-04-13 05:51:00,237.0,237.0,237.0,237.0,6.106e-05
2020-04-13 05:52:00,237.0,237.0,237.0,237.0,210.7595991
2020-04-13 05:54:00,236.0,236.0,236.0,236.0,2.22
2020-04-13 05:55:00,236.0,236.0,236.0,236.0,6429.15097073
2020-04-13 05:56:00,236.0,236.0,236.0,236.0,2000.0
2020-04-13 05:58:00,236.0,236.0,236.0,236.0,5500.0
2020-04-13 06:01:00,237.0,237.0,237.0,237.0,18993.50882564
2020-04-13 06:02:00,237.0,237.0,237.0,237.0,3503.99999995
2020-04-13 06:03:00,237.0,237.0,237.0,237.0,64111.10337552
2020-04-13 06:04:00,237.0,237.0,237.0,237.0,88.60759493
2020-04-13 06:08:00,236.0,236.0,236.0,236.0,77.86884
2020-04-13 06:09:00,236.0,236.0,236.0,236.0,98964.67753018
2020-04-13 06:10:00,236.0,237.0,236.0,237.0,8105.96538054
2020-04-13 06:11:00,236.0,237.0,236.0,236.0,5661.166648
2020-04-13 06:12:00,236.0,237.0,236.0,237.0,33739.74509717
2020-04-13 06:13:00,236.0,237.0,236.0,236.0,3694.998468
2020-04-13 06:14:00,237.0,237.0,236.0,236.0,5312.64487907
2020-04-13 06:15:00,236.0,237.0,236.0,237.0,28146.56049181
2020-04-13 06:16:00,236.0,237.0,236.0,236.0,5303.03334618
2020-04-13 06:17:00,237.0,237.0,236.0,237.0,2012.8341124
2020-04-13 06:18:00,236.0,237.0,236.0,237.0,2146.94338274
2020-04-13 06:19:00,236.0,237.0,236.0,236.0,35969.34157514
2020-04-13 06:20:00,236.0,237.0,236.0,236.0,208701.62567213
2020-04-13 06:21:00,236.0,237.0,236.0,237.0,87046.46133144
2020-04-13 06:23:00,237.0,237.0,236.0,237.0,4199.30548355
2020-04-13 06:28:00,236.0,237.0,236.0,237.0,1070.64100138
2020-04-13 06:31:00,237.0,237.0,237.0,237.0,181925.89359328
2020-04-13 06:32:00,236.0,237.0,236.0,237.0,41702.22447132
2020-04-13 06:33:00,237.0,237.0,237.0,237.0,107.68248945
2020-04-13 06:34:00,236.0,237.0,236.0,237.0,1942.06244155
2020-04-13 06:35:00,237.0,237.0,237.0,237.0,21.097046
2020-04-13 06:36:00,236.0,237.0,236.0,237.0,8815.63395462
2020-04-13 06:37:00,236.0,237.0,236.0,237.0,7867.10302234
2020-04-13 06:40:00,237.0,237.0,236.0,236.0,8387.39558024
2020-04-13 06:41:00,236.0,237.0,236.0,237.0,17339.72151785
2020-04-13 06:44:00,237.0,237.0,237.0,237.0,1155.21097046
2020-04-13 06:45:00,236.0,236.0,236.0,236.0,1400.0
2020-04-13 06:46:00,237.0,237.0,237.0,237.0,21580.84526583
2020-04-13 06:49:00,237.0,237.0,237.0,237.0,1460.37143083
2020-04-13 06:50:00,237.0,237.0,237.0,237.0,3375.52742616
2020-04-13 06:51:00,237.0,237.0,237.0,237.0,32.31295744
2020-04-13 06:52:00,237.0,237.0,237.0,237.0,13877.47257383
2020-04-13 06:54:00,237.0,237.0,237.0,237.0,3110.21133947
2020-04-13 06:55:00,237.0,237.0,237.0,237.0,4000.0
2020-04-13 06:56:00,236.0,237.0,236.0,237.0,845.131
2020-04-13 06:57:00,237.0,237.0,237.0,237.0,21.097046
2020-04-13 06:58:00,237.0,237.0,237.0,237.0,100.0
2020-04-13 06:59:00,237.0,237.0,236.0,237.0,43015.28586055
2020-04-13 07:00:00,236.0,238.0,236.0,238.0,479726.27971365
2020-04-13 07:01:00,237.0,238.0,237.0,238.0,41004.61524275
2020-04-13 07:02:00,237.0,238.0,237.0,237.0,9922.91334391
2020-04-13 07:03:00,238.0,238.0,236.0,237.0,235016.47442009
2020-04-13 07:05:00,236.0,237.0,236.0,237.0,2001.0132124
2020-04-13 07:06:00,236.0,237.0,236.0,236.0,3488.3
2020-04-13 07:07:00,237.0,237.0,236.0,237.0,1267.705
2020-04-13 07:08:00,237.0,237.0,237.0,237.0,26876.35296234
2020-04-13 07:09:00,236.0,237.0,236.0,236.0,79138.57019639
2020-04-13 07:10:00,236.0,237.0,236.0,236.0,704802.45974033
2020-04-13 07:11:00,236.0,236.0,236.0,236.0,708.24279661
2020-04-13 07:12:00,236.0,236.0,235.0,236.0,14021.44444528
2020-04-13 07:13:00,236.0,236.0,235.0,236.0,27051.85060592
2020-04-13 07:14:00,235.0,236.0,235.0,236.0,28626.7030953
2020-04-13 07:15:00,236.0,236.0,235.0,235.0,18473.1601596
2020-04-13 07:16:00,235.0,236.0,234.0,234.0,722167.64025699
2020-04-13 07:17:00,234.0,235.0,234.0,234.0,254424.02674965
2020-04-13 07:18:00,235.0,235.0,234.0,234.0,70482.25211899
2020-04-13 07:19:00,235.0,235.0,234.0,234.0,131839.80610839
2020-04-13 07:20:00,234.0,235.0,234.0,235.0,54362.36276577
2020-04-13 07:21:00,235.0,235.0,234.0,234.0,145780.54293408
2020-04-13 07:22:00,234.0,234.0,234.0,234.0,153675.37820512
2020-04-13 07:23:00,233.0,234.0,233.0,234.0,475074.44688189
2020-04-13 07:24:00,234.0,234.0,234.0,234.0,162327.81351668
2020-04-13 07:25:00,234.0,234.0,234.0,234.0,1282.05128205
2020-04-13 07:26:00,233.0,234.0,233.0,234.0,2293.38882958
2020-04-13 07:27:00,234.0,234.0,233.0,234.0,473475.73093793
2020-04-13 07:28:00,234.0,234.0,234.0,234.0,142296.11973803
2020-04-13 07:29:00,234.0,235.0,234.0,234.0,437918.77035551
2020-04-13 07:30:00,234.0,234.0,234.0,234.0,416341.18945728
2020-04-13 07:31:00,234.0,234.0,234.0,234.0,274750.80805223
2020-04-13 07:32:00,234.0,234.0,234.0,234.0,4745.44158393
2020-04-13 07:33:00,235.0,235.0,235.0,235.0,21228.13489361
2020-04-13 07:34:00,235.0,235.0,235.0,235.0,61451.54656714
2020-04-13 07:35:00,235.0,235.0,234.0,234.0,1670.34931895
2020-04-13 07:36:00,234.0,235.0,234.0,235.0,1502.07657124
2020-04-13 07:37:00,234.0,234.0,234.0,234.0,87271.84861751
2020-04-13 07:38:00,235.0,235.0,234.0,234.0,687.5028115
2020-04-13 07:39:00,234.0,234.0,234.0,234.0,1921.28601694
2020-04-13 07:40:00,234.0,234.0,234.0,234.0,20955.40854574
2020-04-13 07:41:00,235.0,235.0,235.0,235.0,8.88491924
2020-04-13 07:42:00,234.0,235.0,234.0,234.0,685.8361601
2020-04-13 07:43:00,234.0,234.0,233.0,233.0,283646.61222065
2020-04-13 07:44:00,234.0,234.0,233.0,233.0,4385.03703552
2020-04-13 07:45:00,233.0,234.0,233.0,234.0,44757.67207919
2020-04-13 07:46:00,234.0,234.0,233.0,234.0,13520.42392789
2020-04-13 07:47:00,234.0,234.0,233.0,233.0,53024.78946227
2020-04-13 07:48:00,233.0,234.0,233.0,233.0,2368.66438983
2020-04-13 07:49:00,234.0,234.0,234.0,234.0,319838.45863707
2020-04-13 07:50:00,234.0,234.0,234.0,234.0,430.3910378
2020-04-13 07:51:00,234.0,234.0,234.0,234.0,51750.15180302
2020-04-13 07:52:00,234.0,234.0,234.0,234.0,63783.11459981
2020-04-13 07:53:00,234.0,234.0,234.0,234.0,1175.95301031
2020-04-13 07:54:00,234.0,234.0,234.0,234.0,5937.42830124
2020-04-13 07:55:00,234.0,235.0,234.0,235.0,23200.05927884
2020-04-13 07:56:00,235.0,235.0,234.0,234.0,11553.84991142
2020-04-13 07:58:00,234.0,234.0,234.0,234.0,14557.37993241
2020-04-13 07:59:00,234.0,234.0,234.0,234.0,9300.0
2020-04-13 08:01:00,234.0,234.0,234.0,234.0,3420.41452676
2020-04-13 08:02:00,234.0,234.0,234.0,234.0,7928.29678239
2020-04-13 08:03:00,234.0,234.0,234.0,234.0,500.0
2020-04-13 08:04:00,234.0,235.0,234.0,235.0,36573.21276595
2020-04-13 08:05:00,235.0,235.0,235.0,235.0,22142.8680851
2020-04-13 08:06:00,234.0,234.0,234.0,234.0,4538.08135371
2020-04-13 08:08:00,235.0,235.0,235.0,235.0,1307.97579933
2020-04-13 08:09:00,235.0,235.0,235.0,235.0,42.24696162
2020-04-13 08:10:00,235.0,235.0,235.0,235.0,10334.42340425
2020-04-13 08:11:00,235.0,235.0,234.0,234.0,106541.01774274
2020-04-13 08:12:00,234.0,235.0,234.0,235.0,6093.5574468
2020-04-13 08:13:00,234.0,234.0,234.0,234.0,2637.74068424
2020-04-13 08:14:00,234.0,235.0,234.0,235.0,9711.38319816
2020-04-13 08:15:00,234.0,234.0,234.0,234.0,4539.10066242
2020-04-13 08:16:00,234.0,234.0,234.0,234.0,6622.27398686
2020-04-13 08:17:00,235.0,235.0,235.0,235.0,20590.40692419
2020-04-13 08:18:00,234.0,235.0,234.0,234.0,240002.2222
2020-04-13 08:19:00,234.0,235.0,234.0,235.0,94844.90743513
2020-04-13 08:20:00,235.0,235.0,234.0,234.0,50263.28827341
2020-04-13 08:21:00,234.0,234.0,234.0,234.0,319.76357863
2020-04-13 08:22:00,234.0,234.0,234.0,234.0,50436.9544875
2020-04-13 08:24:00,234.0,235.0,234.0,235.0,5100.0
2020-04-13 08:25:00,234.0,234.0,233.0,234.0,208307.76967476
2020-04-13 08:28:00,234.0,234.0,234.0,234.0,560.73290598
2020-04-13 08:29:00,233.0,233.0,233.0,233.0,8500.47131056
2020-04-13 08:30:00,233.0,233.0,233.0,233.0,81988.79539238
2020-04-13 08:31:00,233.0,234.0,233.0,234.0,30102.10915495
2020-04-13 08:32:00,233.0,233.0,233.0,233.0,2000.0
2020-04-13 08:33:00,234.0,234.0,234.0,234.0,7084.25958174
2020-04-13 08:34:00,234.0,234.0,234.0,234.0,167.32264957
2020-04-13 08:35:00,234.0,234.0,234.0,234.0,395.49230769
2020-04-13 08:36:00,234.0,234.0,234.0,234.0,18967.68496057
2020-04-13 08:38:00,234.0,234.0,234.0,234.0,2136.75213675
2020-04-13 08:39:00,234.0,234.0,234.0,234.0,4989.95801244
2020-04-13 08:40:00,234.0,234.0,234.0,234.0,26236.80894594
2020-04-13 08:41:00,234.0,234.0,233.0,234.0,228634.83709356
2020-04-13 08:42:00,233.0,234.0,233.0,234.0,153911.61903432
2020-04-13 08:43:00,234.0,235.0,234.0,234.0,34893.19354713
2020-04-13 08:45:00,233.0,233.0,233.0,233.0,18641.02212686
2020-04-13 08:46:00,233.0,233.0,233.0,233.0,1327.9009031
2020-04-13 08:47:00,233.0,233.0,233.0,233.0,858.36909871
2020-04-13 08:49:00,234.0,234.0,234.0,234.0,2.54237288
2020-04-13 08:50:00,233.0,234.0,233.0,234.0,95618.73054398
2020-04-13 08:51:00,233.0,234.0,233.0,234.0,58348.43376068
2020-04-13 08:52:00,234.0,234.0,233.0,233.0,7929.43818177
2020-04-13 08:53:00,233.0,233.0,233.0,233.0,6094.43973665
2020-04-13 08:54:00,234.0,234.0,234.0,234.0,264.24358974
2020-04-13 08:55:00,234.0,234.0,233.0,233.0,5458.7147346
2020-04-13 08:56:00,233.0,233.0,233.0,233.0,638914.09836419
2020-04-13 08:57:00,233.0,233.0,232.0,232.0,189974.73798191
2020-04-13 08:58:00,233.0,233.0,233.0,233.0,152.4945918
2020-04-13 08:59:00,232.0,233.0,232.0,233.0,5164.08054661
2020-04-13 17:18:00,227.0,227.0,227.0,227.0,189.28421251
2020-04-13 17:19:00,227.0,227.0,226.0,226.0,8531.06829374
2020-04-13 17:20:00,227.0,227.0,227.0,227.0,128.47279088
2020-04-13 17:21:00,226.0,226.0,226.0,226.0,22783.26410936
2020-04-13 17:22:00,226.0,227.0,226.0,227.0,44096.90770363
2020-04-13 17:23:00,227.0,227.0,226.0,226.0,391.36035242
2020-04-13 17:24:00,226.0,226.0,226.0,226.0,94.54476741
2020-04-13 17:25:00,227.0,227.0,227.0,227.0,5506.30741897
2020-04-13 17:26:00,227.0,227.0,226.0,226.0,7986.71052448
2020-04-13 17:27:00,226.0,227.0,226.0,226.0,339.99816069
2020-04-13 17:29:00,227.0,227.0,226.0,226.0,992.94735892
2020-04-13 17:30:00,227.0,227.0,226.0,226.0,6438.97093622
2020-04-13 17:31:00,226.0,226.0,226.0,226.0,215.9135486
2020-04-13 17:32:00,226.0,226.0,226.0,226.0,809.08936288
2020-04-13 17:34:00,226.0,226.0,226.0,226.0,48920.00138534
2020-04-13 17:35:00,226.0,227.0,226.0,227.0,8300.29044605
2020-04-13 17:36:00,226.0,227.0,226.0,227.0,22014.72113774
2020-04-13 17:37:00,227.0,227.0,227.0,227.0,13215.85903083
2020-04-13 17:38:00,227.0,227.0,226.0,226.0,19133.71969126
2020-04-13 17:39:00,227.0,227.0,226.0,226.0,2882.82664999
2020-04-13 17:40:00,226.0,226.0,226.0,226.0,8849.88049748
2020-04-13 17:42:00,227.0,227.0,227.0,227.0,44045.84801211
2020-04-13 17:43:00,227.0,227.0,226.0,226.0,22.5
2020-04-13 17:45:00,226.0,226.0,226.0,226.0,11120.38237864
2020-04-13 17:46:00,226.0,226.0,226.0,226.0,7463.05157993
2020-04-13 17:48:00,227.0,227.0,227.0,227.0,234.48628108
2020-04-13 17:49:00,227.0,227.0,227.0,227.0,4292.73684962
2020-04-13 17:50:00,227.0,227.0,227.0,227.0,876.90956283
2020-04-13 17:52:00,227.0,227.0,226.0,226.0,19140.14872361
2020-04-13 17:53:00,226.0,226.0,226.0,226.0,486.72566371
2020-04-13 17:54:00,226.0,227.0,226.0,227.0,19837.9629323
2020-04-13 17:55:00,227.0,227.0,227.0,227.0,2113.48070458
2020-04-13 17:56:00,226.0,227.0,226.0,226.0,2673.42837347
2020-04-13 17:58:00,227.0,227.0,227.0,227.0,500.0
2020-04-13 17:59:00,226.0,226.0,226.0,226.0,6521.00751174
2020-04-13 18:00:00,227.0,227.0,226.0,227.0,8398.1394886
2020-04-13 18:01:00,227.0,227.0,227.0,227.0,903.16740087
2020-04-13 18:02:00,226.0,227.0,226.0,227.0,36066.42367182
2020-04-13 18:03:00,226.0,226.0,226.0,226.0,24338.493
2020-04-13 18:04:00,226.0,227.0,226.0,227.0,124133.41242558
2020-04-13 18:05:00,226.0,226.0,225.0,225.0,334823.60325147
2020-04-13 18:06:00,225.0,225.0,225.0,225.0,6118.37892629
2020-04-13 18:07:00,225.0,225.0,225.0,225.0,9606.17871754
2020-04-13 18:08:00,226.0,226.0,226.0,226.0,24.74398133
2020-04-13 18:09:00,226.0,226.0,226.0,226.0,13285.78188781
2020-04-13 18:10:00,226.0,226.0,225.0,225.0,2553.58750442
2020-04-13 18:11:00,226.0,226.0,225.0,226.0,6579.29774824
2020-04-13 18:12:00,226.0,226.0,225.0,225.0,190.03628318
2020-04-13 18:13:00,226.0,226.0,225.0,225.0,5074.42730551
2020-04-13 18:14:00,225.0,225.0,225.0,225.0,133.33333334
2020-04-13 18:15:00,225.0,225.0,225.0,225.0,459.4848845
2020-04-13 18:17:00,226.0,226.0,225.0,225.0,5977.57895899
2020-04-13 18:18:00,225.0,226.0,225.0,226.0,5672.40928948
2020-04-13 18:19:00,226.0,226.0,225.0,225.0,1380.923894
2020-04-13 18:20:00,225.0,226.0,225.0,225.0,867655.60402362
2020-04-13 18:21:00,224.0,225.0,224.0,224.0,46675.44078864
2020-04-13 18:22:00,225.0,225.0,224.0,225.0,219052.61535757
2020-04-13 18:23:00,225.0,225.0,225.0,225.0,80608.46280137
2020-04-13 18:24:00,226.0,226.0,225.0,225.0,74335.70165929
2020-04-13 18:25:00,225.0,226.0,225.0,225.0,143891.36964007
2020-04-13 18:26:00,225.0,226.0,225.0,226.0,71950.66887142
2020-04-13 18:27:00,226.0,226.0,224.0,224.0,15663.27263341
2020-04-13 18:28:00,225.0,225.0,224.0,225.0,15838.50629324
2020-04-13 18:29:00,225.0,226.0,225.0,225.0,93111.3698468
2020-04-13 18:30:00,225.0,225.0,225.0,225.0,12054.80367725
2020-04-13 18:31:00,225.0,225.0,225.0,225.0,54862.80007095
2020-04-13 18:32:00,224.0,225.0,224.0,224.0,100029.15406794
2020-04-13 18:33:00,225.0,225.0,225.0,225.0,8889.95555556
2020-04-13 18:34:00,224.0,225.0,224.0,224.0,2594.33364806
2020-04-13 18:35:00,224.0,225.0,224.0,224.0,7238.16666666
2020-04-13 18:36:00,225.0,225.0,225.0,225.0,2.66666666
2020-04-13 18:37:00,225.0,225.0,225.0,225.0,40.0
2020-04-13 18:38:00,225.0,225.0,224.0,224.0,80858.8327635
2020-04-13 18:39:00,224.0,225.0,224.0,225.0,241327.10272198
2020-04-13 18:40:00,224.0,225.0,224.0,225.0,3107.97911441
2020-04-13 18:41:00,225.0,225.0,225.0,225.0,13345.86262402
2020-04-13 18:42:00,225.0,225.0,224.0,225.0,3634.16516629
2020-04-13 18:43:00,224.0,224.0,224.0,224.0,48725.67129541
2020-04-13 18:44:00,224.0,224.0,224.0,224.0,66223.74907274
2020-04-13 18:45:00,224.0,224.0,224.0,224.0,13168.45919146
2020-04-13 18:46:00,224.0,225.0,224.0,224.0,132118.0094462
2020-04-13 18:47:00,224.0,225.0,224.0,225.0,89177.95458548
2020-04-13 18:48:00,224.0,225.0,224.0,225.0,252190.50801404
2020-04-13 18:49:00,225.0,225.0,224.0,225.0,66374.11206237
2020-04-13 18:50:00,225.0,225.0,224.0,225.0,6063.39933276
2020-04-13 18:51:00,224.0,225.0,224.0,224.0,29741.02702153
2020-04-13 18:52:00,225.0,225.0,225.0,225.0,756.25572191
2020-04-13 18:53:00,225.0,225.0,224.0,225.0,226.59532368
2020-04-13 18:54:00,225.0,225.0,224.0,225.0,338049.61480536
2020-04-13 18:55:00,224.0,225.0,224.0,225.0,26069.35714285
2020-04-13 18:56:00,224.0,224.0,224.0,224.0,161.27
2020-04-13 18:57:00,225.0,225.0,225.0,225.0,65858.26642233
2020-04-13 18:58:00,225.0,225.0,225.0,225.0,18124.2567605
2020-04-13 18:59:00,225.0,225.0,225.0,225.0,9772.8913321
2020-04-13 19:00:00,225.0,225.0,224.0,225.0,407999.07804428
2020-04-13 19:01:00,225.0,225.0,224.0,225.0,130269.52813183
2020-04-13 19:02:00,225.0,225.0,224.0,224.0,62413.83712992
2020-04-13 19:03:00,225.0,225.0,224.0,225.0,106273.27876387
2020-04-13 19:04:00,226.0,226.0,225.0,225.0,15938.42076156
2020-04-13 19:06:00,226.0,226.0,225.0,225.0,4072.20513877
2020-04-13 19:08:00,226.0,226.0,225.0,226.0,8722.34991961
2020-04-13 19:09:00,225.0,226.0,225.0,226.0,813.17434223
2020-04-13 19:10:00,225.0,225.0,225.0,225.0,2.5
2020-04-13 19:11:00,225.0,225.0,225.0,225.0,20098.74894485
2020-04-13 19:13:00,225.0,226.0,225.0,226.0,9983.44371452
2020-04-13 19:14:00,226.0,226.0,225.0,225.0,239.56567089
2020-04-13 19:15:00,225.0,225.0,225.0,225.0,20.0
2020-04-13 19:16:00,226.0,226.0,226.0,226.0,421.04876765
2020-04-13 19:18:00,225.0,225.0,225.0,225.0,2.5
2020-04-13 19:19:00,226.0,226.0,225.0,226.0,379.98
2020-04-13 19:20:00,225.0,225.0,225.0,225.0,2.5
2020-04-13 19:21:00,225.0,225.0,225.0,225.0,100.0
2020-04-13 19:22:00,226.0,226.0,226.0,226.0,42.03539823
2020-04-13 19:23:00,225.0,225.0,225.0,225.0,2.5
2020-04-13 19:24:00,225.0,225.0,225.0,225.0,42.03539823
2020-04-13 19:25:00,225.0,225.0,225.0,225.0,1237.0
2020-04-13 19:26:00,225.0,225.0,225.0,225.0,2758.43694819
2020-04-13 19:27:00,225.0,226.0,225.0,225.0,8138.00260268
2020-04-13 19:28:00,225.0,226.0,225.0,225.0,68435.5067024
2020-04-13 19:29:00,225.0,226.0,225.0,225.0,1135.83333334
2020-04-13 19:30:00,226.0,226.0,225.0,225.0,2035.86336282
2020-04-13 19:31:00,225.0,225.0,225.0,225.0,19606.44949507
2020-04-13 19:32:00,225.0,226.0,225.0,226.0,35941.62157525
2020-04-13 19:33:00,225.0,225.0,225.0,225.0,372.73953215
2020-04-13 19:34:00,225.0,225.0,225.0,225.0,558.35929823
2020-04-13 19:35:00,226.0,226.0,226.0,226.0,19914.04247629
2020-04-13 19:36:00,226.0,226.0,225.0,226.0,7875.1773566
2020-04-13 19:37:00,225.0,226.0,225.0,225.0,17397.58689239
2020-04-13 19:38:00,225.0,226.0,225.0,226.0,9317.04419025
2020-04-13 19:39:00,225.0,226.0,225.0,226.0,85126.69555556
2020-04-13 19:40:00,225.0,227.0,225.0,226.0,699047.51806495
2020-04-13 19:41:00,227.0,227.0,226.0,226.0,24215.12725428
2020-04-13 19:42:00,226.0,226.0,225.0,226.0,74732.46767269
2020-04-13 19:43:00,225.0,226.0,225.0,225.0,47579.49486312
2020-04-13 19:45:00,226.0,226.0,226.0,226.0,134522.99053096
2020-04-13 19:47:00,226.0,226.0,226.0,226.0,13258.37525681
2020-04-13 19:50:00,227.0,227.0,226.0,226.0,166.22832895
2020-04-13 19:51:00,226.0,226.0,226.0,226.0,98839.99368686
2020-04-13 19:52:00,226.0,227.0,226.0,226.0,136218.09658386
2020-04-13 19:53:00,226.0,226.0,225.0,225.0,52269.35267816
2020-04-13 19:54:00,227.0,227.0,226.0,226.0,4.91014013
2020-04-13 19:55:00,226.0,226.0,226.0,226.0,13871.69139541
2020-04-13 19:56:00,226.0,226.0,226.0,226.0,3099.97594013
2020-04-13 19:57:00,227.0,227.0,226.0,226.0,109.36248363
2020-04-13 19:58:00,227.0,227.0,226.0,226.0,26438.47830356
2020-04-13 19:59:00,226.0,227.0,226.0,226.0,9994.51980692
2020-04-13 20:00:00,227.0,227.0,226.0,226.0,864.99210812
2020-04-13 20:01:00,227.0,227.0,226.0,226.0,7139.35393713
2020-04-13 20:02:00,226.0,226.0,226.0,226.0,2469.93507378
2020-04-13 20:04:00,226.0,227.0,226.0,226.0,10108.52679151
2020-04-13 20:05:00,227.0,227.0,226.0,226.0,109.63487869
2020-04-13 20:07:00,227.0,227.0,226.0,226.0,5385.96889657
2020-04-13 20:08:00,226.0,226.0,226.0,226.0,16720.78627352
2020-04-13 20:09:00,227.0,227.0,226.0,226.0,2102.28767124
2020-04-13 20:11:00,226.0,226.0,226.0,226.0,80212.87244599
2020-04-13 20:12:00,226.0,226.0,225.0,225.0,129992.81651956
2020-04-13 20:13:00,226.0,226.0,225.0,225.0,24339.3904794
2020-04-13 20:15:00,226.0,226.0,225.0,225.0,2093.31112468
2020-04-13 20:16:00,226.0,226.0,225.0,225.0,1002.29816514
2020-04-13 20:18:00,226.0,226.0,226.0,226.0,353.80539818
2020-04-13 20:19:00,225.0,226.0,225.0,225.0,1004.59633028
2020-04-13 20:20:00,226.0,226.0,225.0,225.0,13716.24207813
2020-04-13 20:21:00,226.0,226.0,225.0,225.0,1017.04543835
2020-04-13 20:22:00,226.0,226.0,226.0,226.0,373637.41489823
2020-04-13 20:23:00,227.0,227.0,226.0,226.0,3502.3411215
2020-04-13 20:24:00,226.0,226.0,226.0,226.0,183.01960131
2020-04-13 20:25:00,226.0,226.0,226.0,226.0,118992.552
2020-04-13 20:26:00,226.0,226.0,226.0,226.0,46500.08031808
2020-04-13 20:27:00,226.0,226.0,225.0,226.0,265335.12305384
2020-04-13 20:28:00,226.0,226.0,226.0,226.0,1807.19168072
2020-04-13 20:29:00,226.0,226.0,226.0,226.0,16000.0
2020-04-13 20:31:00,227.0,227.0,226.0,226.0,462.41953918
2020-04-13 20:32:00,226.0,227.0,226.0,227.0,51371.03941742
2020-04-13 20:33:00,226.0,227.0,226.0,226.0,64.28854739
2020-04-13 20:34:00,227.0,227.0,226.0,227.0,15526.60272359
2020-04-13 20:35:00,227.0,227.0,226.0,227.0,704734.89278201
2020-04-13 20:36:00,227.0,228.0,227.0,227.0,35254.26969757
2020-04-13 20:37:00,228.0,228.0,227.0,228.0,112500.58367321
2020-04-13 20:38:00,227.0,228.0,227.0,228.0,452846.07289069
2020-04-13 20:39:00,228.0,228.0,227.0,228.0,13306.42421767
2020-04-13 20:40:00,227.0,228.0,227.0,228.0,726135.2262652
2020-04-13 20:41:00,228.0,229.0,228.0,228.0,394463.38509105
2020-04-13 20:42:00,227.0,228.0,227.0,228.0,190081.20471441
2020-04-13 20:43:00,228.0,229.0,228.0,228.0,32296.64052577
2020-04-13 20:44:00,228.0,228.0,227.0,228.0,269000.18687567
2020-04-13 20:45:00,227.0,228.0,227.0,227.0,27892.90201207
2020-04-13 20:46:00,228.0,228.0,227.0,227.0,221.41565128
2020-04-13 20:47:00,228.0,228.0,227.0,227.0,12847.70645418
2020-04-13 20:48:00,228.0,228.0,227.0,227.0,896.57892638
2020-04-13 20:49:00,228.0,228.0,227.0,227.0,5.25675676
2020-04-13 20:50:00,227.0,228.0,227.0,227.0,45440.86116235
2020-04-13 20:51:00,227.0,228.0,227.0,227.0,57385.38934076
2020-04-13 20:52:00,228.0,229.0,227.0,228.0,110536.55004378
2020-04-13 20:53:00,229.0,229.0,228.0,229.0,137.52929431
2020-04-13 20:54:00,228.0,229.0,228.0,228.0,24223.03598885
2020-04-13 20:55:00,229.0,229.0,228.0,229.0,511.83483668
2020-04-13 20:56:00,228.0,229.0,228.0,229.0,222417.70503064
2020-04-13 20:57:00,228.0,229.0,227.0,227.0,540347.76456417
2020-04-13 20:58:00,227.0,228.0,227.0,228.0,16813.55058109
2020-04-13 20:59:00,227.0,228.0,227.0,227.0,30840.9920588
2020-04-14 04:35:00,228.0,228.0,227.0,228.0,31896.86837437
2020-04-14 04:36:00,228.0,228.0,227.0,227.0,3440.91986916
2020-04-14 04:37:00,228.0,228.0,227.0,228.0,61670.085885
2020-04-14 04:38:00,229.0,229.0,227.0,229.0,14474.049
2020-04-14 04:39:00,228.0,229.0,228.0,228.0,7.454
2020-04-14 04:43:00,228.0,228.0,228.0,228.0,825.78516297
2020-04-14 04:44:00,228.0,228.0,228.0,228.0,44.95100727
2020-04-14 04:46:00,229.0,229.0,228.0,228.0,1107.8695906
2020-04-14 04:47:00,229.0,229.0,228.0,228.0,122576.93693789
2020-04-14 04:48:00,229.0,230.0,228.0,228.0,14616.63878816
2020-04-14 04:50:00,228.0,228.0,227.0,227.0,172939.24079631
2020-04-14 04:51:00,228.0,228.0,227.0,227.0,34242.87993352
2020-04-14 04:52:00,228.0,228.0,227.0,227.0,34804.72098591
2020-04-14 04:56:00,229.0,229.0,228.0,228.0,1089.18352173
2020-04-14 04:57:00,229.0,229.0,228.0,228.0,1113.24458273
2020-04-14 04:59:00,229.0,229.0,229.0,229.0,1250.68359595
2020-04-14 05:00:00,228.0,229.0,228.0,229.0,24384.65796336
2020-04-14 05:01:00,229.0,229.0,229.0,229.0,217207.99399923
2020-04-14 05:02:00,228.0,228.0,228.0,228.0,43.93176855
2020-04-14 05:04:00,229.0,229.0,229.0,229.0,54085.32636335
2020-04-14 05:05:00,229.0,229.0,229.0,229.0,27926.95652173
2020-04-14 05:06:00,229.0,230.0,229.0,230.0,38940.20496039
2020-04-14 05:08:00,230.0,230.0,229.0,229.0,1934.78260825
2020-04-14 05:10:00,229.0,229.0,229.0,229.0,10000.0
2020-04-14 05:15:00,229.0,229.0,229.0,229.0,500.0
2020-04-14 05:17:00,229.0,229.0,229.0,229.0,799.0
2020-04-14 05:18:00,230.0,230.0,229.0,229.0,10597.52173913
2020-04-14 05:19:00,230.0,230.0,230.0,230.0,5659.09219303
2020-04-14 05:20:00,229.0,229.0,229.0,229.0,140.86956521
2020-04-14 05:22:00,229.0,229.0,229.0,229.0,10000.0
2020-04-14 05:23:00,230.0,230.0,230.0,230.0,429039.31853977
2020-04-14 05:24:00,230.0,230.0,230.0,230.0,8853.67613549
2020-04-14 05:25:00,230.0,230.0,230.0,230.0,80862.15045322
2020-04-14 05:26:00,230.0,230.0,230.0,230.0,91827.44919133
2020-04-14 05:27:00,230.0,230.0,230.0,230.0,1082.25108225
2020-04-14 05:28:00,229.0,230.0,229.0,230.0,30416.95652174
2020-04-14 05:29:00,229.0,229.0,229.0,229.0,95.08695652
2020-04-14 05:32:00,230.0,230.0,230.0,230.0,23.71236694
2020-04-14 05:33:00,230.0,230.0,230.0,230.0,213.94565217
2020-04-14 05:34:00,230.0,230.0,230.0,230.0,57368.65148089
2020-04-14 05:35:00,230.0,230.0,229.0,230.0,105402.6125817
2020-04-14 05:36:00,230.0,230.0,230.0,230.0,11416.14017289
2020-04-14 05:37:00,230.0,231.0,230.0,230.0,43812.64891741
2020-04-14 05:38:00,230.0,230.0,229.0,229.0,13486.1060644
2020-04-14 05:39:00,230.0,230.0,229.0,229.0,15372.5974684
2020-04-14 05:42:00,230.0,230.0,230.0,230.0,108238.4034717
2020-04-14 05:43:00,230.0,230.0,230.0,230.0,68055.6326703
2020-04-14 05:44:00,230.0,230.0,229.0,229.0,9248.6484155
2020-04-14 05:45:00,230.0,230.0,229.0,229.0,1558.89474565
2020-04-14 05:46:00,230.0,230.0,230.0,230.0,9089.51652065
2020-04-14 05:47:00,230.0,230.0,230.0,230.0,1386.23928225
2020-04-14 05:48:00,230.0,230.0,230.0,230.0,32818.6168
2020-04-14 05:49:00,230.0,230.0,230.0,230.0,15566.36258225
2020-04-14 05:50:00,230.0,230.0,230.0,230.0,17173.87566177
2020-04-14 05:51:00,230.0,230.0,229.0,229.0,89844.23451515
2020-04-14 05:53:00,230.0,230.0,230.0,230.0,13308.77664804
2020-04-14 05:54:00,230.0,231.0,230.0,230.0,15150.44627587
2020-04-14 05:57:00,230.0,231.0,230.0,231.0,2133.32900741
2020-04-14 05:58:00,231.0,231.0,231.0,231.0,7406.28138528
2020-04-14 05:59:00,230.0,230.0,230.0,230.0,66087.55018895
2020-04-14 06:00:00,230.0,231.0,230.0,231.0,23464.05296495
2020-04-14 06:01:00,231.0,231.0,230.0,231.0,464085.9511566
2020-04-14 06:02:00,231.0,232.0,231.0,231.0,5357.54944268
2020-04-14 06:05:00,231.0,231.0,231.0,231.0,23044.50514346
2020-04-14 06:06:00,231.0,231.0,231.0,231.0,6000.0
2020-04-14 06:08:00,231.0,231.0,231.0,231.0,252561.94031222
2020-04-14 06:09:00,231.0,232.0,231.0,231.0,103529.90001847
2020-04-14 06:10:00,231.0,231.0,230.0,231.0,99664.30673836
2020-04-14 06:11:00,231.0,231.0,230.0,231.0,34949.75860724
2020-04-14 06:12:00,231.0,232.0,230.0,231.0,2745.16593234
2020-04-14 06:15:00,232.0,232.0,231.0,231.0,276.49168818
2020-04-14 06:16:00,231.0,231.0,230.0,230.0,329081.62822946
2020-04-14 06:19:00,231.0,231.0,230.0,230.0,11081.93660689
2020-04-14 06:20:00,231.0,231.0,231.0,231.0,57387.79250632
2020-04-14 06:21:00,231.0,231.0,231.0,231.0,5000.0
2020-04-14 06:22:00,231.0,231.0,231.0,231.0,1253.11326156
2020-04-14 06:23:00,232.0,232.0,231.0,231.0,28573.05604037
2020-04-14 06:26:00,231.0,232.0,231.0,231.0,309.66264876
2020-04-14 06:27:00,231.0,231.0,230.0,230.0,114520.9714409
2020-04-14 06:28:00,231.0,231.0,230.0,231.0,29288.00207956
2020-04-14 06:29:00,230.0,231.0,230.0,231.0,12333.73709849
2020-04-14 06:30:00,231.0,231.0,230.0,231.0,118524.75405008
2020-04-14 06:32:00,231.0,232.0,231.0,231.0,4756.4306222
2020-04-14 06:33:00,231.0,231.0,230.0,230.0,49.0
2020-04-14 06:34:00,230.0,231.0,230.0,231.0,6582.19805557
2020-04-14 06:35:00,230.0,231.0,230.0,230.0,1498.18406487
2020-04-14 06:36:00,231.0,231.0,230.0,230.0,1459.89264893
2020-04-14 06:38:00,230.0,230.0,230.0,230.0,2377.11178687
2020-04-14 06:39:00,230.0,230.0,230.0,230.0,1000.0
2020-04-14 06:40:00,230.0,231.0,230.0,230.0,4555.89867137
2020-04-14 06:41:00,230.0,230.0,230.0,230.0,10418.57515429
2020-04-14 06:45:00,230.0,230.0,230.0,230.0,2665.1580541
2020-04-14 06:46:00,231.0,231.0,230.0,230.0,10521.09229927
2020-04-14 06:47:00,230.0,230.0,230.0,230.0,5000.0
2020-04-14 06:48:00,230.0,230.0,230.0,230.0,11850.0
2020-04-14 06:50:00,230.0,230.0,230.0,230.0,4328.46362601
2020-04-14 06:51:00,230.0,230.0,229.0,229.0,96958.00061699
2020-04-14 06:52:00,229.0,229.0,229.0,229.0,1476.18349134
2020-04-14 06:53:00,229.0,229.0,229.0,229.0,193178.76945371
2020-04-14 06:54:00,229.0,229.0,229.0,229.0,1093.93863483
2020-04-14 06:55:00,229.0,229.0,229.0,229.0,28463.5043804
2020-04-14 06:56:00,229.0,229.0,229.0,229.0,62765.18219012
2020-04-14 06:57:00,229.0,229.0,229.0,229.0,16500.98865451
2020-04-14 06:58:00,229.0,229.0,229.0,229.0,9903.981116
2020-04-14 06:59:00,229.0,229.0,229.0,229.0,131.86221714
2020-04-14 07:00:00,229.0,230.0,229.0,229.0,452.22666667
2020-04-14 07:01:00,229.0,231.0,229.0,230.0,203251.26355808
2020-04-14 07:02:00,230.0,230.0,230.0,230.0,1202.5119
2020-04-14 07:03:00,230.0,230.0,230.0,230.0,72.37533698
2020-04-14 07:04:00,230.0,230.0,230.0,230.0,8851.4667549
2020-04-14 07:05:00,231.0,231.0,230.0,230.0,17309.5916342
2020-04-14 07:06:00,231.0,231.0,230.0,230.0,9046.46777028
2020-04-14 07:10:00,230.0,230.0,230.0,230.0,112.72246696
2020-04-14 07:12:00,230.0,230.0,230.0,230.0,343.03292798
2020-04-14 07:14:00,231.0,231.0,230.0,230.0,14430.82462598
2020-04-14 07:15:00,230.0,230.0,230.0,230.0,86.34653261
2020-04-14 07:16:00,230.0,230.0,229.0,230.0,52308.94212857
2020-04-14 07:17:00,229.0,229.0,229.0,229.0,20002.22666667
2020-04-14 07:18:00,229.0,230.0,229.0,230.0,5438.08018157
2020-04-14 07:19:00,229.0,229.0,229.0,229.0,2.24663678
2020-04-14 07:23:00,230.0,230.0,229.0,229.0,81676.8119827
2020-04-14 07:24:00,229.0,229.0,229.0,229.0,18572.5531591
2020-04-14 07:25:00,230.0,230.0,229.0,229.0,2946.8757853
2020-04-14 07:26:00,230.0,230.0,229.0,229.0,1084.4876894
2020-04-14 07:28:00,230.0,230.0,229.0,229.0,3973.73221824
2020-04-14 07:32:00,230.0,230.0,229.0,229.0,50006.68994049
2020-04-14 07:33:00,229.0,229.0,229.0,229.0,2.22666667
2020-04-14 07:34:00,229.0,230.0,229.0,230.0,57774.13623827
2020-04-14 07:35:00,230.0,230.0,229.0,229.0,4778.51533075
2020-04-14 07:36:00,229.0,229.0,229.0,229.0,2002.22666667
2020-04-14 07:37:00,230.0,230.0,229.0,229.0,502.227
2020-04-14 07:38:00,230.0,230.0,229.0,229.0,67622.69917199
2020-04-14 07:39:00,229.0,230.0,229.0,229.0,5260.2795318
2020-04-14 07:40:00,230.0,230.0,229.0,230.0,132613.75483334
2020-04-14 07:41:00,230.0,230.0,229.0,230.0,29807.63633164
2020-04-14 07:42:00,230.0,230.0,229.0,230.0,187880.46287912
2020-04-14 07:43:00,230.0,230.0,230.0,230.0,10581.24809619
2020-04-14 07:44:00,230.0,230.0,230.0,230.0,948.3767
2020-04-14 07:45:00,230.0,230.0,230.0,230.0,61233.05513118
2020-04-14 07:46:00,230.0,230.0,230.0,230.0,42.0
2020-04-14 07:47:00,230.0,230.0,230.0,230.0,4347.86519783
2020-04-14 07:48:00,230.0,230.0,230.0,230.0,52148.76749797
2020-04-14 07:49:00,230.0,230.0,230.0,230.0,11400.0
2020-04-14 07:50:00,230.0,230.0,230.0,230.0,29.0
2020-04-14 07:51:00,230.0,231.0,230.0,230.0,17134.22464421
2020-04-14 07:53:00,231.0,231.0,231.0,231.0,3405.19350714
2020-04-14 07:55:00,230.0,230.0,230.0,230.0,91.27530158
2020-04-14 07:56:00,231.0,231.0,230.0,230.0,5285.93050706
2020-04-14 07:58:00,231.0,231.0,231.0,231.0,11611.5281477
2020-04-14 07:59:00,231.0,231.0,231.0,231.0,46577.29800703
2020-04-14 08:00:00,231.0,231.0,231.0,231.0,347298.43132653
2020-04-14 08:01:00,231.0,231.0,231.0,231.0,9508.55740959
2020-04-14 08:02:00,231.0,231.0,231.0,231.0,88374.8073566
2020-04-14 08:03:00,231.0,231.0,231.0,231.0,226.45021645
2020-04-14 08:04:00,231.0,231.0,231.0,231.0,12724.53275518
2020-04-14 08:05:00,231.0,231.0,230.0,231.0,22368.01089544
2020-04-14 08:06:00,231.0,231.0,231.0,231.0,169141.47774952
2020-04-14 08:07:00,232.0,232.0,231.0,231.0,46537.30377072
2020-04-14 08:08:00,231.0,232.0,230.0,230.0,32627.22627433
2020-04-14 08:09:00,231.0,231.0,230.0,230.0,2187.38212962
2020-04-14 08:10:00,231.0,231.0,230.0,230.0,4358.70090977
2020-04-14 08:11:00,230.0,230.0,230.0,230.0,4200.0
2020-04-14 08:13:00,231.0,231.0,230.0,230.0,28.95503456
2020-04-14 08:14:00,231.0,231.0,230.0,230.0,45.49507575
2020-04-14 08:15:00,231.0,231.0,230.0,230.0,1502.22666667
2020-04-14 08:16:00,231.0,231.0,230.0,230.0,2153.79413018
2020-04-14 08:17:00,230.0,231.0,230.0,230.0,3904.41922385
2020-04-14 08:19:00,230.0,230.0,230.0,230.0,2000.0
2020-04-14 08:22:00,231.0,231.0,230.0,230.0,10346.21681416
2020-04-14 08:23:00,230.0,230.0,230.0,230.0,487.32899062
2020-04-14 08:25:00,230.0,230.0,230.0,230.0,136465.15114535
2020-04-14 08:26:00,231.0,231.0,231.0,231.0,5890.37515874
2020-04-14 08:27:00,230.0,230.0,230.0,230.0,10.46699095
2020-04-14 08:28:00,230.0,231.0,230.0,230.0,35391.75807967
2020-04-14 08:31:00,230.0,230.0,230.0,230.0,1500.0
2020-04-14 08:32:00,230.0,231.0,230.0,230.0,328180.72182318
2020-04-14 08:33:00,231.0,231.0,230.0,230.0,4001.83472948
2020-04-14 08:34:00,230.0,230.0,230.0,230.0,153619.39435388
2020-04-14 08:35:00,230.0,230.0,230.0,230.0,63174.89083765
2020-04-14 08:36:00,230.0,231.0,230.0,231.0,6298.0625495
2020-04-14 08:37:00,230.0,230.0,230.0,230.0,9875.34093068
2020-04-14 08:38:00,230.0,230.0,230.0,230.0,9256.96523691
2020-04-14 08:39:00,230.0,230.0,230.0,230.0,25513.67398575
2020-04-14 08:40:00,230.0,231.0,230.0,231.0,14912.46067254
2020-04-14 08:41:00,230.0,230.0,229.0,229.0,55885.50735683
2020-04-14 08:42:00,229.0,229.0,229.0,229.0,10416.64881844
2020-04-14 08:43:00,230.0,230.0,230.0,230.0,4348.05640657
2020-04-14 08:44:00,230.0,230.0,229.0,229.0,8991.61539513
2020-04-14 08:45:00,230.0,230.0,229.0,230.0,7456.18874379
2020-04-14 08:46:00,229.0,230.0,229.0,229.0,23138.81086174
2020-04-14 08:47:00,230.0,230.0,229.0,229.0,3290.88774892
2020-04-14 08:48:00,230.0,230.0,229.0,230.0,212386.12859996
2020-04-14 08:49:00,230.0,230.0,230.0,230.0,68140.02685872
2020-04-14 08:51:00,230.0,231.0,230.0,231.0,6247.60265969
2020-04-14 08:52:00,230.0,230.0,230.0,230.0,9041.72786667
2020-04-14 08:53:00,230.0,230.0,229.0,230.0,196114.65518874
2020-04-14 08:54:00,230.0,230.0,229.0,230.0,28534.76051548
2020-04-14 08:55:00,230.0,230.0,230.0,230.0,1000.0
2020-04-14 08:56:00,230.0,230.0,229.0,230.0,18046.22780386
2020-04-14 08:57:00,229.0,229.0,229.0,229.0,192.23660715
2020-04-14 16:59:00,227.0,227.0,227.0,227.0,8.81057268
2020-04-14 17:00:00,226.0,226.0,225.0,225.0,1020274.9744476
2020-04-14 17:01:00,226.0,226.0,225.0,225.0,33737.66858325
2020-04-14 17:02:00,225.0,226.0,225.0,225.0,18400.33042128
2020-04-14 17:03:00,225.0,226.0,225.0,226.0,26095.05617558
2020-04-14 17:04:00,226.0,226.0,226.0,226.0,63361.13412357
2020-04-14 17:05:00,226.0,226.0,225.0,226.0,523098.26552519
2020-04-14 17:06:00,225.0,226.0,225.0,226.0,153879.02274136
2020-04-14 17:07:00,226.0,226.0,226.0,226.0,313770.23220495
2020-04-14 17:08:00,227.0,227.0,226.0,226.0,21373.95983325
2020-04-14 17:09:00,226.0,227.0,226.0,226.0,182366.61841233
2020-04-14 17:10:00,226.0,226.0,225.0,225.0,14126.25285083
2020-04-14 17:11:00,226.0,226.0,226.0,226.0,1309.07997328
2020-04-14 17:12:00,225.0,226.0,225.0,225.0,59152.5284627
2020-04-14 17:13:00,226.0,226.0,225.0,225.0,27710.16446774
2020-04-14 17:14:00,225.0,225.0,225.0,225.0,61951.85807698
2020-04-14 17:15:00,226.0,226.0,225.0,225.0,198686.67677795
2020-04-14 17:16:00,226.0,226.0,226.0,226.0,627544.0770657
2020-04-14 17:17:00,226.0,227.0,226.0,226.0,19733.71404439
2020-04-14 17:18:00,226.0,227.0,226.0,226.0,5615.13223574
2020-04-14 17:19:00,226.0,226.0,226.0,226.0,402.766331
2020-04-14 17:20:00,226.0,226.0,226.0,226.0,6300.00000065
2020-04-14 17:21:00,227.0,227.0,227.0,227.0,5175.4493392
2020-04-14 17:22:00,227.0,227.0,226.0,226.0,1442.74575847
2020-04-14 17:23:00,227.0,227.0,227.0,227.0,1352.7777533
2020-04-14 17:24:00,226.0,227.0,226.0,226.0,2963.53482901
2020-04-14 17:25:00,226.0,226.0,225.0,225.0,419001.82309834
2020-04-14 17:26:00,226.0,226.0,226.0,226.0,7744.54203539
2020-04-14 17:27:00,226.0,226.0,225.0,225.0,10627.86967242
2020-04-14 17:28:00,226.0,226.0,225.0,225.0,802.91877974
2020-04-14 17:30:00,225.0,226.0,225.0,225.0,21349.72259971
2020-04-14 17:31:00,226.0,226.0,225.0,225.0,166.50159737
2020-04-14 17:32:00,226.0,227.0,225.0,226.0,55495.61763109
2020-04-14 17:34:00,226.0,227.0,226.0,226.0,1626.61815537
2020-04-14 17:35:00,226.0,226.0,226.0,226.0,23321.92637952
2020-04-14 17:36:00,226.0,227.0,226.0,226.0,65133.19028046
2020-04-14 17:37:00,226.0,226.0,226.0,226.0,10737.28971751
2020-04-14 17:38:00,226.0,227.0,226.0,226.0,1116.27403103
2020-04-14 17:39:00,226.0,226.0,226.0,226.0,66809.62656931
2020-04-14 17:40:00,226.0,226.0,226.0,226.0,316.88044444
2020-04-14 17:41:00,226.0,226.0,225.0,225.0,76214.85222988
2020-04-14 17:42:00,226.0,226.0,226.0,226.0,60647.77797805
2020-04-14 17:43:00,226.0,226.0,226.0,226.0,10701.89488643
2020-04-14 17:44:00,226.0,226.0,226.0,226.0,7802.81934309
2020-04-14 17:45:00,226.0,226.0,226.0,226.0,2251.4124578
2020-04-14 17:46:00,227.0,227.0,226.0,226.0,2756.12865555
2020-04-14 17:47:00,227.0,227.0,226.0,226.0,6172.50978785
2020-04-14 17:48:00,226.0,227.0,226.0,227.0,2099.4784448
2020-04-14 17:49:00,226.0,227.0,226.0,226.0,3122.87445244
2020-04-14 17:50:00,227.0,227.0,226.0,226.0,1562.922222
2020-04-14 17:51:00,226.0,226.0,226.0,226.0,1309.17946708
2020-04-14 17:53:00,227.0,227.0,226.0,227.0,61873.98259019
2020-04-14 17:54:00,226.0,227.0,226.0,226.0,2356.13658367
2020-04-14 17:56:00,226.0,226.0,226.0,226.0,145498.12069646
2020-04-14 17:57:00,226.0,226.0,226.0,226.0,1559.44
2020-04-14 17:58:00,226.0,226.0,226.0,226.0,2227.8953
2020-04-14 17:59:00,226.0,226.0,226.0,226.0,1934.09822866
2020-04-14 18:00:00,226.0,227.0,226.0,227.0,173026.44519122
2020-04-14 18:01:00,227.0,227.0,226.0,226.0,44206.21637511
2020-04-14 18:02:00,227.0,227.0,226.0,226.0,13.63594795
2020-04-14 18:03:00,226.0,227.0,226.0,226.0,4111.07381878
2020-04-14 18:05:00,227.0,227.0,226.0,226.0,37582.36092224
2020-04-14 18:06:00,226.0,226.0,226.0,226.0,801.34598187
2020-04-14 18:09:00,226.0,226.0,226.0,226.0,12849.0
2020-04-14 18:12:00,226.0,226.0,226.0,226.0,987.94928559
2020-04-14 18:14:00,227.0,227.0,226.0,226.0,1002.5
2020-04-14 18:15:00,227.0,227.0,226.0,227.0,50470.88059714
2020-04-14 18:16:00,226.0,227.0,226.0,226.0,565.79568272
2020-04-14 18:17:00,226.0,227.0,226.0,227.0,33482.83787095
2020-04-14 18:18:00,226.0,226.0,226.0,226.0,114.87421268
2020-04-14 18:19:00,226.0,227.0,226.0,226.0,26568.75934121
2020-04-14 18:20:00,227.0,227.0,226.0,227.0,23940.42030975
2020-04-14 18:21:00,227.0,227.0,226.0,227.0,6026.87095357
2020-04-14 18:22:00,226.0,227.0,226.0,226.0,506.00748545
2020-04-14 18:23:00,227.0,227.0,226.0,226.0,2331.79786826
2020-04-14 18:24:00,227.0,227.0,226.0,226.0,70030.25329635
2020-04-14 18:25:00,227.0,227.0,226.0,226.0,1326.4238584
2020-04-14 18:26:00,226.0,227.0,226.0,227.0,5032.69653169
2020-04-14 18:27:00,227.0,227.0,226.0,226.0,4457.54368722
2020-04-14 18:29:00,227.0,227.0,227.0,227.0,17949.8856827
2020-04-14 18:30:00,226.0,227.0,226.0,226.0,196362.59142875
2020-04-14 18:31:00,226.0,226.0,226.0,226.0,2000.0
2020-04-14 18:32:00,227.0,227.0,226.0,226.0,27.276432
2020-04-14 18:33:00,227.0,227.0,226.0,226.0,17508.72583697
2020-04-14 18:34:00,227.0,227.0,227.0,227.0,49367.68607985
2020-04-14 18:35:00,226.0,226.0,226.0,226.0,1631.5923536
2020-04-14 18:36:00,227.0,227.0,227.0,227.0,4426.66609847
2020-04-14 18:37:00,227.0,227.0,227.0,227.0,2505.44309783
2020-04-14 18:39:00,226.0,226.0,226.0,226.0,3620.39382939
2020-04-14 18:43:00,226.0,227.0,226.0,227.0,18323.54559352
2020-04-14 18:44:00,227.0,227.0,226.0,226.0,28018.88014129
2020-04-14 18:46:00,227.0,227.0,226.0,227.0,167.45142627
2020-04-14 18:47:00,226.0,227.0,226.0,227.0,7690.45119125
2020-04-14 18:48:00,226.0,227.0,226.0,226.0,696.5976383
2020-04-14 18:50:00,226.0,227.0,226.0,226.0,58488.76336239
2020-04-14 18:51:00,227.0,227.0,226.0,226.0,99.55891918
2020-04-14 18:52:00,227.0,227.0,226.0,226.0,4636.86527229
2020-04-14 18:53:00,227.0,227.0,226.0,226.0,79.25579585
2020-04-14 18:54:00,226.0,227.0,226.0,227.0,81825.7089978
2020-04-14 18:55:00,227.0,227.0,227.0,227.0,50.0
2020-04-14 18:56:00,226.0,226.0,226.0,226.0,1900.0
2020-04-14 18:57:00,227.0,227.0,227.0,227.0,12462.05862484
2020-04-14 18:58:00,227.0,228.0,227.0,228.0,774792.88603939
2020-04-14 18:59:00,228.0,228.0,227.0,227.0,212022.18968467
2020-04-14 19:00:00,227.0,228.0,227.0,227.0,620.2306
2020-04-14 19:01:00,228.0,228.0,228.0,228.0,17543.85964912
2020-04-14 19:02:00,228.0,228.0,228.0,228.0,49897.67027012
2020-04-14 19:06:00,228.0,228.0,228.0,228.0,66.177613
2020-04-14 19:07:00,228.0,228.0,228.0,228.0,1506.53620558
2020-04-14 19:08:00,227.0,228.0,227.0,228.0,9739.95107858
2020-04-14 19:10:00,228.0,228.0,228.0,228.0,42543.85964912
2020-04-14 19:11:00,228.0,228.0,228.0,228.0,43.83773025
2020-04-14 19:12:00,228.0,228.0,227.0,227.0,340.65720911
2020-04-14 19:13:00,228.0,228.0,227.0,227.0,1300.0
2020-04-14 19:15:00,227.0,227.0,227.0,227.0,7000.04851847
2020-04-14 19:16:00,227.0,227.0,227.0,227.0,265.0
2020-04-14 19:17:00,227.0,227.0,227.0,227.0,31810.4655
2020-04-14 19:19:00,227.0,227.0,227.0,227.0,10000.0
2020-04-14 19:20:00,228.0,228.0,228.0,228.0,6575.65953865
2020-04-14 19:21:00,227.0,227.0,227.0,227.0,27723.80402562
2020-04-14 19:22:00,227.0,227.0,227.0,227.0,986.69644531
2020-04-14 19:23:00,227.0,227.0,227.0,227.0,7283.16104107
2020-04-14 19:24:00,228.0,228.0,227.0,227.0,21324.884314
2020-04-14 19:26:00,227.0,228.0,227.0,228.0,1109.20811949
2020-04-14 19:27:00,228.0,228.0,228.0,228.0,24.35526315
2020-04-14 19:28:00,227.0,227.0,226.0,226.0,270903.86000912
2020-04-14 19:32:00,227.0,227.0,226.0,227.0,105260.04174791
2020-04-14 19:34:00,227.0,227.0,227.0,227.0,8824.97881494
2020-04-14 19:36:00,227.0,227.0,227.0,227.0,28689.9315207
2020-04-14 19:38:00,228.0,228.0,227.0,227.0,3.3114
2020-04-14 19:39:00,228.0,228.0,227.0,227.0,3.514
2020-04-14 19:40:00,227.0,228.0,227.0,228.0,183113.82963206
2020-04-14 19:41:00,227.0,227.0,226.0,226.0,114574.48176873
2020-04-14 19:42:00,227.0,227.0,227.0,227.0,1.041812
2020-04-14 19:44:00,227.0,228.0,227.0,227.0,177397.83695165
2020-04-14 19:45:00,227.0,227.0,227.0,227.0,1200.0
2020-04-14 19:46:00,228.0,228.0,228.0,228.0,2.37719298
2020-04-14 19:47:00,228.0,228.0,227.0,227.0,105498.45844688
2020-04-14 19:48:00,227.0,227.0,227.0,227.0,2862.00512078
2020-04-14 19:49:00,227.0,228.0,227.0,228.0,62988.77170321
2020-04-14 19:50:00,228.0,228.0,228.0,228.0,121.929825
2020-04-14 19:52:00,227.0,227.0,226.0,227.0,33145.14500327
2020-04-14 19:53:00,227.0,227.0,227.0,227.0,17009.78524141
2020-04-14 19:54:00,227.0,227.0,227.0,227.0,650.0
2020-04-14 19:55:00,227.0,227.0,227.0,227.0,1399.48950866
2020-04-14 19:57:00,227.0,227.0,227.0,227.0,220.15424006
2020-04-14 19:58:00,227.0,227.0,227.0,227.0,2356.36957072
2020-04-14 20:00:00,226.0,227.0,226.0,227.0,1298.26271186
2020-04-14 20:01:00,227.0,227.0,227.0,227.0,34.85261802
2020-04-14 20:02:00,227.0,227.0,227.0,227.0,1753.32157709
2020-04-14 20:03:00,226.0,226.0,226.0,226.0,13091.42053445
2020-04-14 20:04:00,227.0,227.0,227.0,227.0,882.91696024
2020-04-14 20:06:00,227.0,227.0,226.0,226.0,22683.67980855
2020-04-14 20:07:00,226.0,227.0,226.0,227.0,3103.34856623
2020-04-14 20:08:00,226.0,226.0,226.0,226.0,2.5
2020-04-14 20:09:00,227.0,227.0,226.0,226.0,3.5
2020-04-14 20:11:00,227.0,227.0,227.0,227.0,883.11696024
2020-04-14 20:12:00,226.0,227.0,226.0,227.0,14890.22455751
2020-04-14 20:14:00,226.0,226.0,226.0,226.0,2.4
2020-04-14 20:15:00,226.0,227.0,226.0,227.0,190957.61779264
2020-04-14 20:16:00,227.0,227.0,226.0,227.0,1325.72544036
2020-04-14 20:17:00,227.0,227.0,227.0,227.0,104894.98862902
2020-04-14 20:19:00,226.0,228.0,226.0,228.0,25040.45449663
2020-04-14 20:20:00,227.0,228.0,227.0,228.0,1125.49635544
2020-04-14 20:22:00,227.0,228.0,227.0,227.0,21294.95675016
2020-04-14 20:23:00,227.0,227.0,227.0,227.0,20812.4591
2020-04-14 20:24:00,227.0,228.0,227.0,227.0,24088.56964933
2020-04-14 20:25:00,227.0,228.0,227.0,227.0,165106.14253599
2020-04-14 20:26:00,227.0,227.0,226.0,226.0,2252.65486726
2020-04-14 20:27:00,227.0,227.0,227.0,227.0,1002.655
2020-04-14 20:28:00,227.0,227.0,227.0,227.0,1099.55815044
2020-04-14 20:29:00,227.0,227.0,227.0,227.0,2162.91413764
2020-04-14 20:30:00,227.0,227.0,227.0,227.0,141.77492751
2020-04-14 20:31:00,226.0,227.0,226.0,227.0,94.21870444
2020-04-14 20:32:00,227.0,227.0,227.0,227.0,2230.62246695
2020-04-14 20:33:00,226.0,227.0,226.0,227.0,325582.91292307
2020-04-14 20:34:00,227.0,227.0,227.0,227.0,13153.14795924
2020-04-14 20:35:00,227.0,227.0,227.0,227.0,91.33318803
2020-04-14 20:36:00,227.0,227.0,227.0,227.0,1380.61696024
2020-04-14 20:37:00,227.0,227.0,227.0,227.0,4882.00440528
2020-04-14 20:38:00,227.0,227.0,227.0,227.0,27200.48499978
2020-04-14 20:39:00,227.0,228.0,227.0,227.0,132943.04863867
2020-04-14 20:40:00,228.0,228.0,226.0,226.0,147.86516479
2020-04-14 20:41:00,226.0,227.0,226.0,226.0,13.09586498
2020-04-14 20:42:00,227.0,227.0,227.0,227.0,2.667
2020-04-14 20:43:00,227.0,227.0,227.0,227.0,3355.48084988
2020-04-14 20:45:00,228.0,228.0,228.0,228.0,21941.79495383
2020-04-14 20:46:00,227.0,227.0,227.0,227.0,140306.08023347
2020-04-14 20:47:00,228.0,228.0,227.0,228.0,641.58315165
2020-04-14 20:48:00,227.0,228.0,226.0,227.0,1476.41781585
2020-04-14 20:49:00,228.0,228.0,227.0,227.0,3326.949076
2020-04-14 20:50:00,228.0,228.0,227.0,227.0,5727.74724669
2020-04-14 20:51:00,228.0,228.0,227.0,227.0,68713.98991099
2020-04-14 20:52:00,228.0,228.0,227.0,228.0,13058.43221336
2020-04-14 20:53:00,228.0,228.0,227.0,227.0,460.23184817
2020-04-14 20:54:00,227.0,227.0,227.0,227.0,303.43418599
2020-04-14 20:56:00,227.0,228.0,226.0,228.0,27464.77017265
2020-04-14 20:57:00,227.0,228.0,226.0,227.0,6216.70918609
2020-04-14 20:58:00,227.0,227.0,226.0,227.0,51202.74755469
2020-04-14 20:59:00,226.0,227.0,226.0,226.0,46950.25550486
2020-04-15 04:25:00,227.0,228.0,227.0,228.0,485.8205117
2020-04-15 04:27:00,228.0,228.0,227.0,228.0,30.8269725
2020-04-15 04:29:00,227.0,228.0,227.0,228.0,2511.38569239
2020-04-15 04:30:00,227.0,228.0,227.0,227.0,31.178
2020-04-15 04:31:00,228.0,228.0,227.0,228.0,1110.97697017
2020-04-15 04:33:00,227.0,228.0,227.0,228.0,1108.98632763
2020-04-15 04:35:00,227.0,228.0,227.0,228.0,1108.74997017
2020-04-15 04:37:00,228.0,228.0,228.0,228.0,6500.81538178
2020-04-15 04:38:00,228.0,228.0,228.0,228.0,261.67193026
2020-04-15 04:39:00,228.0,228.0,228.0,228.0,15214.74350543
2020-04-15 04:40:00,228.0,228.0,228.0,228.0,164.52850877
2020-04-15 04:43:00,227.0,228.0,227.0,228.0,22301.41286548
2020-04-15 04:44:00,228.0,228.0,228.0,228.0,8961.20360872
2020-04-15 04:49:00,228.0,228.0,228.0,228.0,29.36908782
2020-04-15 05:00:00,228.0,228.0,228.0,228.0,21.929825
2020-04-15 05:01:00,228.0,228.0,228.0,228.0,289144.34373272
2020-04-15 05:02:00,227.0,228.0,227.0,228.0,9035.6953
2020-04-15 05:07:00,228.0,228.0,228.0,228.0,744.56631332
2020-04-15 05:08:00,227.0,228.0,227.0,228.0,4462.21177207
2020-04-15 05:09:00,227.0,228.0,227.0,228.0,11195.96003752
2020-04-15 05:10:00,228.0,228.0,228.0,228.0,3894.622864
2020-04-15 05:11:00,228.0,228.0,228.0,228.0,21.929825
2020-04-15 05:12:00,227.0,228.0,227.0,228.0,8967.88460915
2020-04-15 05:14:00,227.0,228.0,227.0,228.0,855.319
2020-04-15 05:17:00,228.0,228.0,228.0,228.0,47.78750975
2020-04-15 05:19:00,228.0,228.0,227.0,228.0,829.90411186
2020-04-15 05:21:00,228.0,228.0,228.0,228.0,1392.4616639
2020-04-15 05:22:00,228.0,228.0,228.0,228.0,1003.78538844
2020-04-15 05:23:00,228.0,228.0,228.0,228.0,200.0
2020-04-15 05:24:00,228.0,228.0,228.0,228.0,4383.77302576
2020-04-15 05:29:00,228.0,228.0,228.0,228.0,4013.52832355
2020-04-15 05:31:00,227.0,228.0,227.0,227.0,71586.43239452
2020-04-15 05:32:00,228.0,228.0,227.0,228.0,52647.65647276
2020-04-15 05:33:00,227.0,228.0,227.0,228.0,3548.11183565
2020-04-15 05:34:00,227.0,228.0,227.0,227.0,134386.92371701
2020-04-15 05:35:00,227.0,228.0,227.0,227.0,108002.6344789
2020-04-15 05:36:00,227.0,228.0,226.0,227.0,98852.71046901
2020-04-15 05:37:00,228.0,228.0,227.0,227.0,3002.0
2020-04-15 05:38:00,226.0,227.0,226.0,227.0,306456.4894204
2020-04-15 05:39:00,226.0,227.0,226.0,227.0,1000.85333
2020-04-15 05:40:00,227.0,227.0,227.0,227.0,69.11581654
2020-04-15 05:42:00,227.0,227.0,226.0,226.0,32323.373883
2020-04-15 05:43:00,227.0,227.0,226.0,227.0,52323.09047809
2020-04-15 05:44:00,227.0,227.0,226.0,227.0,6560.25592674
2020-04-15 05:45:00,226.0,227.0,226.0,227.0,32379.88785899
2020-04-15 05:46:00,226.0,227.0,226.0,227.0,508.20842914
2020-04-15 05:49:00,226.0,227.0,226.0,226.0,43727.18159763
2020-04-15 05:50:00,227.0,227.0,227.0,227.0,1.0
2020-04-15 05:51:00,227.0,227.0,226.0,227.0,705.25904728
2020-04-15 05:52:00,226.0,227.0,226.0,227.0,3.35333
2020-04-15 05:53:00,226.0,227.0,226.0,226.0,44.6722938
2020-04-15 05:54:00,227.0,227.0,226.0,226.0,2538.81078614
2020-04-15 05:55:00,227.0,227.0,227.0,227.0,22.879762
2020-04-15 05:56:00,226.0,227.0,226.0,227.0,1891.21102204
2020-04-15 05:57:00,226.0,227.0,226.0,227.0,1107.43073344
2020-04-15 05:58:00,227.0,227.0,226.0,227.0,17820.36651942
2020-04-15 05:59:00,227.0,227.0,226.0,227.0,8.0
2020-04-15 06:02:00,226.0,227.0,226.0,227.0,645.61833846
2020-04-15 06:04:00,227.0,227.0,227.0,227.0,303.29328727
2020-04-15 06:05:00,226.0,227.0,226.0,227.0,6371.80853448
2020-04-15 06:06:00,227.0,227.0,227.0,227.0,22.026432
2020-04-15 06:07:00,226.0,227.0,226.0,227.0,820.85333
2020-04-15 06:09:00,226.0,227.0,226.0,227.0,215293.94504913
2020-04-15 06:10:00,226.0,226.0,226.0,226.0,6977.82549773
2020-04-15 06:11:00,227.0,227.0,225.0,227.0,12.0123213
2020-04-15 06:12:00,226.0,227.0,226.0,227.0,13.8924549
2020-04-15 06:13:00,226.0,226.0,226.0,226.0,2.24663678
2020-04-15 06:14:00,227.0,227.0,226.0,226.0,11352.75136552
2020-04-15 06:15:00,226.0,227.0,226.0,226.0,1110.53522072
2020-04-15 06:16:00,227.0,227.0,226.0,226.0,4.50375676
2020-04-15 06:23:00,227.0,227.0,226.0,226.0,4.50375676
2020-04-15 06:25:00,227.0,227.0,226.0,226.0,35777.28808398
2020-04-15 06:26:00,227.0,227.0,226.0,226.0,95.11922061
2020-04-15 06:31:00,226.0,226.0,226.0,226.0,2607.80260266
2020-04-15 06:32:00,227.0,227.0,226.0,226.0,4906.04041014
2020-04-15 06:33:00,226.0,226.0,226.0,226.0,729.51523421
2020-04-15 06:34:00,226.0,227.0,226.0,227.0,5489.07070029
2020-04-15 06:35:00,226.0,226.0,226.0,226.0,4.53393666
2020-04-15 06:38:00,227.0,227.0,226.0,226.0,58346.07136471
2020-04-15 06:39:00,226.0,227.0,226.0,226.0,2428.87470251
2020-04-15 06:41:00,227.0,227.0,226.0,226.0,20398.47209367
2020-04-15 06:42:00,226.0,226.0,226.0,226.0,24.8447475
2020-04-15 06:43:00,226.0,226.0,226.0,226.0,2.25675676
2020-04-15 06:44:00,226.0,227.0,226.0,226.0,3033.12063714
2020-04-15 06:45:00,226.0,227.0,226.0,226.0,18.00572509
2020-04-15 06:46:00,227.0,227.0,226.0,226.0,442.78539112
2020-04-15 06:47:00,226.0,227.0,226.0,227.0,43.2376724
2020-04-15 06:48:00,226.0,226.0,226.0,226.0,2.26696833
2020-04-15 06:49:00,227.0,227.0,226.0,226.0,246.11312068
2020-04-15 06:51:00,227.0,227.0,226.0,226.0,1323.19240869
2020-04-15 06:52:00,227.0,227.0,226.0,226.0,4.51396833
2020-04-15 06:56:00,227.0,227.0,227.0,227.0,2.25
2020-04-15 06:57:00,226.0,226.0,226.0,226.0,2.26696833
2020-04-15 06:58:00,227.0,227.0,226.0,226.0,4.48142636
2020-04-15 06:59:00,226.0,226.0,226.0,226.0,47.78750975
2020-04-15 07:00:00,226.0,227.0,226.0,227.0,2049.92923008
2020-04-15 07:01:00,226.0,227.0,226.0,226.0,119.61021739
2020-04-15 07:02:00,227.0,227.0,226.0,226.0,4.52275676
2020-04-15 07:04:00,227.0,227.0,226.0,226.0,1573.20281477
2020-04-15 07:05:00,226.0,226.0,226.0,226.0,7477.8761062
2020-04-15 07:07:00,227.0,227.0,226.0,226.0,4914.93661598
2020-04-15 07:08:00,227.0,227.0,226.0,226.0,22034.22797602
2020-04-15 07:13:00,227.0,227.0,227.0,227.0,18042.23879248
2020-04-15 07:14:00,227.0,227.0,226.0,226.0,23875.8947926
2020-04-15 07:15:00,226.0,227.0,226.0,226.0,1327.31721006
2020-04-15 07:16:00,227.0,227.0,226.0,226.0,32.46191849
2020-04-15 07:17:00,227.0,227.0,226.0,226.0,5696.21044577
2020-04-15 07:19:00,227.0,227.0,226.0,227.0,107105.94720228
2020-04-15 07:20:00,226.0,227.0,226.0,226.0,97397.3539511
2020-04-15 07:21:00,227.0,227.0,226.0,226.0,27723.46172578
2020-04-15 07:22:00,226.0,226.0,226.0,226.0,11.30420694
2020-04-15 07:23:00,227.0,227.0,226.0,226.0,33557.26354891
2020-04-15 07:24:00,226.0,226.0,226.0,226.0,11.29399537
2020-04-15 07:25:00,227.0,227.0,226.0,226.0,4.49375676
2020-04-15 07:26:00,227.0,227.0,226.0,226.0,37986.88639821
2020-04-15 07:28:00,227.0,228.0,226.0,228.0,262116.68564067
2020-04-15 07:29:00,227.0,228.0,227.0,228.0,114.40328216
2020-04-15 07:30:00,227.0,228.0,227.0,227.0,92.95161666
2020-04-15 07:31:00,228.0,228.0,227.0,227.0,31731.63357836
2020-04-15 07:32:00,228.0,228.0,227.0,227.0,14838.36845269
2020-04-15 07:33:00,227.0,228.0,227.0,227.0,44054.55470017
2020-04-15 07:34:00,227.0,228.0,227.0,227.0,109.54708546
2020-04-15 07:35:00,228.0,228.0,227.0,227.0,105.67676728
2020-04-15 07:36:00,228.0,228.0,227.0,228.0,562.92414478
2020-04-15 07:37:00,227.0,228.0,227.0,228.0,941.77577317
2020-04-15 07:38:00,227.0,228.0,227.0,227.0,30.3022843
2020-04-15 07:39:00,228.0,228.0,227.0,228.0,95.62453768
2020-04-15 07:40:00,227.0,228.0,227.0,227.0,38.41809439
2020-04-15 07:41:00,227.0,228.0,227.0,227.0,42.9228207
2020-04-15 07:42:00,227.0,228.0,227.0,228.0,23395.93542882
2020-04-15 07:43:00,227.0,228.0,227.0,227.0,6.77051352
2020-04-15 07:44:00,227.0,228.0,227.0,228.0,130836.14305959
2020-04-15 07:45:00,227.0,227.0,226.0,226.0,117132.88271844
2020-04-15 07:46:00,227.0,228.0,226.0,228.0,38886.17719263
2020-04-15 07:47:00,227.0,228.0,226.0,226.0,80506.42176406
2020-04-15 07:48:00,227.0,227.0,226.0,226.0,2943.73018278
2020-04-15 07:50:00,227.0,227.0,226.0,226.0,156349.75983685
2020-04-15 07:51:00,227.0,227.0,226.0,227.0,50098.257
2020-04-15 07:52:00,226.0,227.0,226.0,226.0,57.88144751
2020-04-15 07:53:00,227.0,227.0,226.0,227.0,4035.03289931
2020-04-15 07:54:00,226.0,227.0,226.0,226.0,27.70605983
2020-04-15 07:56:00,227.0,227.0,226.0,226.0,5766.64582323
2020-04-15 07:58:00,226.0,227.0,226.0,227.0,6762.33509236
2020-04-15 07:59:00,227.0,227.0,227.0,227.0,500.0
2020-04-15 08:00:00,226.0,226.0,226.0,226.0,2.29816514
2020-04-15 08:01:00,227.0,227.0,226.0,227.0,10852.31125569
2020-04-15 08:02:00,228.0,228.0,227.0,227.0,29461.69365124
2020-04-15 08:03:00,228.0,228.0,227.0,227.0,197.72033881
2020-04-15 08:04:00,228.0,228.0,227.0,227.0,109.57497515
2020-04-15 08:05:00,228.0,228.0,227.0,227.0,18204.36538325
2020-04-15 08:06:00,228.0,228.0,227.0,227.0,1859.00883136
2020-04-15 08:07:00,227.0,228.0,227.0,227.0,20666.77801092
2020-04-15 08:08:00,228.0,228.0,227.0,228.0,37476.01059844
2020-04-15 08:09:00,228.0,228.0,227.0,227.0,2627.16641271
2020-04-15 08:10:00,228.0,228.0,227.0,227.0,3199.76561209
2020-04-15 08:11:00,228.0,228.0,227.0,227.0,1200.41449099
2020-04-15 08:12:00,228.0,228.0,227.0,227.0,10046.98158648
2020-04-15 08:13:00,228.0,228.0,227.0,228.0,3860.79798878
2020-04-15 08:14:00,227.0,228.0,227.0,228.0,23638.12288861
2020-04-15 08:15:00,227.0,228.0,227.0,228.0,3353.18926839
2020-04-15 08:16:00,228.0,228.0,227.0,228.0,269.24729177
2020-04-15 08:17:00,228.0,228.0,228.0,228.0,15.10118814
2020-04-15 08:18:00,228.0,228.0,227.0,228.0,67.73859761
2020-04-15 08:19:00,228.0,228.0,228.0,228.0,20.61107222
2020-04-15 08:20:00,228.0,228.0,227.0,228.0,4951.26351337
2020-04-15 08:21:00,227.0,228.0,227.0,228.0,133.58884307
2020-04-15 08:23:00,227.0,228.0,227.0,228.0,57.0121215
2020-04-15 08:24:00,228.0,228.0,227.0,228.0,15.39265256
2020-04-15 08:25:00,228.0,228.0,227.0,228.0,9388.71127
2020-04-15 08:26:00,228.0,228.0,228.0,228.0,6875.21698241
2020-04-15 08:27:00,227.0,228.0,227.0,228.0,27.0
2020-04-15 08:28:00,228.0,228.0,228.0,228.0,734.97023418
2020-04-15 08:29:00,227.0,228.0,227.0,228.0,1146.78217577
2020-04-15 08:30:00,228.0,228.0,228.0,228.0,90.9898667
2020-04-15 08:32:00,228.0,228.0,227.0,227.0,81.63984227
2020-04-15 08:33:00,228.0,228.0,228.0,228.0,2.27
2020-04-15 08:34:00,227.0,228.0,227.0,228.0,29517.43984439
2020-04-15 08:35:00,228.0,228.0,228.0,228.0,7913.40255723
2020-04-15 08:36:00,227.0,228.0,227.0,228.0,82062.04444432
2020-04-15 08:37:00,228.0,228.0,227.0,228.0,916.31286061
2020-04-15 08:38:00,228.0,228.0,228.0,228.0,100.0
2020-04-15 08:39:00,227.0,228.0,227.0,227.0,15.5
2020-04-15 08:40:00,228.0,228.0,227.0,228.0,17160.47091128
2020-04-15 08:41:00,228.0,228.0,227.0,228.0,110.60078554
2020-04-15 08:42:00,227.0,228.0,227.0,228.0,55056.82377413
2020-04-15 08:43:00,228.0,228.0,227.0,227.0,21017.37168886
2020-04-15 08:44:00,228.0,228.0,227.0,228.0,35.4032737
2020-04-15 08:45:00,228.0,228.0,227.0,228.0,3193.60096057
2020-04-15 08:47:00,228.0,228.0,227.0,228.0,35.75555554
2020-04-15 08:48:00,228.0,228.0,228.0,228.0,16.7777777
2020-04-15 08:49:00,228.0,228.0,228.0,228.0,2643.0614035
2020-04-15 08:50:00,227.0,228.0,226.0,227.0,53032.91815877
2020-04-15 08:51:00,227.0,227.0,227.0,227.0,22.026432
2020-04-15 08:52:00,226.0,227.0,226.0,227.0,4.49363678
2020-04-15 08:54:00,227.0,227.0,226.0,227.0,18707.33838766
2020-04-15 08:55:00,227.0,227.0,226.0,227.0,18682.67601562
2020-04-15 08:56:00,227.0,228.0,226.0,228.0,102443.82936535
2020-04-15 08:57:00,228.0,228.0,227.0,228.0,59001.33725055
2020-04-15 08:58:00,228.0,228.0,228.0,228.0,35.63333323
2020-04-15 08:59:00,227.0,228.0,227.0,228.0,15375.21143964
2020-04-15 16:48:00,229.0,230.0,229.0,230.0,157767.94154002
2020-04-15 16:51:00,229.0,230.0,229.0,229.0,920.7056622
2020-04-15 16:52:00,230.0,230.0,229.0,230.0,21874.35501918
2020-04-15 16:53:00,229.0,230.0,229.0,230.0,1196.19454995
2020-04-15 16:54:00,229.0,229.0,229.0,229.0,2.21615721
2020-04-15 16:55:00,229.0,229.0,229.0,229.0,261338.3873421
2020-04-15 16:56:00,229.0,229.0,229.0,229.0,35279.81751976
2020-04-15 16:57:00,229.0,229.0,228.0,229.0,1519.46505211
2020-04-15 16:58:00,229.0,229.0,228.0,228.0,6566.14584968
2020-04-15 16:59:00,229.0,229.0,229.0,229.0,1092.84962893
2020-04-15 17:00:00,229.0,229.0,228.0,228.0,1173.36244541
2020-04-15 17:01:00,229.0,229.0,228.0,228.0,2558.00455666
2020-04-15 17:02:00,228.0,229.0,228.0,229.0,42785.7233507
2020-04-15 17:03:00,229.0,229.0,228.0,228.0,12255.29876981
2020-04-15 17:04:00,228.0,229.0,228.0,228.0,14341.77014622
2020-04-15 17:05:00,228.0,228.0,228.0,228.0,7871.36916299
2020-04-15 17:06:00,229.0,229.0,229.0,229.0,3059.51702667
2020-04-15 17:07:00,228.0,229.0,228.0,229.0,4510.44029311
2020-04-15 17:08:00,228.0,229.0,228.0,229.0,42108.00113122
2020-04-15 17:09:00,229.0,229.0,229.0,229.0,18.18
2020-04-15 17:10:00,229.0,229.0,229.0,229.0,67266.48902622
2020-04-15 17:11:00,229.0,229.0,229.0,229.0,7237.25037043
2020-04-15 17:12:00,229.0,229.0,229.0,229.0,13332.58698161
2020-04-15 17:14:00,229.0,229.0,229.0,229.0,6624.53930131
2020-04-15 17:15:00,228.0,228.0,228.0,228.0,1400.0
2020-04-15 17:18:00,228.0,228.0,228.0,228.0,10817.3580786
2020-04-15 17:19:00,229.0,229.0,229.0,229.0,1594.37311911
2020-04-15 17:20:00,229.0,229.0,229.0,229.0,425338.81967311
2020-04-15 17:21:00,229.0,229.0,229.0,229.0,26608.98435061
2020-04-15 17:23:00,229.0,229.0,228.0,229.0,7718.14429465
2020-04-15 17:25:00,229.0,229.0,228.0,228.0,1090.70209696
2020-04-15 17:27:00,229.0,229.0,229.0,229.0,1086.95652173
2020-04-15 17:28:00,229.0,229.0,228.0,229.0,3148.25747802
2020-04-15 17:29:00,229.0,229.0,229.0,229.0,1086.95652173
2020-04-15 17:30:00,229.0,229.0,228.0,228.0,12661.84889214
2020-04-15 17:32:00,228.0,228.0,228.0,228.0,735.89193015
2020-04-15 17:34:00,229.0,229.0,228.0,228.0,465.00686682
2020-04-15 17:36:00,228.0,229.0,228.0,229.0,553.26747997
2020-04-15 17:37:00,228.0,228.0,228.0,228.0,627.35
2020-04-15 17:38:00,229.0,229.0,229.0,229.0,72.23462504
2020-04-15 17:39:00,229.0,229.0,228.0,228.0,75065.693711
2020-04-15 17:45:00,228.0,228.0,228.0,228.0,72057.44728509
2020-04-15 17:46:00,229.0,229.0,229.0,229.0,318.62008733
2020-04-15 17:47:00,228.0,228.0,228.0,228.0,2.28
2020-04-15 17:48:00,229.0,229.0,229.0,229.0,26023.1587263
2020-04-15 17:49:00,228.0,228.0,228.0,228.0,27.28713769
2020-04-15 17:51:00,228.0,228.0,228.0,228.0,150900.0
2020-04-15 17:52:00,228.0,228.0,228.0,228.0,105970.757
2020-04-15 17:53:00,228.0,228.0,227.0,227.0,619324.92283773
2020-04-15 17:54:00,228.0,228.0,228.0,228.0,57.5
2020-04-15 17:55:00,227.0,227.0,227.0,227.0,1782.35
2020-04-15 17:56:00,227.0,227.0,227.0,227.0,156.73303699
2020-04-15 17:57:00,228.0,228.0,228.0,228.0,1091.70305676
2020-04-15 17:59:00,227.0,227.0,227.0,227.0,2668.84805157
2020-04-15 18:00:00,227.0,228.0,227.0,228.0,7433.15748899
2020-04-15 18:01:00,227.0,227.0,227.0,227.0,3002.21615721
2020-04-15 18:03:00,228.0,228.0,227.0,227.0,95087.54938285
2020-04-15 18:08:00,227.0,228.0,227.0,228.0,19005.11843334
2020-04-15 18:10:00,227.0,227.0,227.0,227.0,10.0
2020-04-15 18:11:00,227.0,227.0,227.0,227.0,520.0
2020-04-15 18:12:00,228.0,228.0,227.0,227.0,4302.52947768
2020-04-15 18:13:00,228.0,228.0,228.0,228.0,5384.1118421
2020-04-15 18:14:00,228.0,228.0,227.0,227.0,2826.3665254
2020-04-15 18:15:00,228.0,228.0,227.0,227.0,4967.96491228
2020-04-15 18:16:00,227.0,227.0,227.0,227.0,68908.44493123
2020-04-15 18:17:00,227.0,227.0,227.0,227.0,1400.0
2020-04-15 18:18:00,228.0,228.0,228.0,228.0,5635.01582542
2020-04-15 18:19:00,228.0,228.0,228.0,228.0,20000.0
2020-04-15 18:20:00,227.0,227.0,227.0,227.0,10900.0
2020-04-15 18:21:00,227.0,228.0,227.0,228.0,1718.12905799
2020-04-15 18:22:00,228.0,228.0,228.0,228.0,18125.34960588
2020-04-15 18:23:00,228.0,228.0,228.0,228.0,45065.982689
2020-04-15 18:24:00,228.0,228.0,228.0,228.0,6402.67646878
2020-04-15 18:25:00,228.0,228.0,227.0,227.0,3029.58833333
2020-04-15 18:27:00,228.0,228.0,228.0,228.0,10.0
2020-04-15 18:28:00,228.0,228.0,227.0,227.0,9243.3870911
2020-04-15 18:31:00,227.0,227.0,227.0,227.0,8386.02427058
2020-04-15 18:34:00,228.0,228.0,228.0,228.0,13178.29024127
2020-04-15 18:37:00,227.0,227.0,227.0,227.0,101.20852535
2020-04-15 18:38:00,227.0,227.0,227.0,227.0,3750.0
2020-04-15 18:39:00,227.0,228.0,227.0,228.0,13887.10444328
2020-04-15 18:41:00,227.0,227.0,227.0,227.0,37411.39
2020-04-15 18:42:00,227.0,227.0,227.0,227.0,217.28695652
2020-04-15 18:46:00,227.0,228.0,227.0,227.0,16850.78960837
2020-04-15 18:48:00,227.0,227.0,227.0,227.0,1875.0
2020-04-15 18:49:00,227.0,227.0,227.0,227.0,3773.700753
2020-04-15 18:50:00,227.0,227.0,227.0,227.0,499.99400019
2020-04-15 18:51:00,228.0,228.0,228.0,228.0,530.63815789
2020-04-15 18:52:00,228.0,228.0,228.0,228.0,42137.46258449
2020-04-15 18:53:00,228.0,228.0,227.0,227.0,4167.70305676
2020-04-15 18:54:00,227.0,228.0,227.0,227.0,6118.27467269
2020-04-15 18:55:00,228.0,228.0,227.0,227.0,1094.70305676
2020-04-15 18:56:00,227.0,227.0,227.0,227.0,853.63157894
2020-04-15 18:58:00,227.0,228.0,227.0,228.0,1561.02212051
2020-04-15 18:59:00,228.0,228.0,228.0,228.0,85.17670989
2020-04-15 19:00:00,228.0,228.0,228.0,228.0,584.64775314
2020-04-15 19:01:00,227.0,228.0,227.0,228.0,4458.21760172
2020-04-15 19:03:00,228.0,228.0,227.0,228.0,2403.15185676
2020-04-15 19:04:00,227.0,228.0,227.0,228.0,11734.08552631
2020-04-15 19:05:00,227.0,228.0,227.0,228.0,313316.39833715
2020-04-15 19:06:00,227.0,228.0,227.0,228.0,4680.12872472
2020-04-15 19:07:00,229.0,229.0,228.0,229.0,955.80800775
2020-04-15 19:08:00,228.0,228.0,228.0,228.0,2.231
2020-04-15 19:09:00,229.0,229.0,228.0,228.0,11567.66246533
2020-04-15 19:10:00,229.0,229.0,228.0,228.0,21837.36387486
2020-04-15 19:11:00,229.0,229.0,228.0,228.0,3502.222222
2020-04-15 19:14:00,229.0,229.0,229.0,229.0,13104.7969465
2020-04-15 19:15:00,228.0,228.0,228.0,228.0,4381.4135
2020-04-15 19:19:00,229.0,229.0,228.0,229.0,1151.29479899
2020-04-15 19:20:00,229.0,229.0,228.0,229.0,46868.73759767
2020-04-15 19:21:00,229.0,229.0,228.0,229.0,35242.33609173
2020-04-15 19:22:00,228.0,229.0,228.0,229.0,8188.21350224
2020-04-15 19:23:00,229.0,229.0,228.0,229.0,1209.29299154
2020-04-15 19:24:00,228.0,229.0,228.0,228.0,7843.15837269
2020-04-15 19:25:00,229.0,229.0,228.0,228.0,5477.47581637
2020-04-15 19:26:00,229.0,229.0,228.0,228.0,26127.83317948
2020-04-15 19:27:00,229.0,229.0,228.0,229.0,366496.36108347
2020-04-15 19:28:00,228.0,229.0,228.0,228.0,21568.17124175
2020-04-15 19:29:00,229.0,229.0,228.0,228.0,1269.35844173
2020-04-15 19:30:00,229.0,229.0,228.0,228.0,3384.57558775
2020-04-15 19:31:00,229.0,229.0,228.0,229.0,4316.61227978
2020-04-15 19:32:00,229.0,229.0,229.0,229.0,2673.1832385
2020-04-15 19:33:00,228.0,228.0,228.0,228.0,10.124215
2020-04-15 19:34:00,229.0,229.0,228.0,228.0,1181.45007627
2020-04-15 19:35:00,228.0,228.0,228.0,228.0,10.0
2020-04-15 19:38:00,229.0,229.0,228.0,228.0,8802.2352
2020-04-15 19:39:00,228.0,228.0,228.0,228.0,500.0
2020-04-15 19:40:00,229.0,229.0,228.0,228.0,215.9089
2020-04-15 19:41:00,229.0,229.0,229.0,229.0,28.3
2020-04-15 19:42:00,228.0,229.0,228.0,228.0,23.063345
2020-04-15 19:43:00,228.0,228.0,228.0,228.0,6281.74384678
2020-04-15 19:46:00,228.0,228.0,227.0,227.0,1007259.61792006
2020-04-15 19:47:00,228.0,228.0,228.0,228.0,2437.69817402
2020-04-15 19:48:00,228.0,228.0,227.0,227.0,10924.61769871
2020-04-15 19:49:00,228.0,228.0,227.0,227.0,242667.46652775
2020-04-15 19:50:00,228.0,228.0,227.0,227.0,1334960.6315543
2020-04-15 19:51:00,227.0,228.0,226.0,227.0,82451.60924839
2020-04-15 19:52:00,228.0,228.0,228.0,228.0,11738.65558514
2020-04-15 19:53:00,228.0,228.0,227.0,228.0,49800.8248681
2020-04-15 19:54:00,227.0,228.0,227.0,227.0,3005.69083425
2020-04-15 19:55:00,228.0,228.0,227.0,228.0,13188.5203245
2020-04-15 19:56:00,228.0,228.0,228.0,228.0,616.94152923
2020-04-15 19:57:00,227.0,228.0,227.0,228.0,151.123
2020-04-15 19:59:00,227.0,228.0,227.0,227.0,333909.66379696
2020-04-15 20:00:00,227.0,227.0,226.0,227.0,365034.41879689
2020-04-15 20:02:00,227.0,228.0,227.0,228.0,140207.75560318
2020-04-15 20:03:00,227.0,228.0,226.0,227.0,101181.53444462
2020-04-15 20:04:00,226.0,227.0,226.0,227.0,8784.39471365
2020-04-15 20:05:00,227.0,227.0,226.0,226.0,6380.6125802
2020-04-15 20:06:00,227.0,227.0,226.0,227.0,670995.0960736
2020-04-15 20:07:00,226.0,227.0,226.0,227.0,222.2809411
2020-04-15 20:08:00,226.0,227.0,226.0,227.0,3109.411019
2020-04-15 20:10:00,227.0,227.0,226.0,226.0,8718.72458415
2020-04-15 20:11:00,226.0,227.0,226.0,227.0,6899.92023967
2020-04-15 20:12:00,227.0,227.0,226.0,227.0,42338.08643239
2020-04-15 20:13:00,227.0,227.0,226.0,227.0,227.56742041
2020-04-15 20:14:00,226.0,227.0,226.0,227.0,10.7
2020-04-15 20:15:00,227.0,227.0,226.0,227.0,1564.47233436
2020-04-15 20:16:00,226.0,227.0,226.0,226.0,46385.36168422
2020-04-15 20:17:00,227.0,227.0,227.0,227.0,2.35
2020-04-15 20:18:00,226.0,227.0,226.0,226.0,5883.10425935
2020-04-15 20:19:00,226.0,227.0,226.0,227.0,116238.96194209
2020-04-15 20:20:00,227.0,227.0,226.0,226.0,772.22774807
2020-04-15 20:21:00,226.0,227.0,225.0,225.0,1210674.36617952
2020-04-15 20:22:00,226.0,227.0,225.0,227.0,384065.48839767
2020-04-15 20:23:00,226.0,227.0,226.0,226.0,126160.73009262
2020-04-15 20:24:00,225.0,226.0,225.0,226.0,6011.29914827
2020-04-15 20:25:00,226.0,226.0,226.0,226.0,137.16814159
2020-04-15 20:26:00,226.0,226.0,225.0,225.0,227.61
2020-04-15 20:27:00,226.0,226.0,225.0,226.0,50016.38955752
2020-04-15 20:28:00,226.0,226.0,226.0,226.0,108410.06045649
2020-04-15 20:29:00,226.0,226.0,225.0,226.0,13148.35882659
2020-04-15 20:30:00,226.0,227.0,226.0,227.0,87580.37877182
2020-04-15 20:31:00,226.0,227.0,226.0,226.0,40070.15725038
2020-04-15 20:32:00,227.0,227.0,226.0,227.0,14879.143
2020-04-15 20:33:00,226.0,227.0,226.0,226.0,12686.84
2020-04-15 20:34:00,227.0,227.0,226.0,227.0,400011.15206211
2020-04-15 20:35:00,226.0,226.0,225.0,226.0,22971.34259373
2020-04-15 20:36:00,226.0,227.0,226.0,227.0,370962.37678437
2020-04-15 20:37:00,226.0,227.0,226.0,227.0,4.46
2020-04-15 20:38:00,227.0,227.0,226.0,227.0,59.72517301
2020-04-15 20:39:00,227.0,227.0,227.0,227.0,39627.7632109
2020-04-15 20:41:00,227.0,227.0,227.0,227.0,9070.35469049
2020-04-15 20:42:00,226.0,226.0,226.0,226.0,180.15887948
2020-04-15 20:43:00,226.0,227.0,226.0,227.0,246520.10087252
2020-04-15 20:44:00,227.0,227.0,226.0,227.0,1208.35229875
2020-04-15 20:45:00,226.0,227.0,226.0,227.0,13688.37820134
2020-04-15 20:46:00,227.0,227.0,227.0,227.0,48.4449408
2020-04-15 20:47:00,227.0,227.0,227.0,227.0,47.0
2020-04-15 20:48:00,226.0,227.0,226.0,227.0,6.0
2020-04-15 20:50:00,227.0,227.0,226.0,226.0,53.0
2020-04-15 20:51:00,227.0,227.0,226.0,227.0,26107.34328917
2020-04-15 20:52:00,227.0,227.0,226.0,226.0,15276.3460112
2020-04-15 20:53:00,227.0,227.0,226.0,227.0,671.30754288
2020-04-15 20:54:00,226.0,227.0,226.0,227.0,2232.06863427
2020-04-15 20:55:00,227.0,227.0,226.0,226.0,17275.69041744
2020-04-15 20:56:00,227.0,227.0,226.0,227.0,1642.27784445
2020-04-15 20:57:00,227.0,227.0,227.0,227.0,22.026432
2020-04-15 20:58:00,226.0,227.0,226.0,226.0,76103.69164073
2020-04-15 20:59:00,227.0,227.0,227.0,227.0,0.85
2020-04-16 03:51:00,225.0,226.0,225.0,225.0,157.42457719
2020-04-16 03:52:00,226.0,226.0,225.0,226.0,7360.757924
2020-04-16 03:53:00,226.0,226.0,225.0,225.0,98522.9326
2020-04-16 03:54:00,225.0,226.0,225.0,225.0,879.68433458
2020-04-16 03:57:00,226.0,226.0,225.0,225.0,2935.78948059
2020-04-16 03:59:00,225.0,226.0,225.0,226.0,4324.52883094
2020-04-16 04:00:00,225.0,225.0,225.0,225.0,4029.38146032
2020-04-16 04:02:00,225.0,225.0,225.0,225.0,306142.84892951
2020-04-16 04:03:00,225.0,225.0,225.0,225.0,14050.8443
2020-04-16 04:04:00,226.0,226.0,225.0,225.0,9982.04115384
2020-04-16 04:05:00,225.0,225.0,225.0,225.0,83595.74097772
2020-04-16 04:06:00,225.0,225.0,224.0,225.0,93012.0952079
2020-04-16 04:07:00,225.0,225.0,225.0,225.0,11348.07677593
2020-04-16 04:08:00,225.0,225.0,225.0,225.0,568.4091
2020-04-16 04:09:00,225.0,225.0,224.0,225.0,20553.77303626
2020-04-16 04:10:00,225.0,225.0,225.0,225.0,14521.03013695
2020-04-16 04:11:00,225.0,225.0,225.0,225.0,4789.12907523
2020-04-16 04:13:00,225.0,225.0,225.0,225.0,6983.80343044
2020-04-16 04:14:00,225.0,225.0,225.0,225.0,1716.19656956
2020-04-16 04:15:00,226.0,226.0,226.0,226.0,4510.66944403
2020-04-16 04:17:00,226.0,226.0,226.0,226.0,2711.46064155
2020-04-16 04:18:00,225.0,225.0,225.0,225.0,2000.0
2020-04-16 04:21:00,225.0,225.0,225.0,225.0,7974.18540455
2020-04-16 04:23:00,225.0,226.0,225.0,226.0,1106.19469026
2020-04-16 04:28:00,226.0,226.0,226.0,226.0,22.123894
2020-04-16 04:33:00,225.0,225.0,225.0,225.0,1402.51564884
2020-04-16 04:34:00,225.0,225.0,225.0,225.0,2029.0
2020-04-16 04:35:00,225.0,226.0,225.0,226.0,1106.19469026
2020-04-16 04:37:00,225.0,225.0,225.0,225.0,4444.44444445
2020-04-16 04:38:00,225.0,225.0,225.0,225.0,45319.96446791
2020-04-16 04:39:00,225.0,225.0,225.0,225.0,15810.89862226
2020-04-16 04:40:00,225.0,225.0,224.0,225.0,167.25564661
2020-04-16 04:41:00,224.0,225.0,224.0,225.0,214.25009105
2020-04-16 04:42:00,225.0,225.0,225.0,225.0,38534.8934
2020-04-16 04:43:00,224.0,224.0,224.0,224.0,33.0
2020-04-16 04:45:00,225.0,226.0,224.0,224.0,1734.19469026
2020-04-16 04:46:00,225.0,225.0,225.0,225.0,13196.7989
2020-04-16 04:47:00,225.0,226.0,225.0,225.0,1109.19469026
2020-04-16 04:59:00,225.0,225.0,225.0,225.0,5911.54903553
2020-04-16 05:00:00,225.0,225.0,225.0,225.0,29508.07869591
2020-04-16 05:01:00,225.0,225.0,225.0,225.0,22.222222
2020-04-16 05:06:00,225.0,225.0,225.0,225.0,5184.72191011
2020-04-16 05:07:00,225.0,225.0,225.0,225.0,4.408e-05
2020-04-16 05:09:00,226.0,226.0,225.0,225.0,154.80462865
2020-04-16 05:10:00,226.0,226.0,226.0,226.0,47818.38466731
2020-04-16 05:11:00,225.0,225.0,225.0,225.0,21509.90425531
2020-04-16 05:15:00,226.0,226.0,225.0,225.0,4424.186315
2020-04-16 05:18:00,226.0,226.0,225.0,225.0,651.1
2020-04-16 05:19:00,226.0,226.0,225.0,225.0,2277.8815
2020-04-16 05:20:00,226.0,226.0,226.0,226.0,6538.4
2020-04-16 05:21:00,226.0,226.0,225.0,225.0,4119.6
2020-04-16 05:22:00,226.0,226.0,226.0,226.0,64159.668307
2020-04-16 05:23:00,226.0,226.0,225.0,226.0,23028.572335
2020-04-16 05:24:00,226.0,226.0,225.0,226.0,12715.5637
2020-04-16 05:25:00,226.0,226.0,226.0,226.0,2451.8522
2020-04-16 05:26:00,226.0,226.0,226.0,226.0,3204.9498
2020-04-16 05:27:00,225.0,225.0,225.0,225.0,3.0
2020-04-16 05:29:00,226.0,226.0,226.0,226.0,17810.605228
2020-04-16 05:30:00,225.0,225.0,225.0,225.0,3.0
2020-04-16 05:32:00,226.0,226.0,226.0,226.0,58113.24308
2020-04-16 05:33:00,226.0,226.0,225.0,226.0,9675.911493
2020-04-16 05:34:00,226.0,226.0,226.0,226.0,20715.409794
2020-04-16 05:36:00,226.0,226.0,226.0,226.0,5331.93888761
2020-04-16 05:37:00,226.0,226.0,226.0,226.0,162114.90411592
2020-04-16 05:38:00,226.0,226.0,226.0,226.0,6547.0
2020-04-16 05:39:00,225.0,226.0,225.0,226.0,27249.7130811
2020-04-16 05:40:00,226.0,226.0,226.0,226.0,11987.889799
2020-04-16 05:41:00,226.0,226.0,225.0,226.0,56676.7632
2020-04-16 05:42:00,226.0,226.0,225.0,225.0,103115.17920354
2020-04-16 05:43:00,226.0,226.0,226.0,226.0,12330.0
2020-04-16 05:44:00,226.0,226.0,226.0,226.0,902.16838483
2020-04-16 05:45:00,226.0,226.0,226.0,226.0,66.34956877
2020-04-16 05:46:00,226.0,226.0,226.0,226.0,552.82079646
2020-04-16 05:47:00,225.0,225.0,225.0,225.0,5573.77150021
2020-04-16 05:51:00,226.0,226.0,226.0,226.0,993.9814
2020-04-16 05:52:00,226.0,226.0,226.0,226.0,6753.5286
2020-04-16 05:53:00,226.0,226.0,226.0,226.0,328.539823
2020-04-16 05:54:00,226.0,226.0,226.0,226.0,6189.61759946
2020-04-16 05:55:00,226.0,226.0,226.0,226.0,1512.86757885
2020-04-16 05:56:00,226.0,226.0,226.0,226.0,22.123894
2020-04-16 05:57:00,226.0,226.0,226.0,226.0,2287.548819
2020-04-16 05:59:00,226.0,226.0,226.0,226.0,121796.08459939
2020-04-16 06:01:00,226.0,226.0,225.0,225.0,456.9484
2020-04-16 06:02:00,225.0,225.0,225.0,225.0,3.0
2020-04-16 06:08:00,226.0,226.0,226.0,226.0,312.5
2020-04-16 06:10:00,226.0,226.0,225.0,226.0,14793.5
2020-04-16 06:11:00,225.0,225.0,225.0,225.0,3.0
2020-04-16 06:12:00,226.0,226.0,226.0,226.0,4.42477876
2020-04-16 06:13:00,225.0,225.0,225.0,225.0,3.0
2020-04-16 06:16:00,226.0,226.0,225.0,226.0,47.1760351
2020-04-16 06:17:00,226.0,226.0,225.0,226.0,7004.71121907
2020-04-16 06:18:00,226.0,226.0,226.0,226.0,44.346116
2020-04-16 06:19:00,225.0,226.0,225.0,226.0,1110.12782694
2020-04-16 06:20:00,225.0,225.0,225.0,225.0,2.58833772
2020-04-16 06:21:00,225.0,226.0,225.0,226.0,23614.47866695
2020-04-16 06:25:00,225.0,225.0,225.0,225.0,243.064512
2020-04-16 06:26:00,226.0,226.0,226.0,226.0,223.3618194
2020-04-16 06:29:00,226.0,226.0,225.0,226.0,31572.75665978
2020-04-16 06:31:00,225.0,226.0,225.0,226.0,5035.59614873
2020-04-16 06:32:00,226.0,226.0,225.0,226.0,42387.17462822
2020-04-16 06:33:00,226.0,226.0,226.0,226.0,6.0
2020-04-16 06:35:00,226.0,226.0,225.0,226.0,90.70298527
2020-04-16 06:37:00,225.0,226.0,225.0,226.0,5.12288135
2020-04-16 06:40:00,225.0,226.0,225.0,226.0,49.46004005
2020-04-16 06:41:00,225.0,226.0,225.0,226.0,4602.10892476
2020-04-16 06:42:00,226.0,226.0,225.0,225.0,323648.21037036
2020-04-16 06:43:00,224.0,224.0,224.0,224.0,636.50178834
2020-04-16 06:45:00,225.0,225.0,224.0,224.0,49155.79747382
2020-04-16 06:49:00,224.0,224.0,224.0,224.0,24.02644831
2020-04-16 06:51:00,225.0,225.0,225.0,225.0,159.6065
2020-04-16 06:52:00,224.0,225.0,224.0,224.0,861.19770406
2020-04-16 06:54:00,225.0,225.0,224.0,224.0,4151.05562253
2020-04-16 06:55:00,225.0,225.0,224.0,224.0,30347.80734663
2020-04-16 06:59:00,225.0,225.0,224.0,224.0,1258.0
2020-04-16 07:07:00,224.0,224.0,224.0,224.0,1000.0
2020-04-16 07:08:00,224.0,224.0,224.0,224.0,1660.69323144
2020-04-16 07:13:00,224.0,224.0,224.0,224.0,951.54185022
2020-04-16 07:14:00,224.0,224.0,224.0,224.0,317.06369037
2020-04-16 07:15:00,224.0,224.0,224.0,224.0,15695.13488869
2020-04-16 07:21:00,224.0,224.0,224.0,224.0,1261.75833
2020-04-16 07:22:00,225.0,225.0,225.0,225.0,100.0
2020-04-16 07:23:00,225.0,225.0,224.0,224.0,1057.67048177
2020-04-16 07:26:00,225.0,225.0,224.0,224.0,12.74881518
2020-04-16 07:27:00,225.0,225.0,225.0,225.0,123615.72053193
2020-04-16 07:28:00,224.0,225.0,224.0,224.0,7.74881518
2020-04-16 07:30:00,225.0,225.0,224.0,225.0,1599.00887415
2020-04-16 07:31:00,224.0,224.0,224.0,224.0,48945.6431356
2020-04-16 07:32:00,224.0,224.0,224.0,224.0,25.8275862
2020-04-16 07:33:00,225.0,225.0,224.0,224.0,83161.2704736
2020-04-16 07:34:00,225.0,225.0,224.0,225.0,10181.38660046
2020-04-16 07:35:00,225.0,225.0,224.0,224.0,10176.09761514
2020-04-16 07:38:00,224.0,224.0,224.0,224.0,5310.0
2020-04-16 07:40:00,225.0,225.0,224.0,224.0,698.91951965
2020-04-16 07:41:00,225.0,225.0,225.0,225.0,44.42223332
2020-04-16 07:42:00,224.0,224.0,224.0,224.0,2.37440759
2020-04-16 07:44:00,225.0,225.0,224.0,224.0,11.26329647
2020-04-16 07:51:00,225.0,225.0,225.0,225.0,18.18
2020-04-16 07:52:00,224.0,224.0,224.0,224.0,2.36320755
2020-04-16 07:56:00,225.0,225.0,224.0,224.0,4422.10776234
2020-04-16 07:58:00,224.0,224.0,224.0,224.0,10.0
2020-04-16 07:59:00,224.0,224.0,224.0,224.0,9024.31636955
2020-04-16 08:00:00,225.0,225.0,224.0,224.0,102.37440759
2020-04-16 08:01:00,224.0,224.0,224.0,224.0,79196.17559691
2020-04-16 08:02:00,224.0,224.0,223.0,223.0,797230.48380884
2020-04-16 08:03:00,223.0,223.0,223.0,223.0,4669.64285714
2020-04-16 08:04:00,223.0,223.0,222.0,223.0,726651.81232381
2020-04-16 08:05:00,223.0,223.0,222.0,223.0,70108.14551323
2020-04-16 08:06:00,223.0,224.0,222.0,222.0,92142.54115515
2020-04-16 08:07:00,223.0,223.0,223.0,223.0,27210.31950392
2020-04-16 08:08:00,223.0,223.0,223.0,223.0,336.39013486
2020-04-16 08:09:00,223.0,223.0,222.0,222.0,25371.04462627
2020-04-16 08:10:00,223.0,223.0,222.0,222.0,48734.11938615
2020-04-16 08:12:00,223.0,223.0,222.0,222.0,163326.04044081
2020-04-16 08:13:00,222.0,223.0,222.0,222.0,113292.38145165
2020-04-16 08:14:00,222.0,222.0,222.0,222.0,112207.07904706
2020-04-16 08:15:00,222.0,223.0,222.0,222.0,114902.4784083
2020-04-16 08:16:00,222.0,222.0,222.0,222.0,206843.75449116
2020-04-16 08:17:00,222.0,222.0,221.0,221.0,287978.62820911
2020-04-16 08:18:00,221.0,222.0,221.0,222.0,530439.16892775
2020-04-16 08:19:00,221.0,221.0,221.0,221.0,119276.35412751
2020-04-16 08:20:00,221.0,222.0,221.0,222.0,751.00086277
2020-04-16 08:21:00,221.0,222.0,221.0,222.0,20626.55340715
2020-04-16 08:22:00,222.0,222.0,222.0,222.0,2416.28351294
2020-04-16 08:23:00,221.0,222.0,221.0,222.0,3277.21192289
2020-04-16 08:24:00,221.0,222.0,221.0,222.0,17030.3193092
2020-04-16 08:25:00,222.0,222.0,221.0,221.0,297851.31544204
2020-04-16 08:26:00,222.0,222.0,221.0,221.0,34072.4795777
2020-04-16 08:27:00,221.0,221.0,221.0,221.0,8602.73378588
2020-04-16 08:28:00,221.0,222.0,221.0,221.0,14234.0357709
2020-04-16 08:29:00,221.0,221.0,221.0,221.0,38.0
2020-04-16 08:30:00,221.0,222.0,221.0,221.0,139597.60974808
2020-04-16 08:31:00,222.0,222.0,222.0,222.0,18256.06259817
2020-04-16 08:32:00,222.0,222.0,222.0,222.0,749.09280944
2020-04-16 08:33:00,222.0,222.0,222.0,222.0,35964.06912664
2020-04-16 08:34:00,222.0,222.0,222.0,222.0,17203.08747156
2020-04-16 08:35:00,222.0,222.0,221.0,221.0,70921.03307383
2020-04-16 08:36:00,221.0,222.0,221.0,222.0,2525.38702876
2020-04-16 08:37:00,222.0,222.0,221.0,222.0,31599.08077285
2020-04-16 08:38:00,222.0,222.0,221.0,221.0,606952.51394019
2020-04-16 08:39:00,221.0,221.0,220.0,221.0,359053.67695547
2020-04-16 08:40:00,221.0,221.0,220.0,221.0,53226.9796032
2020-04-16 08:41:00,221.0,221.0,220.0,221.0,11880.94750879
2020-04-16 08:42:00,221.0,221.0,221.0,221.0,187246.74936394
2020-04-16 08:43:00,221.0,221.0,221.0,221.0,3834.55038888
2020-04-16 08:44:00,221.0,221.0,221.0,221.0,194296.44781869
2020-04-16 08:45:00,221.0,221.0,221.0,221.0,11100.11893393
2020-04-16 08:46:00,221.0,221.0,221.0,221.0,9577.33488901
2020-04-16 08:47:00,221.0,221.0,220.0,221.0,58623.93361642
2020-04-16 08:48:00,220.0,221.0,220.0,221.0,13242.12463568
2020-04-16 08:49:00,221.0,221.0,221.0,221.0,258167.449081
2020-04-16 08:50:00,222.0,222.0,221.0,221.0,34769.86045108
2020-04-16 08:51:00,221.0,222.0,221.0,222.0,33776.16908107
2020-04-16 08:52:00,222.0,222.0,222.0,222.0,10732.11470887
2020-04-16 08:53:00,222.0,222.0,221.0,221.0,21223.21931661
2020-04-16 08:54:00,221.0,222.0,221.0,222.0,5172.291
2020-04-16 08:55:00,222.0,222.0,221.0,221.0,75618.13470998
2020-04-16 08:56:00,222.0,222.0,222.0,222.0,7894.68463965
2020-04-16 08:57:00,222.0,222.0,222.0,222.0,20.0
2020-04-16 08:58:00,222.0,222.0,222.0,222.0,4730.7037157
2020-04-16 08:59:00,222.0,222.0,221.0,221.0,27467.455
2020-04-16 17:35:00,231.0,232.0,230.0,230.0,504076.19993329
2020-04-16 17:36:00,230.0,231.0,230.0,230.0,103292.92669611
2020-04-16 17:37:00,230.0,231.0,229.0,230.0,780709.31249816
2020-04-16 17:38:00,229.0,231.0,229.0,230.0,764219.06115908
2020-04-16 17:39:00,230.0,231.0,230.0,230.0,378089.58711576
2020-04-16 17:40:00,230.0,231.0,230.0,231.0,200406.91251526
2020-04-16 17:41:00,231.0,231.0,230.0,231.0,25922.40354352
2020-04-16 17:42:00,230.0,231.0,230.0,231.0,16348.04069825
2020-04-16 17:43:00,231.0,231.0,231.0,231.0,51995.83455459
2020-04-16 17:44:00,231.0,231.0,230.0,231.0,165767.79155649
2020-04-16 17:45:00,230.0,231.0,230.0,231.0,40740.88764667
2020-04-16 17:46:00,230.0,231.0,229.0,229.0,720220.69306616
2020-04-16 17:47:00,229.0,230.0,229.0,229.0,50466.42547666
2020-04-16 17:48:00,230.0,230.0,229.0,230.0,94055.18728846
2020-04-16 17:49:00,230.0,230.0,229.0,230.0,96680.32254685
2020-04-16 17:50:00,229.0,230.0,229.0,230.0,487479.00866254
2020-04-16 17:51:00,228.0,230.0,228.0,229.0,120785.81366055
2020-04-16 17:52:00,229.0,230.0,229.0,229.0,268871.83185607
2020-04-16 17:53:00,229.0,229.0,229.0,229.0,750812.97896989
2020-04-16 17:54:00,229.0,229.0,228.0,229.0,157250.92569844
2020-04-16 17:55:00,228.0,229.0,228.0,229.0,48985.03105589
2020-04-16 17:56:00,229.0,229.0,228.0,229.0,517887.46755511
2020-04-16 17:57:00,229.0,230.0,229.0,229.0,92906.22087094
2020-04-16 17:58:00,229.0,230.0,229.0,229.0,43929.84047359
2020-04-16 17:59:00,229.0,229.0,228.0,228.0,423432.65186821
2020-04-16 18:00:00,229.0,230.0,229.0,229.0,134820.51901401
2020-04-16 18:01:00,230.0,230.0,229.0,230.0,38094.02327218
2020-04-16 18:02:00,229.0,230.0,229.0,230.0,14973.6454107
2020-04-16 18:03:00,229.0,230.0,229.0,230.0,162930.64903761
2020-04-16 18:04:00,230.0,230.0,229.0,229.0,417386.18657168
2020-04-16 18:05:00,229.0,230.0,229.0,229.0,97383.12251678
2020-04-16 18:06:00,229.0,231.0,229.0,229.0,449617.31536054
2020-04-16 18:07:00,230.0,231.0,229.0,230.0,446399.88598808
2020-04-16 18:08:00,230.0,230.0,229.0,230.0,43156.0560125
2020-04-16 18:09:00,229.0,230.0,229.0,229.0,12842.8247262
2020-04-16 18:10:00,229.0,230.0,229.0,229.0,13866.4548461
2020-04-16 18:11:00,230.0,230.0,229.0,230.0,48444.41789627
2020-04-16 18:12:00,229.0,230.0,229.0,230.0,60369.9824562
2020-04-16 18:13:00,229.0,230.0,229.0,230.0,129915.42054152
2020-04-16 18:14:00,230.0,230.0,229.0,229.0,14566.72552742
2020-04-16 18:15:00,229.0,230.0,229.0,229.0,36718.56736093
2020-04-16 18:16:00,229.0,229.0,229.0,229.0,10182.055
2020-04-16 18:17:00,229.0,230.0,229.0,230.0,108899.67463128
2020-04-16 18:18:00,230.0,230.0,229.0,229.0,10143.14654761
2020-04-16 18:19:00,229.0,230.0,229.0,230.0,38450.93779085
2020-04-16 18:20:00,229.0,229.0,229.0,229.0,51974.65737399
2020-04-16 18:21:00,229.0,230.0,229.0,229.0,88972.88277436
2020-04-16 18:22:00,229.0,229.0,229.0,229.0,42713.92494414
2020-04-16 18:23:00,229.0,229.0,229.0,229.0,31553.29774065
2020-04-16 18:24:00,229.0,229.0,229.0,229.0,11542.89427764
2020-04-16 18:25:00,230.0,230.0,229.0,229.0,2663.92632012
2020-04-16 18:26:00,229.0,229.0,229.0,229.0,45078.54101391
2020-04-16 18:27:00,229.0,229.0,229.0,229.0,2448.52854623
2020-04-16 18:28:00,229.0,229.0,229.0,229.0,34230.23577016
2020-04-16 18:29:00,229.0,230.0,229.0,229.0,75124.76639112
2020-04-16 18:30:00,229.0,230.0,229.0,229.0,68098.00327656
2020-04-16 18:31:00,230.0,230.0,230.0,230.0,31161.15989178
2020-04-16 18:32:00,230.0,230.0,230.0,230.0,78538.57419116
2020-04-16 18:33:00,229.0,230.0,229.0,229.0,17107.3116992
2020-04-16 18:34:00,229.0,229.0,229.0,229.0,80978.85858832
2020-04-16 18:35:00,229.0,230.0,229.0,229.0,156912.50122008
2020-04-16 18:36:00,229.0,229.0,228.0,228.0,238436.67423405
2020-04-16 18:37:00,229.0,229.0,228.0,228.0,94354.63483612
2020-04-16 18:38:00,229.0,230.0,228.0,228.0,456569.15957843
2020-04-16 18:39:00,229.0,229.0,228.0,229.0,24595.16615242
2020-04-16 18:40:00,228.0,229.0,228.0,228.0,42185.35145664
2020-04-16 18:41:00,228.0,229.0,228.0,228.0,8700.88449791
2020-04-16 18:42:00,228.0,228.0,228.0,228.0,121496.63643825
2020-04-16 18:43:00,228.0,229.0,228.0,228.0,20919.82063611
2020-04-16 18:44:00,228.0,228.0,228.0,228.0,3475.03503604
2020-04-16 18:45:00,228.0,229.0,228.0,228.0,128272.29403672
2020-04-16 18:46:00,228.0,229.0,228.0,228.0,1004.74655519
2020-04-16 18:47:00,228.0,229.0,228.0,228.0,42055.22755859
2020-04-16 18:48:00,228.0,229.0,228.0,228.0,30394.28912885
2020-04-16 18:49:00,228.0,229.0,228.0,229.0,18743.01122173
2020-04-16 18:50:00,228.0,229.0,228.0,228.0,18607.21199659
2020-04-16 18:51:00,229.0,229.0,228.0,228.0,1421.66812227
2020-04-16 18:52:00,228.0,229.0,228.0,229.0,31450.22651205
2020-04-16 18:53:00,229.0,229.0,228.0,228.0,49906.83164576
2020-04-16 18:54:00,228.0,229.0,228.0,228.0,3421.29675093
2020-04-16 18:55:00,229.0,229.0,228.0,229.0,24286.55949923
2020-04-16 18:56:00,228.0,229.0,228.0,228.0,79350.67152194
2020-04-16 18:57:00,228.0,229.0,228.0,228.0,79294.15766581
2020-04-16 18:58:00,228.0,229.0,228.0,229.0,214535.48190741
2020-04-16 18:59:00,229.0,229.0,229.0,229.0,108596.29325944
2020-04-16 19:00:00,229.0,230.0,229.0,230.0,9310.05350647
2020-04-16 19:01:00,229.0,230.0,229.0,229.0,15551.24133968
2020-04-16 19:03:00,229.0,230.0,229.0,230.0,462.14209227
2020-04-16 19:04:00,230.0,230.0,229.0,229.0,40292.73133749
2020-04-16 19:05:00,230.0,230.0,229.0,230.0,171.8845779
2020-04-16 19:06:00,230.0,230.0,229.0,229.0,30904.01426303
2020-04-16 19:07:00,229.0,229.0,229.0,229.0,60.0
2020-04-16 19:08:00,230.0,230.0,229.0,229.0,45.73501762
2020-04-16 19:09:00,229.0,229.0,229.0,229.0,2123.40088105
2020-04-16 19:10:00,230.0,230.0,229.0,229.0,309288.3443785
2020-04-16 19:11:00,229.0,229.0,228.0,228.0,184309.328538
2020-04-16 19:12:00,229.0,229.0,228.0,228.0,9190.89008274
2020-04-16 19:13:00,228.0,229.0,228.0,229.0,10065.32008275
2020-04-16 19:14:00,229.0,229.0,228.0,228.0,25467.19510705
2020-04-16 19:15:00,228.0,229.0,228.0,228.0,43646.19447254
2020-04-16 19:16:00,228.0,229.0,228.0,229.0,2852.88892868
2020-04-16 19:17:00,229.0,229.0,228.0,228.0,15224.91230304
2020-04-16 19:18:00,228.0,229.0,228.0,228.0,1777.82090929
2020-04-16 19:19:00,228.0,229.0,228.0,228.0,35.28608288
2020-04-16 19:20:00,228.0,229.0,228.0,228.0,21591.57457916
2020-04-16 19:21:00,229.0,229.0,228.0,228.0,26269.78962322
2020-04-16 19:22:00,229.0,229.0,228.0,228.0,11.77857896
2020-04-16 19:23:00,229.0,229.0,228.0,228.0,17187.07016463
2020-04-16 19:24:00,229.0,229.0,228.0,228.0,4589.86927089
2020-04-16 19:25:00,228.0,229.0,228.0,228.0,1220.85187027
2020-04-16 19:26:00,229.0,229.0,228.0,229.0,258910.24073192
2020-04-16 19:27:00,229.0,229.0,229.0,229.0,40686.01752013
2020-04-16 19:28:00,229.0,229.0,228.0,228.0,134030.80325374
2020-04-16 19:29:00,229.0,229.0,228.0,229.0,35197.77779644
2020-04-16 19:30:00,228.0,228.0,228.0,228.0,12.56956222
2020-04-16 19:31:00,228.0,230.0,228.0,229.0,21489.19283061
2020-04-16 19:32:00,230.0,230.0,228.0,228.0,63844.8289052
2020-04-16 19:33:00,228.0,228.0,228.0,228.0,3665.89019539
2020-04-16 19:34:00,228.0,228.0,228.0,228.0,38595.03581542
2020-04-16 19:35:00,228.0,228.0,228.0,228.0,19051.58723578
2020-04-16 19:36:00,229.0,229.0,228.0,228.0,775857.02731927
2020-04-16 19:37:00,228.0,228.0,227.0,227.0,274454.90932827
2020-04-16 19:38:00,228.0,228.0,226.0,226.0,605735.47293569
2020-04-16 19:39:00,226.0,227.0,226.0,226.0,444405.39057484
2020-04-16 19:40:00,227.0,227.0,226.0,226.0,60468.22602045
2020-04-16 19:41:00,227.0,227.0,226.0,227.0,100371.64501794
2020-04-16 19:42:00,227.0,227.0,226.0,226.0,58065.80790896
2020-04-16 19:43:00,227.0,228.0,227.0,228.0,281975.72969148
2020-04-16 19:44:00,228.0,228.0,227.0,227.0,1474.29824604
2020-04-16 19:45:00,228.0,228.0,227.0,228.0,58232.85577711
2020-04-16 19:46:00,227.0,228.0,227.0,228.0,224379.9753522
2020-04-16 19:47:00,228.0,228.0,227.0,228.0,211206.06493809
2020-04-16 19:48:00,227.0,228.0,227.0,228.0,108.84594736
2020-04-16 19:49:00,228.0,228.0,227.0,227.0,2778.03696815
2020-04-16 19:50:00,228.0,228.0,227.0,228.0,34749.59429707
2020-04-16 19:51:00,227.0,228.0,227.0,228.0,3225.50067491
2020-04-16 19:52:00,227.0,228.0,227.0,228.0,2131.02964068
2020-04-16 19:53:00,227.0,228.0,227.0,228.0,62.12661745
2020-04-16 19:54:00,227.0,228.0,227.0,228.0,5835.44073605
2020-04-16 19:55:00,228.0,228.0,227.0,228.0,56534.10154921
2020-04-16 19:56:00,228.0,228.0,227.0,228.0,2993.36400885
2020-04-16 19:57:00,227.0,228.0,227.0,228.0,5037.35350835
2020-04-16 19:58:00,227.0,228.0,227.0,227.0,1136.63034084
2020-04-16 19:59:00,228.0,228.0,227.0,228.0,12721.20790836
2020-04-16 20:00:00,227.0,228.0,227.0,228.0,16001.57764134
2020-04-16 20:01:00,228.0,228.0,227.0,227.0,12805.20830423
2020-04-16 20:03:00,228.0,228.0,227.0,227.0,33467.47721547
2020-04-16 20:05:00,227.0,227.0,227.0,227.0,3.45
2020-04-16 20:06:00,227.0,227.0,227.0,227.0,4562.02106543
2020-04-16 20:07:00,227.0,227.0,227.0,227.0,317.90734467
2020-04-16 20:08:00,227.0,227.0,227.0,227.0,35540.88501967
2020-04-16 20:09:00,228.0,228.0,227.0,228.0,30355.92773844
2020-04-16 20:10:00,227.0,227.0,227.0,227.0,2521.7494705
2020-04-16 20:11:00,227.0,228.0,227.0,228.0,76497.57413578
2020-04-16 20:12:00,227.0,227.0,227.0,227.0,2.24663678
2020-04-16 20:14:00,228.0,228.0,227.0,228.0,843644.31584678
2020-04-16 20:15:00,228.0,228.0,228.0,228.0,10941.14412124
2020-04-16 20:16:00,228.0,229.0,228.0,229.0,109704.90917574
2020-04-16 20:17:00,229.0,229.0,228.0,228.0,1929.8245614
2020-04-16 20:18:00,229.0,229.0,228.0,229.0,8373.89335729
2020-04-16 20:19:00,229.0,229.0,228.0,228.0,155374.06555891
2020-04-16 20:20:00,228.0,229.0,228.0,229.0,5206.20547545
2020-04-16 20:21:00,229.0,229.0,228.0,229.0,170288.34491047
2020-04-16 20:22:00,229.0,229.0,228.0,228.0,6033.48061133
2020-04-16 20:23:00,228.0,229.0,228.0,228.0,1851.84847323
2020-04-16 20:24:00,228.0,229.0,228.0,229.0,38803.20622548
2020-04-16 20:25:00,228.0,228.0,228.0,228.0,4375.549066
2020-04-16 20:26:00,229.0,229.0,228.0,228.0,765.099066
2020-04-16 20:27:00,228.0,228.0,228.0,228.0,68022.31959
2020-04-16 20:28:00,228.0,229.0,228.0,229.0,291129.93365379
2020-04-16 20:29:00,229.0,229.0,229.0,229.0,90153.39688127
2020-04-16 20:30:00,229.0,230.0,229.0,229.0,54897.10727169
2020-04-16 20:31:00,230.0,230.0,229.0,229.0,96903.23444761
2020-04-16 20:32:00,229.0,230.0,229.0,229.0,67152.16209281
2020-04-16 20:33:00,229.0,230.0,229.0,229.0,158073.29382614
2020-04-16 20:34:00,229.0,229.0,228.0,228.0,49772.35117579
2020-04-16 20:35:00,229.0,229.0,229.0,229.0,50028.6
2020-04-16 20:36:00,229.0,229.0,228.0,228.0,2173.71957854
2020-04-16 20:37:00,228.0,228.0,228.0,228.0,89360.62671981
2020-04-16 20:38:00,228.0,228.0,228.0,228.0,1734.11622807
2020-04-16 20:39:00,228.0,229.0,228.0,229.0,20042.6
2020-04-16 20:41:00,229.0,229.0,229.0,229.0,43.62445415
2020-04-16 20:42:00,229.0,229.0,229.0,229.0,41069.81880238
2020-04-16 20:43:00,229.0,229.0,228.0,228.0,26645.87686644
2020-04-16 20:44:00,228.0,229.0,228.0,229.0,1980.12649082
2020-04-16 20:45:00,229.0,229.0,228.0,229.0,9470.25701472
2020-04-16 20:46:00,229.0,229.0,229.0,229.0,16610.612736
2020-04-16 20:47:00,229.0,229.0,229.0,229.0,174.58519648
2020-04-16 20:48:00,229.0,229.0,229.0,229.0,6204.23318777
2020-04-16 20:49:00,229.0,229.0,228.0,228.0,2089.72705172
2020-04-16 20:50:00,229.0,229.0,229.0,229.0,6827.99057935
2020-04-16 20:51:00,229.0,229.0,228.0,229.0,13763.13620634
2020-04-16 20:52:00,229.0,229.0,228.0,228.0,15206.66977857
2020-04-16 20:53:00,229.0,229.0,229.0,229.0,8.73362445
2020-04-16 20:54:00,229.0,229.0,229.0,229.0,3100.0
2020-04-16 20:55:00,229.0,229.0,228.0,228.0,20275.74269868
2020-04-16 20:56:00,229.0,229.0,229.0,229.0,131.57894737
2020-04-16 20:57:00,228.0,228.0,228.0,228.0,2.282
2020-04-16 20:58:00,229.0,229.0,229.0,229.0,11055.57894737
2020-04-16 20:59:00,229.0,229.0,228.0,228.0,24761.491
2020-04-17 04:24:00,229.0,229.0,228.0,228.0,41761.79894132
2020-04-17 04:25:00,228.0,228.0,228.0,228.0,24315.0785
2020-04-17 04:29:00,228.0,228.0,228.0,228.0,165.4
2020-04-17 04:30:00,228.0,228.0,228.0,228.0,2865.06958035
2020-04-17 04:31:00,228.0,228.0,228.0,228.0,4259.38557932
2020-04-17 04:32:00,228.0,228.0,228.0,228.0,127.29794434
2020-04-17 04:33:00,228.0,228.0,228.0,228.0,3598.47911879
2020-04-17 04:34:00,228.0,228.0,228.0,228.0,2676.51310907
2020-04-17 04:36:00,228.0,228.0,228.0,228.0,2458.967702
2020-04-17 04:42:00,228.0,228.0,228.0,228.0,4984.3604
2020-04-17 04:45:00,229.0,229.0,229.0,229.0,52.40174672
2020-04-17 04:49:00,229.0,229.0,228.0,228.0,4301.6997
2020-04-17 04:50:00,229.0,229.0,229.0,229.0,11605.5613
2020-04-17 04:52:00,229.0,229.0,229.0,229.0,45732.69922119
2020-04-17 04:54:00,229.0,229.0,228.0,228.0,112.553361
2020-04-17 04:55:00,228.0,228.0,228.0,228.0,8678.94999868
2020-04-17 04:56:00,229.0,229.0,229.0,229.0,8729.25982423
2020-04-17 04:58:00,229.0,229.0,229.0,229.0,200000.0
2020-04-17 05:00:00,228.0,228.0,228.0,228.0,14227.400544
2020-04-17 05:01:00,228.0,228.0,228.0,228.0,429492.74662966
2020-04-17 05:02:00,228.0,229.0,228.0,229.0,8671.2585677
2020-04-17 05:05:00,229.0,229.0,229.0,229.0,21.834061
2020-04-17 05:06:00,229.0,229.0,229.0,229.0,17162.30094559
2020-04-17 05:09:00,229.0,229.0,229.0,229.0,436.6812227
2020-04-17 05:10:00,228.0,228.0,228.0,228.0,72860.50365955
2020-04-17 05:11:00,228.0,228.0,228.0,228.0,4240.0
2020-04-17 05:12:00,228.0,228.0,228.0,228.0,59204.81853118
2020-04-17 05:13:00,228.0,228.0,228.0,228.0,10000.0
2020-04-17 05:15:00,228.0,228.0,228.0,228.0,26501.0964836
2020-04-17 05:17:00,228.0,228.0,228.0,228.0,6640.87692995
2020-04-17 05:19:00,229.0,229.0,229.0,229.0,1309.38897363
2020-04-17 05:20:00,229.0,229.0,229.0,229.0,3264.44637943
2020-04-17 05:23:00,229.0,229.0,229.0,229.0,2841.91627329
2020-04-17 05:26:00,228.0,228.0,228.0,228.0,95.0
2020-04-17 05:33:00,229.0,229.0,228.0,228.0,16.92007354
2020-04-17 05:35:00,229.0,229.0,229.0,229.0,49.0
2020-04-17 05:36:00,228.0,228.0,228.0,228.0,3.0827785
2020-04-17 05:37:00,229.0,229.0,229.0,229.0,2.18777292
2020-04-17 05:38:00,229.0,229.0,229.0,229.0,65.693711
2020-04-17 05:39:00,229.0,229.0,228.0,228.0,12234.3282507
2020-04-17 05:42:00,229.0,229.0,229.0,229.0,116945.55530556
2020-04-17 05:44:00,229.0,229.0,228.0,228.0,50002.63623647
2020-04-17 05:48:00,230.0,230.0,229.0,229.0,152.80332638
2020-04-17 05:53:00,230.0,230.0,230.0,230.0,130.36959781
2020-04-17 05:54:00,229.0,229.0,229.0,229.0,2.21241212
2020-04-17 06:01:00,229.0,229.0,229.0,229.0,12830.0
2020-04-17 06:03:00,229.0,229.0,229.0,229.0,41561.74683721
2020-04-17 06:05:00,228.0,228.0,228.0,228.0,2045.40811815
2020-04-17 06:06:00,228.0,228.0,228.0,228.0,1320.415425
2020-04-17 06:09:00,229.0,229.0,229.0,229.0,59183.6428
2020-04-17 06:10:00,229.0,229.0,229.0,229.0,13937.1224
2020-04-17 06:11:00,229.0,229.0,229.0,229.0,13133.43546553
2020-04-17 06:12:00,228.0,229.0,228.0,229.0,56733.6128595
2020-04-17 06:13:00,229.0,229.0,229.0,229.0,19538.24541484
2020-04-17 06:14:00,229.0,229.0,229.0,229.0,80245.79504246
2020-04-17 06:15:00,229.0,229.0,229.0,229.0,1241.7
2020-04-17 06:17:00,230.0,230.0,229.0,229.0,4977.12644217
2020-04-17 06:18:00,229.0,229.0,229.0,229.0,9534.268994
2020-04-17 06:19:00,229.0,229.0,229.0,229.0,32255.19844363
2020-04-17 06:20:00,229.0,229.0,229.0,229.0,120490.92600249
2020-04-17 06:21:00,229.0,229.0,229.0,229.0,44288.15982532
2020-04-17 06:22:00,229.0,229.0,229.0,229.0,21.834061
2020-04-17 06:29:00,229.0,229.0,229.0,229.0,46979.52008733
2020-04-17 06:30:00,228.0,228.0,228.0,228.0,3.0
2020-04-17 06:31:00,229.0,229.0,229.0,229.0,440.82762112
2020-04-17 06:33:00,229.0,229.0,229.0,229.0,21.834061
2020-04-17 06:35:00,229.0,229.0,229.0,229.0,11.0
2020-04-17 06:36:00,229.0,229.0,229.0,229.0,630.39222746
2020-04-17 06:39:00,228.0,228.0,228.0,228.0,89.0
2020-04-17 06:40:00,228.0,228.0,228.0,228.0,6854.0
2020-04-17 06:41:00,229.0,229.0,229.0,229.0,1979.28947368
2020-04-17 06:42:00,229.0,229.0,229.0,229.0,201687.05745724
2020-04-17 06:43:00,229.0,229.0,229.0,229.0,122344.19814541
2020-04-17 06:44:00,229.0,230.0,229.0,229.0,5981.26086912
2020-04-17 06:45:00,229.0,230.0,229.0,229.0,26049.24936171
2020-04-17 06:46:00,230.0,230.0,229.0,229.0,1042.07577322
2020-04-17 06:47:00,229.0,230.0,229.0,230.0,1017.59999407
2020-04-17 06:48:00,229.0,229.0,229.0,229.0,174172.47708023
2020-04-17 06:49:00,230.0,230.0,230.0,230.0,43.70305676
2020-04-17 06:50:00,229.0,229.0,229.0,229.0,7849.4847753
2020-04-17 06:51:00,229.0,229.0,229.0,229.0,21078.57463295
2020-04-17 06:52:00,230.0,230.0,230.0,230.0,3.0
2020-04-17 06:53:00,230.0,230.0,229.0,229.0,296.8240574
2020-04-17 06:54:00,229.0,229.0,228.0,228.0,260917.60457847
2020-04-17 06:55:00,228.0,228.0,228.0,228.0,9467.38933945
2020-04-17 06:56:00,229.0,229.0,228.0,228.0,113494.43094587
2020-04-17 06:57:00,229.0,229.0,228.0,228.0,217.41094175
2020-04-17 06:59:00,229.0,229.0,229.0,229.0,15824.22008733
2020-04-17 07:00:00,229.0,229.0,228.0,229.0,115951.83882829
2020-04-17 07:01:00,230.0,230.0,229.0,230.0,32.9343589
2020-04-17 07:02:00,229.0,229.0,229.0,229.0,20732.45918391
2020-04-17 07:03:00,230.0,230.0,229.0,229.0,14586.7424951
2020-04-17 07:04:00,229.0,230.0,229.0,230.0,749473.88724389
2020-04-17 07:05:00,230.0,231.0,229.0,231.0,519369.38071339
2020-04-17 07:06:00,230.0,231.0,230.0,230.0,24696.08278476
2020-04-17 07:07:00,230.0,231.0,230.0,230.0,15533.42180761
2020-04-17 07:08:00,230.0,230.0,230.0,230.0,10443.7431939
2020-04-17 07:09:00,231.0,231.0,230.0,230.0,13199.36553519
2020-04-17 07:10:00,230.0,230.0,230.0,230.0,4360.52173914
2020-04-17 07:11:00,230.0,231.0,230.0,230.0,214617.3160173
2020-04-17 07:12:00,230.0,231.0,230.0,230.0,51169.85513914
2020-04-17 07:13:00,230.0,230.0,229.0,229.0,5574.31832383
2020-04-17 07:14:00,230.0,230.0,229.0,229.0,6485.27722117
2020-04-17 07:15:00,230.0,230.0,229.0,229.0,91842.33238169
2020-04-17 07:16:00,230.0,230.0,229.0,229.0,1372.44461107
2020-04-17 07:18:00,229.0,230.0,229.0,230.0,179.90352649
2020-04-17 07:19:00,229.0,230.0,229.0,230.0,21155.04525307
2020-04-17 07:20:00,230.0,230.0,229.0,229.0,5782.60869564
2020-04-17 07:21:00,230.0,230.0,229.0,229.0,30117.39130434
2020-04-17 07:22:00,230.0,230.0,229.0,229.0,15455.64456358
2020-04-17 07:23:00,229.0,230.0,229.0,229.0,686.02436458
2020-04-17 07:24:00,229.0,230.0,229.0,229.0,706.08203707
2020-04-17 07:25:00,230.0,230.0,229.0,229.0,208.22104876
2020-04-17 07:27:00,229.0,230.0,229.0,229.0,15612.18579925
2020-04-17 07:29:00,230.0,230.0,230.0,230.0,175.573191
2020-04-17 07:30:00,229.0,229.0,229.0,229.0,572.02826085
2020-04-17 07:31:00,230.0,230.0,230.0,230.0,1303.69597809
2020-04-17 07:32:00,229.0,229.0,229.0,229.0,372.78646739
2020-04-17 07:33:00,230.0,230.0,229.0,229.0,12161.51336409
2020-04-17 07:34:00,230.0,230.0,229.0,229.0,51.33508198
2020-04-17 07:35:00,229.0,230.0,229.0,230.0,73627.93141507
2020-04-17 07:36:00,229.0,230.0,229.0,229.0,184655.79768122
2020-04-17 07:37:00,229.0,230.0,229.0,229.0,90816.56315385
2020-04-17 07:38:00,230.0,230.0,229.0,229.0,152402.17809019
2020-04-17 07:39:00,229.0,230.0,229.0,229.0,348.90870011
2020-04-17 07:40:00,229.0,230.0,229.0,230.0,647988.16892852
2020-04-17 07:41:00,230.0,230.0,230.0,230.0,25268.25323303
2020-04-17 07:42:00,231.0,231.0,230.0,230.0,2870.91804873
2020-04-17 07:43:00,230.0,231.0,230.0,231.0,86742.11602488
2020-04-17 07:44:00,231.0,231.0,230.0,230.0,116834.9789844
2020-04-17 07:45:00,230.0,231.0,229.0,229.0,111520.21833326
2020-04-17 07:46:00,230.0,230.0,229.0,229.0,5079.53929828
2020-04-17 07:47:00,230.0,231.0,229.0,230.0,114845.21116104
2020-04-17 07:48:00,230.0,230.0,230.0,230.0,35923.39453646
2020-04-17 07:49:00,231.0,231.0,231.0,231.0,213.32813852
2020-04-17 07:50:00,231.0,231.0,230.0,230.0,51101.59421887
2020-04-17 07:51:00,230.0,231.0,230.0,230.0,3941.66733281
2020-04-17 07:52:00,230.0,230.0,230.0,230.0,19391.30434783
2020-04-17 07:53:00,230.0,230.0,230.0,230.0,135.0
2020-04-17 07:55:00,231.0,231.0,230.0,230.0,25341.5570015
2020-04-17 07:56:00,231.0,231.0,230.0,230.0,4461.09127303
2020-04-17 07:57:00,230.0,231.0,230.0,230.0,1866.31228474
2020-04-17 07:58:00,231.0,231.0,230.0,231.0,32296.50694341
2020-04-17 07:59:00,230.0,232.0,230.0,230.0,298025.28834738
2020-04-17 08:00:00,231.0,232.0,230.0,231.0,87421.03649566
2020-04-17 08:01:00,231.0,231.0,231.0,231.0,321486.21953129
2020-04-17 08:02:00,231.0,231.0,231.0,231.0,9300.0
2020-04-17 08:03:00,231.0,231.0,230.0,231.0,36894.79761525
2020-04-17 08:04:00,230.0,231.0,230.0,231.0,283726.74140307
2020-04-17 08:05:00,231.0,231.0,231.0,231.0,57408.37109311
2020-04-17 08:06:00,231.0,231.0,231.0,231.0,60370.7698
2020-04-17 08:07:00,231.0,231.0,230.0,230.0,16495.75625653
2020-04-17 08:08:00,231.0,231.0,230.0,230.0,286221.23110423
2020-04-17 08:09:00,231.0,231.0,230.0,230.0,64728.96539393
2020-04-17 08:10:00,230.0,231.0,230.0,230.0,226927.41651548
2020-04-17 08:11:00,230.0,231.0,230.0,230.0,6987.1108978
2020-04-17 08:12:00,231.0,231.0,230.0,230.0,131659.3845043
2020-04-17 08:13:00,230.0,230.0,230.0,230.0,3644.61755774
2020-04-17 08:14:00,230.0,230.0,230.0,230.0,1103.81342816
2020-04-17 08:15:00,230.0,231.0,230.0,230.0,22711.68454786
2020-04-17 08:16:00,231.0,231.0,230.0,230.0,10227.51616183
2020-04-17 08:17:00,230.0,230.0,230.0,230.0,10000.0
2020-04-17 08:18:00,230.0,230.0,230.0,230.0,150.0
2020-04-17 08:20:00,231.0,231.0,230.0,230.0,20436.42464482
2020-04-17 08:22:00,231.0,231.0,231.0,231.0,649.02613627
2020-04-17 08:23:00,231.0,231.0,230.0,230.0,1428.57142857
2020-04-17 08:24:00,230.0,230.0,230.0,230.0,1333.58273742
2020-04-17 08:25:00,230.0,231.0,230.0,230.0,51661.16416093
2020-04-17 08:26:00,230.0,231.0,230.0,230.0,137014.00158939
2020-04-17 08:27:00,230.0,230.0,230.0,230.0,15176.69423707
2020-04-17 08:28:00,230.0,230.0,230.0,230.0,1000.0
2020-04-17 08:29:00,230.0,230.0,230.0,230.0,140057.76013369
2020-04-17 08:30:00,230.0,231.0,230.0,231.0,52038.11650143
2020-04-17 08:31:00,230.0,230.0,230.0,230.0,114471.21635688
2020-04-17 08:32:00,230.0,231.0,230.0,230.0,83909.55429321
2020-04-17 08:33:00,230.0,230.0,230.0,230.0,67093.10968554
2020-04-17 08:34:00,230.0,230.0,230.0,230.0,20083.10090932
2020-04-17 08:35:00,230.0,230.0,230.0,230.0,209661.60481886
2020-04-17 08:36:00,230.0,230.0,229.0,229.0,121156.60762879
2020-04-17 08:37:00,229.0,230.0,229.0,229.0,7786.26172439
2020-04-17 08:40:00,230.0,230.0,229.0,230.0,20289.12404145
2020-04-17 08:41:00,229.0,230.0,229.0,229.0,9901.9887122
2020-04-17 08:42:00,229.0,230.0,229.0,229.0,7533.75247458
2020-04-17 08:43:00,230.0,230.0,229.0,229.0,1002.22666667
2020-04-17 08:44:00,230.0,230.0,229.0,230.0,38748.63133052
2020-04-17 08:45:00,229.0,230.0,229.0,229.0,180481.59982437
2020-04-17 08:46:00,229.0,230.0,229.0,229.0,39.28800565
2020-04-17 08:47:00,229.0,229.0,229.0,229.0,4.45333334
2020-04-17 08:48:00,230.0,230.0,229.0,229.0,3434.71926964
2020-04-17 08:49:00,230.0,230.0,229.0,229.0,4376.07017968
2020-04-17 08:50:00,229.0,230.0,229.0,229.0,2052.22666667
2020-04-17 08:51:00,229.0,230.0,229.0,229.0,12730.59392012
2020-04-17 08:52:00,229.0,229.0,229.0,229.0,23986.30106713
2020-04-17 08:53:00,229.0,230.0,229.0,230.0,10085.15450785
2020-04-17 08:54:00,229.0,230.0,229.0,229.0,4368.01612481
2020-04-17 08:55:00,230.0,230.0,229.0,229.0,21719.62883515
2020-04-17 08:56:00,229.0,229.0,229.0,229.0,22249.65346695
2020-04-17 08:57:00,229.0,229.0,229.0,229.0,15058.0
2020-04-17 08:58:00,229.0,229.0,229.0,229.0,21856.26085784
2020-04-17 08:59:00,230.0,230.0,229.0,230.0,15841.17454293
2020-04-17 17:07:00,228.0,228.0,228.0,228.0,81174.89390097
2020-04-17 17:08:00,227.0,229.0,227.0,228.0,34894.09057095
2020-04-17 17:09:00,228.0,228.0,228.0,228.0,27532.10623712
2020-04-17 17:10:00,228.0,229.0,228.0,228.0,2601.94299287
2020-04-17 17:11:00,228.0,228.0,228.0,228.0,15310.13127825
2020-04-17 17:12:00,228.0,228.0,228.0,228.0,31948.14213528
2020-04-17 17:13:00,228.0,228.0,227.0,228.0,13998.75746702
2020-04-17 17:14:00,227.0,228.0,227.0,228.0,7351.11677651
2020-04-17 17:15:00,228.0,228.0,227.0,228.0,12610.31392034
2020-04-17 17:16:00,227.0,228.0,227.0,228.0,14630.52794183
2020-04-17 17:17:00,228.0,228.0,228.0,228.0,5.0
2020-04-17 17:18:00,228.0,228.0,228.0,228.0,4390.96491228
2020-04-17 17:19:00,228.0,228.0,227.0,228.0,5183.79909539
2020-04-17 17:20:00,227.0,228.0,227.0,227.0,1687.78223684
2020-04-17 17:21:00,228.0,228.0,227.0,228.0,10356.98527836
2020-04-17 17:23:00,227.0,228.0,227.0,228.0,3562.46343976
2020-04-17 17:24:00,227.0,228.0,227.0,228.0,45471.81966292
2020-04-17 17:25:00,228.0,228.0,227.0,227.0,1329262.75916275
2020-04-17 17:26:00,228.0,228.0,228.0,228.0,130.09723208
2020-04-17 17:27:00,227.0,228.0,227.0,227.0,4943.41745896
2020-04-17 17:28:00,227.0,227.0,227.0,227.0,3086.87922705
2020-04-17 17:29:00,228.0,228.0,227.0,227.0,261.99867216
2020-04-17 17:30:00,227.0,227.0,227.0,227.0,15813.29450601
2020-04-17 17:31:00,228.0,228.0,227.0,228.0,628.18391207
2020-04-17 17:32:00,228.0,228.0,228.0,228.0,12.10736659
2020-04-17 17:33:00,227.0,227.0,227.0,227.0,11572.61317841
2020-04-17 17:34:00,227.0,227.0,227.0,227.0,1000.0
2020-04-17 17:35:00,227.0,228.0,227.0,228.0,3077.23094593
2020-04-17 17:36:00,227.0,227.0,227.0,227.0,10000.0
2020-04-17 17:38:00,227.0,227.0,227.0,227.0,10740.92532033
2020-04-17 17:39:00,227.0,228.0,227.0,228.0,2264.52391673
2020-04-17 17:40:00,228.0,228.0,227.0,227.0,18349.6732485
2020-04-17 17:41:00,228.0,228.0,228.0,228.0,48859.61843639
2020-04-17 17:43:00,227.0,227.0,227.0,227.0,1000.0
2020-04-17 17:44:00,227.0,228.0,227.0,228.0,6169.76929053
2020-04-17 17:45:00,227.0,228.0,227.0,228.0,137.37172313
2020-04-17 17:46:00,227.0,228.0,227.0,228.0,140.09723208
2020-04-17 17:47:00,227.0,227.0,227.0,227.0,201.81000077
2020-04-17 17:48:00,227.0,228.0,227.0,227.0,114.59208262
2020-04-17 17:49:00,228.0,228.0,227.0,228.0,19.52873106
2020-04-17 17:50:00,228.0,228.0,228.0,228.0,55.74235794
2020-04-17 17:53:00,228.0,228.0,227.0,228.0,6017.04439442
2020-04-17 17:54:00,228.0,228.0,228.0,228.0,4385.96491228
2020-04-17 17:56:00,227.0,227.0,227.0,227.0,22393.7129
2020-04-17 17:57:00,227.0,227.0,227.0,227.0,47716.9206
2020-04-17 18:00:00,228.0,228.0,227.0,227.0,2003.0
2020-04-17 18:01:00,227.0,227.0,227.0,227.0,664.23616385
2020-04-17 18:02:00,227.0,227.0,227.0,227.0,9246.85762569
2020-04-17 18:03:00,227.0,227.0,227.0,227.0,53.26338
2020-04-17 18:04:00,228.0,228.0,227.0,227.0,22110.51641722
2020-04-17 18:06:00,227.0,227.0,227.0,227.0,67488.45077383
2020-04-17 18:07:00,227.0,228.0,227.0,227.0,2872.65661282
2020-04-17 18:08:00,228.0,228.0,227.0,228.0,12382.29405928
2020-04-17 18:09:00,228.0,228.0,227.0,228.0,444.04224554
2020-04-17 18:10:00,228.0,228.0,228.0,228.0,2500.0
2020-04-17 18:11:00,228.0,228.0,228.0,228.0,43.85964912
2020-04-17 18:12:00,228.0,228.0,228.0,228.0,1004.32675438
2020-04-17 18:14:00,227.0,228.0,227.0,228.0,1278.84180379
2020-04-17 18:15:00,227.0,228.0,227.0,228.0,11359.77422747
2020-04-17 18:16:00,227.0,228.0,227.0,228.0,119.39332265
2020-04-17 18:17:00,228.0,228.0,227.0,228.0,8015.70958581
2020-04-17 18:18:00,228.0,228.0,227.0,228.0,49.85824592
2020-04-17 18:19:00,228.0,228.0,227.0,228.0,102826.47754227
2020-04-17 18:20:00,227.0,228.0,227.0,227.0,183455.91701353
2020-04-17 18:21:00,228.0,228.0,228.0,228.0,2481.68824428
2020-04-17 18:22:00,228.0,228.0,227.0,228.0,87873.25279031
2020-04-17 18:23:00,228.0,228.0,227.0,228.0,116837.72228413
2020-04-17 18:24:00,228.0,228.0,227.0,227.0,212398.56431325
2020-04-17 18:25:00,227.0,228.0,227.0,228.0,929910.320244
2020-04-17 18:26:00,228.0,228.0,228.0,228.0,476.51510567
2020-04-17 18:27:00,229.0,229.0,228.0,228.0,1203.63967939
2020-04-17 18:28:00,229.0,229.0,228.0,228.0,202.25675676
2020-04-17 18:29:00,228.0,228.0,227.0,228.0,564323.29884993
2020-04-17 18:30:00,228.0,228.0,228.0,228.0,255705.1233347
2020-04-17 18:31:00,228.0,228.0,228.0,228.0,37478.12742934
2020-04-17 18:32:00,228.0,229.0,228.0,228.0,21530.13366695
2020-04-17 18:35:00,229.0,229.0,229.0,229.0,7718.07546008
2020-04-17 18:36:00,229.0,229.0,229.0,229.0,450236.86410068
2020-04-17 18:37:00,229.0,229.0,228.0,228.0,2672.63101874
2020-04-17 18:38:00,228.0,228.0,228.0,228.0,263.99202134
2020-04-17 18:39:00,228.0,228.0,228.0,228.0,5000.0
2020-04-17 18:40:00,228.0,229.0,228.0,229.0,3856.6582981
2020-04-17 18:41:00,229.0,229.0,228.0,228.0,6535.51307343
2020-04-17 18:42:00,229.0,229.0,228.0,228.0,220.5726171
2020-04-17 18:43:00,228.0,228.0,228.0,228.0,165.01629804
2020-04-17 18:44:00,229.0,229.0,228.0,228.0,3639.05244021
2020-04-17 18:45:00,228.0,229.0,228.0,228.0,3045.71481354
2020-04-17 18:46:00,228.0,229.0,228.0,229.0,809396.83318384
2020-04-17 18:47:00,229.0,229.0,228.0,228.0,84993.31592632
2020-04-17 18:48:00,229.0,229.0,228.0,229.0,47279.8275546
2020-04-17 18:49:00,230.0,230.0,229.0,229.0,51.49659443
2020-04-17 18:50:00,230.0,230.0,229.0,229.0,2432.68907137
2020-04-17 18:51:00,229.0,230.0,229.0,229.0,24177.61614548
2020-04-17 18:52:00,229.0,229.0,228.0,229.0,522270.31049997
2020-04-17 18:53:00,229.0,229.0,228.0,228.0,15802.48886478
2020-04-17 18:54:00,228.0,229.0,228.0,228.0,199998.57245602
2020-04-17 18:56:00,228.0,229.0,228.0,228.0,21919.28350608
2020-04-17 18:57:00,228.0,228.0,228.0,228.0,4527.72009232
2020-04-17 18:58:00,229.0,229.0,228.0,229.0,325932.38472422
2020-04-17 18:59:00,228.0,229.0,228.0,229.0,1821.18
2020-04-17 19:00:00,228.0,229.0,228.0,229.0,5114.88559479
2020-04-17 19:01:00,229.0,229.0,228.0,229.0,4295.16460206
2020-04-17 19:02:00,229.0,229.0,228.0,229.0,59386.01910096
2020-04-17 19:03:00,228.0,229.0,228.0,228.0,20110.55477114
2020-04-17 19:04:00,229.0,229.0,228.0,229.0,10097.19794826
2020-04-17 19:05:00,229.0,229.0,228.0,229.0,3646.80795318
2020-04-17 19:06:00,229.0,229.0,228.0,228.0,114.30357542
2020-04-17 19:07:00,229.0,229.0,228.0,229.0,4252.25028498
2020-04-17 19:08:00,228.0,229.0,228.0,229.0,5434.99456914
2020-04-17 19:09:00,228.0,229.0,228.0,229.0,1896.06564928
2020-04-17 19:10:00,228.0,228.0,228.0,228.0,66.61377443
2020-04-17 19:11:00,228.0,228.0,228.0,228.0,34.18184776
2020-04-17 19:12:00,229.0,229.0,229.0,229.0,434.44978165
2020-04-17 19:13:00,229.0,229.0,229.0,229.0,458.29705221
2020-04-17 19:15:00,229.0,229.0,229.0,229.0,2182.31495605
2020-04-17 19:16:00,228.0,229.0,228.0,229.0,141377.84781021
2020-04-17 19:17:00,228.0,229.0,228.0,228.0,1913.34986774
2020-04-17 19:18:00,229.0,229.0,228.0,229.0,38.75911905
2020-04-17 19:19:00,229.0,229.0,229.0,229.0,6410.95632805
2020-04-17 19:20:00,229.0,229.0,229.0,229.0,891.81610068
2020-04-17 19:21:00,229.0,229.0,229.0,229.0,545.57873901
2020-04-17 19:22:00,229.0,229.0,229.0,229.0,3000.0
2020-04-17 19:24:00,229.0,229.0,229.0,229.0,294.12445401
2020-04-17 19:25:00,229.0,229.0,228.0,228.0,75437.85415502
2020-04-17 19:26:00,228.0,229.0,228.0,229.0,14420.895567
2020-04-17 19:27:00,229.0,229.0,228.0,228.0,76.93568569
2020-04-17 19:28:00,229.0,229.0,229.0,229.0,20000.0
2020-04-17 19:29:00,229.0,229.0,228.0,228.0,38415.39122024
2020-04-17 19:30:00,228.0,228.0,228.0,228.0,281.4618477
2020-04-17 19:31:00,228.0,229.0,228.0,229.0,818.93881203
2020-04-17 19:32:00,229.0,229.0,229.0,229.0,39.2816692
2020-04-17 19:35:00,229.0,229.0,228.0,228.0,421.834061
2020-04-17 19:36:00,228.0,228.0,228.0,228.0,3071.71214935
2020-04-17 19:37:00,228.0,229.0,228.0,229.0,19569.07740161
2020-04-17 19:39:00,228.0,228.0,228.0,228.0,37.96375346
2020-04-17 19:41:00,228.0,228.0,228.0,228.0,2196.4767512
2020-04-17 19:42:00,228.0,228.0,228.0,228.0,1259.511046
2020-04-17 19:44:00,228.0,228.0,228.0,228.0,20000.0
2020-04-17 19:45:00,228.0,229.0,228.0,229.0,12894.24195288
2020-04-17 19:46:00,228.0,228.0,228.0,228.0,1622.14772543
2020-04-17 19:47:00,229.0,229.0,229.0,229.0,3349.08842794
2020-04-17 19:48:00,228.0,228.0,228.0,228.0,6000.0
2020-04-17 19:49:00,228.0,228.0,228.0,228.0,1094.89025262
2020-04-17 19:51:00,229.0,229.0,228.0,228.0,6.63898899
2020-04-17 19:52:00,228.0,228.0,228.0,228.0,1280.17457391
2020-04-17 19:53:00,228.0,228.0,228.0,228.0,22026.43171806
2020-04-17 19:54:00,228.0,228.0,228.0,228.0,365.0
2020-04-17 19:56:00,228.0,228.0,228.0,228.0,326.645
2020-04-17 19:58:00,229.0,229.0,228.0,229.0,33263.97923307
2020-04-17 19:59:00,229.0,229.0,229.0,229.0,10873.36244541
2020-04-17 20:00:00,229.0,229.0,228.0,229.0,19.43455296
2020-04-17 20:01:00,228.0,229.0,228.0,229.0,4456.6601318
2020-04-17 20:02:00,228.0,229.0,228.0,229.0,70.69521952
2020-04-17 20:03:00,228.0,229.0,228.0,229.0,1944.43102738
2020-04-17 20:04:00,228.0,229.0,228.0,229.0,42935.0933738
2020-04-17 20:05:00,228.0,229.0,228.0,229.0,68.46182295
2020-04-17 20:06:00,228.0,229.0,228.0,229.0,7131.12029082
2020-04-17 20:07:00,228.0,229.0,228.0,229.0,2416.51050603
2020-04-17 20:08:00,228.0,229.0,228.0,228.0,17533.57401851
2020-04-17 20:09:00,229.0,229.0,228.0,229.0,10930.63487265
2020-04-17 20:10:00,228.0,229.0,228.0,228.0,6929.06236448
2020-04-17 20:11:00,228.0,229.0,228.0,229.0,4969.37913414
2020-04-17 20:12:00,228.0,229.0,228.0,229.0,17742.50854879
2020-04-17 20:13:00,228.0,229.0,228.0,228.0,3804.36946327
2020-04-17 20:14:00,229.0,229.0,228.0,229.0,8135.00172559
2020-04-17 20:15:00,228.0,229.0,228.0,228.0,21.56642079
2020-04-17 20:16:00,229.0,229.0,229.0,229.0,421271.99250986
2020-04-17 20:17:00,229.0,229.0,229.0,229.0,20803.37059493
2020-04-17 20:18:00,229.0,229.0,229.0,229.0,31552.03883556
2020-04-17 20:19:00,229.0,229.0,229.0,229.0,26192.04793951
2020-04-17 20:21:00,229.0,229.0,228.0,229.0,17151.86718678
2020-04-17 20:24:00,229.0,229.0,229.0,229.0,5501.20572901
2020-04-17 20:25:00,229.0,229.0,228.0,228.0,13527.12287885
2020-04-17 20:26:00,228.0,228.0,228.0,228.0,6303.35663218
2020-04-17 20:27:00,229.0,229.0,229.0,229.0,16.0
2020-04-17 20:29:00,229.0,229.0,229.0,229.0,4364.62991211
2020-04-17 20:30:00,229.0,229.0,228.0,228.0,10901.7292575
2020-04-17 20:31:00,229.0,229.0,228.0,228.0,5.2
2020-04-17 20:32:00,228.0,228.0,228.0,228.0,30032.8
2020-04-17 20:33:00,228.0,228.0,228.0,228.0,7285.87124981
2020-04-17 20:34:00,228.0,228.0,228.0,228.0,16327.9015514
2020-04-17 20:35:00,229.0,229.0,229.0,229.0,1150.0
2020-04-17 20:36:00,228.0,228.0,228.0,228.0,355.0
2020-04-17 20:37:00,229.0,229.0,229.0,229.0,4364.62991211
2020-04-17 20:39:00,229.0,229.0,229.0,229.0,2.18777292
2020-04-17 20:40:00,228.0,228.0,228.0,228.0,223341.2261
2020-04-17 20:41:00,228.0,228.0,228.0,228.0,1500.0
2020-04-17 20:44:00,229.0,229.0,229.0,229.0,9731.46614465
2020-04-17 20:45:00,229.0,229.0,228.0,228.0,12949.39694034
2020-04-17 20:46:00,228.0,229.0,228.0,228.0,44976.24669567
2020-04-17 20:47:00,228.0,228.0,228.0,228.0,29716.88467749
2020-04-17 20:48:00,229.0,229.0,229.0,229.0,436.46299121
2020-04-17 20:50:00,228.0,228.0,228.0,228.0,52053.07892561
2020-04-17 20:52:00,228.0,228.0,228.0,228.0,550.0
2020-04-17 20:53:00,228.0,228.0,228.0,228.0,143.47907949
2020-04-17 20:55:00,228.0,228.0,228.0,228.0,10240.8749478
2020-04-17 20:56:00,228.0,229.0,228.0,229.0,917.2071983
2020-04-17 20:57:00,229.0,229.0,229.0,229.0,77183.40611353
2020-04-17 20:58:00,229.0,229.0,229.0,229.0,10000.0
2020-04-17 20:59:00,229.0,229.0,229.0,229.0,230.66196159
2020-04-18 02:00:00,229.0,229.0,228.0,228.0,65.88692443
2020-04-18 02:01:00,229.0,229.0,229.0,229.0,60.8473056
2020-04-18 02:03:00,228.0,228.0,228.0,228.0,5045.87815794
2020-04-18 02:06:00,228.0,228.0,228.0,228.0,28368.653
2020-04-18 02:07:00,228.0,228.0,228.0,228.0,7127.120192
2020-04-18 02:08:00,228.0,229.0,228.0,229.0,61533.642956
2020-04-18 02:09:00,229.0,229.0,229.0,229.0,2.5
2020-04-18 02:11:00,229.0,229.0,229.0,229.0,21.834061
2020-04-18 02:16:00,228.0,228.0,228.0,228.0,300.0
2020-04-18 02:17:00,228.0,228.0,228.0,228.0,2260.60880334
2020-04-18 02:20:00,228.0,228.0,228.0,228.0,400.0
2020-04-18 02:29:00,229.0,229.0,229.0,229.0,1500.0
2020-04-18 02:31:00,228.0,228.0,228.0,228.0,7400.0
2020-04-18 02:32:00,228.0,228.0,228.0,228.0,5000.0
2020-04-18 02:33:00,228.0,228.0,228.0,228.0,2181.10309599
2020-04-18 02:34:00,229.0,229.0,229.0,229.0,143.59388646
2020-04-18 02:36:00,229.0,229.0,229.0,229.0,13093.88973635
2020-04-18 02:37:00,228.0,229.0,228.0,228.0,785.87975234
2020-04-18 02:38:00,229.0,229.0,229.0,229.0,20054.45748741
2020-04-18 02:39:00,228.0,228.0,228.0,228.0,38.47653078
2020-04-18 02:40:00,228.0,228.0,228.0,228.0,25018.40538464
2020-04-18 02:41:00,229.0,229.0,229.0,229.0,41.33624454
2020-04-18 02:43:00,228.0,228.0,228.0,228.0,12027.2287437
2020-04-18 02:44:00,228.0,228.0,228.0,228.0,1500.0
2020-04-18 02:45:00,228.0,228.0,228.0,228.0,33814.58848775
2020-04-18 02:46:00,228.0,228.0,228.0,228.0,250.95655297
2020-04-18 02:48:00,228.0,228.0,228.0,228.0,10027.22874371
2020-04-18 02:49:00,228.0,228.0,228.0,228.0,3000.0
2020-04-18 02:50:00,228.0,228.0,228.0,228.0,846.0
2020-04-18 02:53:00,229.0,229.0,229.0,229.0,78.82521621
2020-04-18 02:55:00,229.0,229.0,229.0,229.0,87.623536
2020-04-18 02:58:00,229.0,229.0,229.0,229.0,13852.76357454
2020-04-18 03:00:00,228.0,228.0,228.0,228.0,86.1
2020-04-18 03:01:00,228.0,229.0,228.0,229.0,87.42936852
2020-04-18 03:03:00,229.0,229.0,228.0,229.0,220.14123473
2020-04-18 03:04:00,229.0,229.0,229.0,229.0,1241.27995632
2020-04-18 03:05:00,229.0,229.0,229.0,229.0,218489.51091702
2020-04-18 03:06:00,229.0,229.0,229.0,229.0,96.24672475
2020-04-18 03:08:00,228.0,228.0,228.0,228.0,3000.0
2020-04-18 03:11:00,228.0,228.0,228.0,228.0,31.27094989
2020-04-18 03:12:00,229.0,229.0,229.0,229.0,21718.60794493
2020-04-18 03:13:00,228.0,228.0,228.0,228.0,2020.992
2020-04-18 03:15:00,228.0,228.0,228.0,228.0,52.40174672
2020-04-18 03:17:00,229.0,229.0,229.0,229.0,163.31572205
2020-04-18 03:21:00,228.0,228.0,228.0,228.0,15000.0
2020-04-18 03:22:00,228.0,228.0,228.0,228.0,417.0
2020-04-18 03:24:00,228.0,228.0,228.0,228.0,9958.64446631
2020-04-18 03:26:00,229.0,229.0,229.0,229.0,3659.1136746
2020-04-18 03:28:00,229.0,229.0,229.0,229.0,43.763886
2020-04-18 03:39:00,229.0,229.0,229.0,229.0,10000.0
2020-04-18 03:40:00,229.0,229.0,229.0,229.0,21.834061
2020-04-18 03:43:00,228.0,228.0,228.0,228.0,100.0
2020-04-18 03:44:00,228.0,228.0,228.0,228.0,5463.32397574
2020-04-18 03:49:00,229.0,229.0,229.0,229.0,183.31441048
2020-04-18 03:51:00,229.0,229.0,229.0,229.0,962.80898838
2020-04-18 04:02:00,229.0,229.0,229.0,229.0,21.834061
2020-04-18 04:03:00,229.0,229.0,229.0,229.0,4648.29593936
2020-04-18 04:04:00,229.0,229.0,229.0,229.0,103980.38098854
2020-04-18 04:07:00,229.0,229.0,229.0,229.0,2182.31495605
2020-04-18 04:10:00,228.0,228.0,228.0,228.0,1157.68448363
2020-04-18 04:13:00,228.0,228.0,228.0,228.0,8657.64069264
2020-04-18 04:14:00,229.0,229.0,229.0,229.0,261.87779472
2020-04-18 04:15:00,228.0,228.0,228.0,228.0,359.50620425
2020-04-18 04:24:00,229.0,229.0,229.0,229.0,43.64629912
2020-04-18 04:25:00,228.0,228.0,228.0,228.0,16400.0
2020-04-18 04:26:00,228.0,228.0,228.0,228.0,187999.0
2020-04-18 04:37:00,228.0,228.0,228.0,228.0,1000.0
2020-04-18 04:45:00,229.0,229.0,229.0,229.0,7600.6433
2020-04-18 04:46:00,229.0,229.0,229.0,229.0,18659.0714365
2020-04-18 04:47:00,229.0,229.0,229.0,229.0,3461.217011
2020-04-18 04:48:00,229.0,229.0,229.0,229.0,7000.0
2020-04-18 04:49:00,229.0,229.0,229.0,229.0,27254.06385871
2020-04-18 04:50:00,229.0,229.0,229.0,229.0,206843.24126643
2020-04-18 04:52:00,230.0,230.0,230.0,230.0,4861.65909564
2020-04-18 04:54:00,229.0,229.0,229.0,229.0,3.0
2020-04-18 04:56:00,229.0,229.0,229.0,229.0,510.11954736
2020-04-18 04:59:00,229.0,229.0,229.0,229.0,5000.0
2020-04-18 05:06:00,229.0,229.0,229.0,229.0,4648.29593936
2020-04-18 05:09:00,229.0,229.0,229.0,229.0,4621.834061
2020-04-18 05:10:00,229.0,229.0,229.0,229.0,691.43
2020-04-18 05:11:00,229.0,229.0,229.0,229.0,6954.566011
2020-04-18 05:12:00,229.0,229.0,229.0,229.0,7482.83821067
2020-04-18 05:15:00,229.0,229.0,228.0,228.0,21734.80127854
2020-04-18 05:18:00,229.0,229.0,229.0,229.0,6.318007
2020-04-18 05:19:00,229.0,229.0,229.0,229.0,5002.31944445
2020-04-18 05:20:00,228.0,228.0,228.0,228.0,2.31944445
2020-04-18 05:37:00,230.0,230.0,228.0,228.0,39113.20957549
2020-04-18 05:41:00,229.0,229.0,229.0,229.0,6972.02832
2020-04-18 05:42:00,229.0,229.0,228.0,229.0,19897.92705663
2020-04-18 05:45:00,229.0,229.0,229.0,229.0,147.766594
2020-04-18 05:51:00,230.0,230.0,230.0,230.0,1197.63596462
2020-04-18 05:52:00,230.0,230.0,229.0,229.0,21706.00455797
2020-04-18 05:53:00,229.0,229.0,229.0,229.0,141.0
2020-04-18 05:54:00,229.0,229.0,228.0,229.0,113619.09262798
2020-04-18 05:56:00,228.0,228.0,228.0,228.0,2.33023256
2020-04-18 06:00:00,229.0,229.0,229.0,229.0,2574.37405419
2020-04-18 06:02:00,229.0,229.0,229.0,229.0,38443.05681828
2020-04-18 06:05:00,229.0,229.0,229.0,229.0,1000.0
2020-04-18 06:08:00,229.0,229.0,229.0,229.0,185.07055
2020-04-18 06:09:00,229.0,229.0,229.0,229.0,100826.77959265
2020-04-18 06:10:00,229.0,229.0,229.0,229.0,248553.21996898
2020-04-18 06:11:00,229.0,229.0,229.0,229.0,13053.95424604
2020-04-18 06:12:00,229.0,229.0,229.0,229.0,17194.0
2020-04-18 06:13:00,229.0,229.0,229.0,229.0,85848.69211641
2020-04-18 06:14:00,229.0,229.0,229.0,229.0,21.834061
2020-04-18 06:15:00,229.0,229.0,228.0,228.0,13040.67916514
2020-04-18 06:16:00,229.0,229.0,229.0,229.0,10742.49712002
2020-04-18 06:19:00,228.0,228.0,228.0,228.0,95669.80291112
2020-04-18 06:20:00,229.0,229.0,229.0,229.0,6470.63073781
2020-04-18 06:21:00,228.0,229.0,228.0,228.0,109155.52115877
2020-04-18 06:22:00,229.0,229.0,228.0,228.0,1329.30417976
2020-04-18 06:23:00,229.0,229.0,228.0,228.0,10484.10574101
2020-04-18 06:24:00,229.0,229.0,228.0,228.0,924.29585047
2020-04-18 06:25:00,229.0,229.0,228.0,229.0,9533.2433325
2020-04-18 06:26:00,228.0,229.0,228.0,229.0,342.09698133
2020-04-18 06:27:00,229.0,229.0,228.0,228.0,6841.81712208
2020-04-18 06:30:00,229.0,229.0,229.0,229.0,29024.9847
2020-04-18 06:31:00,228.0,230.0,228.0,228.0,9.02485381
2020-04-18 06:33:00,229.0,229.0,229.0,229.0,11114.72384824
2020-04-18 06:34:00,229.0,229.0,228.0,229.0,25419.29271506
2020-04-18 06:35:00,229.0,229.0,229.0,229.0,55.0
2020-04-18 06:36:00,229.0,229.0,229.0,229.0,968.2189
2020-04-18 06:40:00,229.0,229.0,229.0,229.0,788.23695652
2020-04-18 06:42:00,229.0,229.0,228.0,228.0,77054.54728677
2020-04-18 06:43:00,229.0,229.0,228.0,228.0,39463.15167851
2020-04-18 06:46:00,229.0,229.0,229.0,229.0,27543.90685833
2020-04-18 06:50:00,229.0,229.0,229.0,229.0,29242.45814977
2020-04-18 06:54:00,229.0,229.0,229.0,229.0,157717.15933567
2020-04-18 06:55:00,229.0,229.0,229.0,229.0,50000.0
2020-04-18 06:57:00,229.0,229.0,229.0,229.0,120943.78203376
2020-04-18 07:02:00,230.0,230.0,229.0,229.0,141064.34971035
2020-04-18 07:03:00,230.0,230.0,229.0,229.0,181382.22269848
2020-04-18 07:05:00,229.0,229.0,229.0,229.0,1300.0
2020-04-18 07:10:00,229.0,229.0,229.0,229.0,3033.99155123
2020-04-18 07:13:00,230.0,230.0,229.0,229.0,57965.76735186
2020-04-18 07:15:00,229.0,230.0,229.0,230.0,3311.32042673
2020-04-18 07:16:00,230.0,230.0,230.0,230.0,7764.53695652
2020-04-18 07:17:00,229.0,229.0,229.0,229.0,2.28767124
2020-04-18 07:19:00,230.0,230.0,229.0,229.0,4206.90710065
2020-04-18 07:26:00,230.0,230.0,229.0,229.0,14253.24461424
2020-04-18 07:28:00,229.0,229.0,229.0,229.0,15000.18347353
2020-04-18 07:30:00,229.0,229.0,229.0,229.0,5000.0
2020-04-18 07:31:00,229.0,229.0,229.0,229.0,1000.0
2020-04-18 07:32:00,229.0,229.0,229.0,229.0,1000.0
2020-04-18 07:34:00,229.0,229.0,229.0,229.0,3000.0
2020-04-18 07:36:00,229.0,229.0,229.0,229.0,44000.0
2020-04-18 07:42:00,230.0,230.0,230.0,230.0,130.4347826
2020-04-18 07:46:00,230.0,230.0,229.0,230.0,13016.81198147
2020-04-18 07:47:00,230.0,230.0,230.0,230.0,47.76742063
2020-04-18 07:49:00,229.0,229.0,229.0,229.0,2000.0
2020-04-18 07:50:00,230.0,230.0,229.0,229.0,11251.12116431
2020-04-18 07:54:00,229.0,229.0,229.0,229.0,2109.36636944
2020-04-18 07:59:00,230.0,230.0,230.0,230.0,746.31173913
2020-04-18 08:00:00,230.0,230.0,229.0,229.0,1006.22666667
2020-04-18 08:01:00,229.0,229.0,229.0,229.0,16472.90660081
2020-04-18 08:03:00,230.0,230.0,230.0,230.0,29060.47411077
2020-04-18 08:04:00,230.0,230.0,230.0,230.0,173.73569647
2020-04-18 08:05:00,230.0,230.0,229.0,229.0,2909.17795186
2020-04-18 08:08:00,229.0,229.0,229.0,229.0,5000.0
2020-04-18 08:12:00,230.0,230.0,229.0,229.0,2626.9947171
2020-04-18 08:14:00,229.0,229.0,229.0,229.0,4347.82608695
2020-04-18 08:18:00,229.0,230.0,229.0,229.0,23164.34821174
2020-04-18 08:20:00,230.0,230.0,230.0,230.0,500.0
2020-04-18 08:21:00,230.0,231.0,229.0,230.0,684588.46633972
2020-04-18 08:22:00,231.0,231.0,230.0,231.0,2787.6310012
2020-04-18 08:23:00,230.0,230.0,230.0,230.0,73826.2887
2020-04-18 08:24:00,230.0,231.0,230.0,231.0,4433.43676971
2020-04-18 08:26:00,231.0,231.0,231.0,231.0,43.479083
2020-04-18 08:28:00,231.0,231.0,231.0,231.0,4430.70672455
2020-04-18 08:29:00,231.0,231.0,230.0,230.0,8887.52391333
2020-04-18 08:30:00,230.0,231.0,230.0,231.0,10990.48008658
2020-04-18 08:31:00,231.0,231.0,231.0,231.0,5820.98311688
2020-04-18 08:32:00,230.0,231.0,230.0,231.0,1173.91304348
2020-04-18 08:33:00,231.0,231.0,231.0,231.0,865.8008658
2020-04-18 08:34:00,231.0,231.0,231.0,231.0,5841.08891774
2020-04-18 08:35:00,231.0,231.0,231.0,231.0,35880.80530648
2020-04-18 08:36:00,231.0,231.0,230.0,230.0,8773.472674
2020-04-18 08:37:00,231.0,231.0,231.0,231.0,10121.21212157
2020-04-18 08:38:00,231.0,231.0,231.0,231.0,3000.0
2020-04-18 08:39:00,231.0,231.0,231.0,231.0,679.39
2020-04-18 08:40:00,231.0,231.0,231.0,231.0,5000.0
2020-04-18 08:41:00,231.0,231.0,231.0,231.0,39472.78143483
2020-04-18 08:42:00,230.0,230.0,230.0,230.0,2051.3148
2020-04-18 08:43:00,231.0,231.0,230.0,230.0,642536.0134734
2020-04-18 08:44:00,230.0,230.0,229.0,229.0,30546.98323339
2020-04-18 08:45:00,229.0,230.0,229.0,230.0,118095.80549924
2020-04-18 08:46:00,230.0,230.0,230.0,230.0,58571.56225276
2020-04-18 08:47:00,230.0,230.0,230.0,230.0,181586.20648007
2020-04-18 08:48:00,229.0,230.0,229.0,229.0,1030.13828748
2020-04-18 08:49:00,229.0,230.0,229.0,230.0,393.20953861
2020-04-18 08:50:00,230.0,230.0,229.0,229.0,1434.78260869
2020-04-18 08:51:00,230.0,230.0,229.0,229.0,67625.93624717
2020-04-18 08:52:00,229.0,229.0,228.0,228.0,428165.39846314
2020-04-18 08:53:00,228.0,229.0,228.0,229.0,397549.05039468
2020-04-18 08:54:00,229.0,229.0,228.0,229.0,85829.96041988
2020-04-18 08:55:00,229.0,229.0,228.0,229.0,100506.89552866
2020-04-18 08:56:00,229.0,229.0,228.0,229.0,43666.26327247
2020-04-18 08:57:00,229.0,229.0,229.0,229.0,164941.0714935
2020-04-18 08:58:00,228.0,228.0,228.0,228.0,2497.9359254
2020-04-18 08:59:00,228.0,228.0,228.0,228.0,4479.34410922
2020-04-18 16:40:00,230.0,230.0,230.0,230.0,111277.76243286
2020-04-18 16:41:00,230.0,230.0,229.0,229.0,13689.59995501
2020-04-18 16:42:00,230.0,230.0,230.0,230.0,7449.0915143
2020-04-18 16:43:00,230.0,231.0,230.0,231.0,47.0875
2020-04-18 16:44:00,231.0,231.0,230.0,230.0,4661.69652129
2020-04-18 16:45:00,230.0,230.0,230.0,230.0,4165.47866417
2020-04-18 16:47:00,230.0,230.0,230.0,230.0,3765.79101753
2020-04-18 16:48:00,230.0,231.0,229.0,229.0,24834.91531937
2020-04-18 16:49:00,230.0,230.0,230.0,230.0,3636.0
2020-04-18 16:50:00,230.0,230.0,230.0,230.0,31863.75
2020-04-18 16:52:00,231.0,231.0,231.0,231.0,14278.57499821
2020-04-18 16:53:00,230.0,230.0,230.0,230.0,1816.92703431
2020-04-18 16:54:00,230.0,230.0,230.0,230.0,23616.42934993
2020-04-18 16:55:00,230.0,230.0,230.0,230.0,434.78260869
2020-04-18 16:56:00,230.0,230.0,230.0,230.0,4008.465743
2020-04-18 16:57:00,231.0,231.0,231.0,231.0,41463.22077056
2020-04-18 16:58:00,230.0,230.0,230.0,230.0,2.25
2020-04-18 17:00:00,230.0,230.0,230.0,230.0,6711.82142045
2020-04-18 17:01:00,230.0,230.0,230.0,230.0,94251.16373129
2020-04-18 17:03:00,230.0,230.0,230.0,230.0,210.4454
2020-04-18 17:04:00,230.0,230.0,230.0,230.0,19630.338343
2020-04-18 17:05:00,230.0,230.0,230.0,230.0,1368.4454
2020-04-18 17:06:00,230.0,230.0,230.0,230.0,746.0099393
2020-04-18 17:08:00,230.0,230.0,230.0,230.0,10784.9
2020-04-18 17:10:00,230.0,230.0,230.0,230.0,695.65217392
2020-04-18 17:11:00,230.0,230.0,230.0,230.0,238.58311688
2020-04-18 17:12:00,231.0,231.0,230.0,230.0,14540.9366497
2020-04-18 17:14:00,230.0,230.0,230.0,230.0,8720.6697
2020-04-18 17:15:00,231.0,231.0,231.0,231.0,26100.0
2020-04-18 17:16:00,230.0,230.0,230.0,230.0,10.498413
2020-04-18 17:20:00,230.0,230.0,230.0,230.0,984.25141479
2020-04-18 17:21:00,230.0,230.0,230.0,230.0,11775.75666367
2020-04-18 17:23:00,231.0,231.0,231.0,231.0,15259.82452496
2020-04-18 17:25:00,231.0,231.0,231.0,231.0,65.123282
2020-04-18 17:26:00,230.0,230.0,230.0,230.0,1552.15476032
2020-04-18 17:27:00,230.0,230.0,230.0,230.0,17.26468059
2020-04-18 17:28:00,230.0,230.0,230.0,230.0,8564.84414314
2020-04-18 17:29:00,231.0,231.0,231.0,231.0,4072.845096
2020-04-18 17:32:00,231.0,231.0,231.0,231.0,12115.15454394
2020-04-18 17:33:00,230.0,230.0,230.0,230.0,3366.47260785
2020-04-18 17:34:00,230.0,230.0,230.0,230.0,35122.41498298
2020-04-18 17:35:00,231.0,231.0,231.0,231.0,129.80522725
2020-04-18 17:36:00,231.0,231.0,230.0,230.0,64862.68153354
2020-04-18 17:38:00,230.0,230.0,230.0,230.0,14350.0
2020-04-18 17:39:00,230.0,231.0,230.0,231.0,3102.75177274
2020-04-18 17:40:00,231.0,231.0,231.0,231.0,1143.49751531
2020-04-18 17:43:00,231.0,231.0,231.0,231.0,3778.61134367
2020-04-18 17:44:00,230.0,231.0,230.0,230.0,42472.318436
2020-04-18 17:45:00,230.0,230.0,230.0,230.0,341662.06404509
2020-04-18 17:46:00,230.0,230.0,230.0,230.0,4295.83462926
2020-04-18 17:47:00,230.0,230.0,230.0,230.0,71182.32937159
2020-04-18 17:48:00,231.0,231.0,231.0,231.0,788.00332806
2020-04-18 17:50:00,230.0,230.0,230.0,230.0,434.78260869
2020-04-18 17:51:00,230.0,230.0,230.0,230.0,2230.34760077
2020-04-18 17:52:00,230.0,230.0,230.0,230.0,92006.31284069
2020-04-18 17:53:00,230.0,230.0,230.0,230.0,20089.24091474
2020-04-18 17:55:00,230.0,230.0,229.0,229.0,4.5
2020-04-18 17:56:00,230.0,230.0,229.0,229.0,1079.0473
2020-04-18 17:57:00,229.0,230.0,229.0,229.0,25969.98456466
2020-04-18 17:59:00,230.0,230.0,230.0,230.0,10293.16412988
2020-04-18 18:00:00,229.0,230.0,229.0,230.0,1338.94597809
2020-04-18 18:01:00,229.0,229.0,229.0,229.0,2.2
2020-04-18 18:02:00,229.0,229.0,229.0,229.0,20272.90338998
2020-04-18 18:03:00,229.0,230.0,229.0,230.0,26804.02233989
2020-04-18 18:04:00,229.0,230.0,229.0,230.0,43480.46086956
2020-04-18 18:05:00,229.0,229.0,229.0,229.0,2.3
2020-04-18 18:06:00,230.0,230.0,229.0,230.0,10132.63478261
2020-04-18 18:07:00,229.0,230.0,229.0,229.0,47.87826087
2020-04-18 18:08:00,229.0,229.0,229.0,229.0,2645.50408778
2020-04-18 18:09:00,229.0,230.0,229.0,230.0,118578.39235594
2020-04-18 18:10:00,230.0,230.0,230.0,230.0,1625.92340096
2020-04-18 18:11:00,230.0,230.0,230.0,230.0,1463.33106086
2020-04-18 18:12:00,230.0,230.0,230.0,230.0,13758.89611408
2020-04-18 18:13:00,230.0,230.0,230.0,230.0,82892.95180497
2020-04-18 18:14:00,230.0,230.0,230.0,230.0,29526.61756078
2020-04-18 18:15:00,230.0,231.0,230.0,231.0,31957.42463497
2020-04-18 18:16:00,230.0,231.0,230.0,231.0,215.67473838
2020-04-18 18:17:00,230.0,230.0,230.0,230.0,40875.72930013
2020-04-18 18:18:00,230.0,230.0,230.0,230.0,1304.34782609
2020-04-18 18:19:00,230.0,230.0,230.0,230.0,1765.86592996
2020-04-18 18:21:00,230.0,230.0,230.0,230.0,209.74026261
2020-04-18 18:22:00,230.0,230.0,230.0,230.0,1427.89600294
2020-04-18 18:23:00,230.0,230.0,230.0,230.0,10952.36188906
2020-04-18 18:24:00,230.0,230.0,230.0,230.0,10387.88734725
2020-04-18 18:25:00,230.0,230.0,230.0,230.0,100.0
2020-04-18 18:26:00,231.0,231.0,231.0,231.0,8.21212121
2020-04-18 18:27:00,230.0,230.0,230.0,230.0,54733.70990808
2020-04-18 18:28:00,230.0,230.0,230.0,230.0,6542.02257566
2020-04-18 18:29:00,230.0,230.0,230.0,230.0,62330.39056944
2020-04-18 18:31:00,230.0,230.0,230.0,230.0,3970.81775855
2020-04-18 18:33:00,230.0,230.0,230.0,230.0,15000.14101354
2020-04-18 18:34:00,230.0,230.0,230.0,230.0,48.45303656
2020-04-18 18:35:00,230.0,230.0,230.0,230.0,15688.86679736
2020-04-18 18:36:00,230.0,231.0,230.0,231.0,21464.05585085
2020-04-18 18:37:00,231.0,231.0,231.0,231.0,432.68409085
2020-04-18 18:38:00,231.0,231.0,231.0,231.0,42059.0830126
2020-04-18 18:39:00,231.0,231.0,231.0,231.0,52394.2337037
2020-04-18 18:40:00,230.0,230.0,230.0,230.0,882.98660715
2020-04-18 18:41:00,231.0,231.0,230.0,230.0,2451.40543831
2020-04-18 18:42:00,230.0,231.0,230.0,230.0,35145.41687227
2020-04-18 18:43:00,231.0,231.0,230.0,231.0,910.82697864
2020-04-18 18:44:00,230.0,230.0,230.0,230.0,343.64146681
2020-04-18 18:45:00,230.0,230.0,230.0,230.0,3901.362652
2020-04-18 18:47:00,230.0,230.0,230.0,230.0,307.54072552
2020-04-18 18:48:00,230.0,230.0,230.0,230.0,34017.78942461
2020-04-18 18:49:00,230.0,230.0,230.0,230.0,31302.03608788
2020-04-18 18:50:00,231.0,231.0,231.0,231.0,216.5
2020-04-18 18:52:00,231.0,231.0,230.0,230.0,6.4479993
2020-04-18 18:53:00,230.0,230.0,230.0,230.0,80605.09699515
2020-04-18 18:54:00,230.0,230.0,229.0,229.0,101151.62490471
2020-04-18 18:55:00,230.0,230.0,229.0,230.0,4002.24663678
2020-04-18 18:56:00,229.0,229.0,229.0,229.0,130.77049736
2020-04-18 18:57:00,230.0,230.0,230.0,230.0,20077.39458529
2020-04-18 18:58:00,230.0,230.0,229.0,229.0,11300.74650033
2020-04-18 18:59:00,229.0,229.0,229.0,229.0,61644.66552027
2020-04-18 19:00:00,229.0,229.0,229.0,229.0,23881.57420079
2020-04-18 19:01:00,230.0,230.0,230.0,230.0,1303.69597809
2020-04-18 19:02:00,229.0,229.0,229.0,229.0,323.51675676
2020-04-18 19:03:00,230.0,230.0,230.0,230.0,9995.00249875
2020-04-18 19:04:00,230.0,230.0,230.0,230.0,5407.52884383
2020-04-18 19:06:00,230.0,230.0,229.0,230.0,177.02924546
2020-04-18 19:07:00,229.0,229.0,229.0,229.0,4257.15697306
2020-04-18 19:08:00,230.0,230.0,229.0,229.0,1693.3090433
2020-04-18 19:09:00,230.0,230.0,229.0,229.0,6.60341937
2020-04-18 19:10:00,230.0,230.0,229.0,229.0,102.25675676
2020-04-18 19:11:00,230.0,230.0,230.0,230.0,103.63513895
2020-04-18 19:13:00,230.0,230.0,230.0,230.0,18013.75817145
2020-04-18 19:14:00,230.0,230.0,230.0,230.0,14709.57130129
2020-04-18 19:15:00,230.0,230.0,229.0,230.0,4349.67509602
2020-04-18 19:16:00,229.0,229.0,229.0,229.0,2.23660715
2020-04-18 19:18:00,230.0,230.0,229.0,229.0,105.94871868
2020-04-18 19:19:00,229.0,229.0,229.0,229.0,354.75000081
2020-04-18 19:20:00,230.0,230.0,229.0,229.0,3102.16119863
2020-04-18 19:21:00,230.0,230.0,230.0,230.0,5990.16795949
2020-04-18 19:22:00,229.0,230.0,229.0,230.0,21160.98091037
2020-04-18 19:23:00,230.0,230.0,229.0,229.0,1517.92575374
2020-04-18 19:24:00,229.0,229.0,229.0,229.0,8765.19062
2020-04-18 19:25:00,229.0,230.0,229.0,230.0,45938.32732027
2020-04-18 19:26:00,229.0,229.0,229.0,229.0,11002.23660715
2020-04-18 19:27:00,229.0,229.0,229.0,229.0,2000.0
2020-04-18 19:28:00,229.0,229.0,229.0,229.0,259150.05469455
2020-04-18 19:29:00,229.0,229.0,229.0,229.0,299071.1392072
2020-04-18 19:30:00,229.0,229.0,229.0,229.0,186368.20823907
2020-04-18 19:31:00,229.0,230.0,229.0,229.0,117195.59046592
2020-04-18 19:32:00,229.0,229.0,229.0,229.0,168.9
2020-04-18 19:33:00,230.0,230.0,229.0,230.0,40804.34782608
2020-04-18 19:34:00,229.0,229.0,229.0,229.0,875.60908219
2020-04-18 19:36:00,229.0,230.0,229.0,229.0,43201.03557738
2020-04-18 19:37:00,229.0,229.0,229.0,229.0,33267.86164213
2020-04-18 19:39:00,230.0,230.0,229.0,229.0,34575.46865541
2020-04-18 19:40:00,229.0,229.0,229.0,229.0,2000.0
2020-04-18 19:41:00,229.0,229.0,229.0,229.0,41.0
2020-04-18 19:42:00,230.0,230.0,230.0,230.0,20.69075462
2020-04-18 19:43:00,229.0,230.0,229.0,230.0,1817.98448601
2020-04-18 19:44:00,229.0,230.0,229.0,230.0,2002.23660715
2020-04-18 19:46:00,229.0,229.0,229.0,229.0,2.23660715
2020-04-18 19:47:00,229.0,229.0,229.0,229.0,472.63243
2020-04-18 19:48:00,230.0,230.0,229.0,229.0,16425.28940699
2020-04-18 19:49:00,229.0,229.0,229.0,229.0,100000.03234736
2020-04-18 19:52:00,229.0,229.0,229.0,229.0,7000.0
2020-04-18 19:53:00,229.0,229.0,229.0,229.0,16532.60636884
2020-04-18 19:54:00,230.0,230.0,229.0,229.0,132.61623458
2020-04-18 19:57:00,229.0,229.0,229.0,229.0,145.66434262
2020-04-18 19:59:00,229.0,229.0,229.0,229.0,1760.0
2020-04-18 20:00:00,229.0,230.0,229.0,229.0,970.67469723
2020-04-18 20:01:00,229.0,229.0,229.0,229.0,2000.0
2020-04-18 20:04:00,230.0,230.0,230.0,230.0,2.2
2020-04-18 20:05:00,229.0,229.0,229.0,229.0,2.25675676
2020-04-18 20:06:00,229.0,229.0,229.0,229.0,609.3592
2020-04-18 20:07:00,229.0,229.0,229.0,229.0,110575.32386093
2020-04-18 20:08:00,229.0,229.0,229.0,229.0,300.0
2020-04-18 20:09:00,230.0,230.0,229.0,229.0,4.44663678
2020-04-18 20:10:00,230.0,230.0,229.0,229.0,7941.74572745
2020-04-18 20:12:00,229.0,229.0,229.0,229.0,43668.12227075
2020-04-18 20:14:00,230.0,230.0,230.0,230.0,56.49349238
2020-04-18 20:15:00,229.0,230.0,229.0,229.0,3130.69533126
2020-04-18 20:16:00,230.0,230.0,230.0,230.0,3.0
2020-04-18 20:17:00,230.0,230.0,229.0,230.0,4375.89132216
2020-04-18 20:19:00,230.0,230.0,229.0,230.0,10942.37060564
2020-04-18 20:20:00,229.0,229.0,229.0,229.0,2.23660715
2020-04-18 20:21:00,229.0,229.0,229.0,229.0,8100.0
2020-04-18 20:23:00,229.0,229.0,229.0,229.0,799.0
2020-04-18 20:26:00,230.0,230.0,230.0,230.0,13.0
2020-04-18 20:27:00,230.0,230.0,229.0,229.0,536.6812227
2020-04-18 20:29:00,229.0,229.0,229.0,229.0,2884.0
2020-04-18 20:30:00,230.0,230.0,230.0,230.0,4400.0
2020-04-18 20:31:00,230.0,230.0,229.0,229.0,6411.99393704
2020-04-18 20:34:00,230.0,230.0,229.0,229.0,1166.87168091
2020-04-18 20:37:00,229.0,229.0,229.0,229.0,400.0
2020-04-18 20:43:00,230.0,230.0,230.0,230.0,13036.95543532
2020-04-18 20:44:00,229.0,229.0,229.0,229.0,14495.00025996
2020-04-18 20:45:00,230.0,230.0,230.0,230.0,1303.69597809
2020-04-18 20:46:00,229.0,229.0,229.0,229.0,138.24663678
2020-04-18 20:48:00,229.0,229.0,229.0,229.0,9191.05772069
2020-04-18 20:50:00,230.0,230.0,230.0,230.0,7321.20434782
2020-04-18 20:51:00,229.0,229.0,229.0,229.0,2.24663678
2020-04-18 20:55:00,230.0,230.0,229.0,229.0,27509.05682959
2020-04-18 20:57:00,229.0,230.0,229.0,229.0,326374.46533549
2020-04-18 20:58:00,229.0,230.0,229.0,230.0,890836.97699092
2020-04-18 20:59:00,230.0,230.0,230.0,230.0,8.90666668
2020-04-19 02:46:00,234.0,234.0,234.0,234.0,153.79062605
2020-04-19 02:47:00,233.0,233.0,233.0,233.0,200.0
2020-04-19 02:55:00,233.0,233.0,233.0,233.0,2103.53586956
2020-04-19 02:57:00,233.0,233.0,233.0,233.0,30497.367515
2020-04-19 02:58:00,233.0,233.0,233.0,233.0,53.31962202
2020-04-19 02:59:00,233.0,233.0,233.0,233.0,1256.41155915
2020-04-19 03:04:00,233.0,233.0,233.0,233.0,500.0
2020-04-19 03:05:00,234.0,234.0,234.0,234.0,2.11814345
2020-04-19 03:07:00,234.0,234.0,234.0,234.0,58.33835219
2020-04-19 03:08:00,234.0,234.0,234.0,234.0,53.03758377
2020-04-19 03:09:00,234.0,234.0,233.0,233.0,6880.2736892
2020-04-19 03:10:00,234.0,234.0,233.0,233.0,3708.54743568
2020-04-19 03:13:00,233.0,233.0,233.0,233.0,14532.47647208
2020-04-19 03:14:00,233.0,233.0,233.0,233.0,25.0
2020-04-19 03:16:00,233.0,233.0,233.0,233.0,71.5
2020-04-19 03:17:00,234.0,234.0,234.0,234.0,12814.10576762
2020-04-19 03:19:00,233.0,233.0,233.0,233.0,2.20175439
2020-04-19 03:21:00,233.0,233.0,233.0,233.0,1604.61632258
2020-04-19 03:22:00,233.0,233.0,233.0,233.0,30473.19019855
2020-04-19 03:26:00,233.0,233.0,233.0,233.0,154.8947
2020-04-19 03:28:00,234.0,234.0,234.0,234.0,2.12711864
2020-04-19 03:29:00,233.0,233.0,233.0,233.0,2.19213974
2020-04-19 03:32:00,233.0,233.0,233.0,233.0,683.76068376
2020-04-19 03:33:00,234.0,234.0,233.0,233.0,1002.11814345
2020-04-19 03:34:00,234.0,234.0,234.0,234.0,2.11814345
2020-04-19 03:36:00,233.0,233.0,233.0,233.0,2.20175439
2020-04-19 03:37:00,234.0,234.0,234.0,234.0,2.11814345
2020-04-19 03:43:00,233.0,233.0,233.0,233.0,3.0
2020-04-19 03:51:00,234.0,234.0,234.0,234.0,1324.78632478
2020-04-19 03:55:00,233.0,234.0,233.0,234.0,7893.3543617
2020-04-19 03:58:00,233.0,233.0,233.0,233.0,815.91783345
2020-04-19 03:59:00,234.0,234.0,234.0,234.0,2154.61927156
2020-04-19 04:03:00,233.0,233.0,233.0,233.0,224.5889
2020-04-19 04:05:00,233.0,233.0,233.0,233.0,643.13304721
2020-04-19 04:12:00,234.0,234.0,233.0,233.0,5671.37454706
2020-04-19 04:13:00,234.0,234.0,233.0,233.0,40722.1895014
2020-04-19 04:16:00,234.0,234.0,233.0,233.0,33127.16691141
2020-04-19 04:17:00,233.0,233.0,233.0,233.0,4.35652174
2020-04-19 04:19:00,233.0,233.0,233.0,233.0,3000.0
2020-04-19 04:24:00,234.0,234.0,233.0,233.0,15.18981891
2020-04-19 04:27:00,234.0,234.0,233.0,233.0,924.19730528
2020-04-19 04:28:00,233.0,234.0,233.0,233.0,1557.81294771
2020-04-19 04:30:00,233.0,233.0,233.0,233.0,4449.99891358
2020-04-19 04:31:00,234.0,234.0,233.0,233.0,37068.99966205
2020-04-19 04:32:00,233.0,234.0,233.0,233.0,170417.6889666
2020-04-19 04:34:00,234.0,234.0,234.0,234.0,268.48968678
2020-04-19 04:35:00,234.0,234.0,233.0,233.0,502.21681416
2020-04-19 04:36:00,234.0,234.0,233.0,233.0,36898.20044627
2020-04-19 04:51:00,234.0,234.0,233.0,233.0,44.92072367
2020-04-19 04:55:00,234.0,234.0,233.0,233.0,952.22666667
2020-04-19 04:57:00,233.0,233.0,233.0,233.0,562.00994967
2020-04-19 05:00:00,234.0,234.0,233.0,233.0,5102.21681416
2020-04-19 05:01:00,233.0,234.0,233.0,233.0,33231.66389611
2020-04-19 05:03:00,233.0,233.0,233.0,233.0,38249.56742943
2020-04-19 05:05:00,233.0,233.0,233.0,233.0,66052.48772467
2020-04-19 05:06:00,233.0,234.0,233.0,233.0,17279.71126907
2020-04-19 05:09:00,233.0,233.0,233.0,233.0,2703.93064337
2020-04-19 05:10:00,233.0,233.0,233.0,233.0,17219.75
2020-04-19 05:12:00,233.0,233.0,233.0,233.0,20796.78883962
2020-04-19 05:13:00,233.0,233.0,233.0,233.0,20000.0
2020-04-19 05:17:00,234.0,234.0,234.0,234.0,21716.60750821
2020-04-19 05:18:00,233.0,233.0,233.0,233.0,2.21681416
2020-04-19 05:20:00,234.0,234.0,234.0,234.0,1135.7008547
2020-04-19 05:21:00,233.0,233.0,233.0,233.0,2.22666667
2020-04-19 05:24:00,234.0,234.0,234.0,234.0,3203.65755447
2020-04-19 05:25:00,233.0,233.0,233.0,233.0,2.21681416
2020-04-19 05:27:00,233.0,233.0,233.0,233.0,1256.03827473
2020-04-19 05:40:00,234.0,234.0,233.0,233.0,472.07721148
2020-04-19 05:41:00,234.0,234.0,233.0,233.0,26300.4493502
2020-04-19 05:42:00,233.0,233.0,233.0,233.0,61.4
2020-04-19 05:46:00,233.0,233.0,233.0,233.0,928.98657143
2020-04-19 05:47:00,233.0,233.0,233.0,233.0,13090.12875536
2020-04-19 05:49:00,234.0,234.0,233.0,233.0,885.55536667
2020-04-19 05:50:00,233.0,233.0,233.0,233.0,9400.0
2020-04-19 05:51:00,234.0,234.0,233.0,234.0,213.44348083
2020-04-19 05:52:00,233.0,233.0,233.0,233.0,2.26696833
2020-04-19 05:56:00,234.0,234.0,234.0,234.0,512.5642307
2020-04-19 05:59:00,233.0,233.0,233.0,233.0,2.27727273
2020-04-19 06:02:00,233.0,233.0,233.0,233.0,3147.2613618
2020-04-19 06:03:00,233.0,233.0,233.0,233.0,220.1852
2020-04-19 06:04:00,233.0,233.0,233.0,233.0,8.0
2020-04-19 06:05:00,233.0,234.0,233.0,234.0,10.23483241
2020-04-19 06:06:00,233.0,233.0,233.0,233.0,2.27727273
2020-04-19 06:12:00,233.0,233.0,233.0,233.0,263.00791777
2020-04-19 06:16:00,233.0,233.0,233.0,233.0,3965.30430436
2020-04-19 06:17:00,233.0,233.0,233.0,233.0,112413.75399256
2020-04-19 06:18:00,233.0,233.0,233.0,233.0,3457.49969387
2020-04-19 06:19:00,233.0,234.0,233.0,234.0,14273.5042735
2020-04-19 06:20:00,233.0,233.0,233.0,233.0,3.0
2020-04-19 06:23:00,233.0,233.0,233.0,233.0,642.17864852
2020-04-19 06:24:00,234.0,234.0,234.0,234.0,11037.47756409
2020-04-19 06:26:00,234.0,234.0,234.0,234.0,599.31572675
2020-04-19 06:30:00,233.0,234.0,233.0,234.0,30955.54326757
2020-04-19 06:31:00,234.0,234.0,234.0,234.0,433.94551282
2020-04-19 06:32:00,234.0,234.0,234.0,234.0,4050.0
2020-04-19 06:33:00,234.0,234.0,234.0,234.0,4445.0863835
2020-04-19 06:34:00,234.0,234.0,234.0,234.0,15000.0
2020-04-19 06:38:00,233.0,233.0,233.0,233.0,2000.0
2020-04-19 06:39:00,233.0,233.0,233.0,233.0,13072.52895291
2020-04-19 06:41:00,233.0,233.0,233.0,233.0,1265.38497535
2020-04-19 06:43:00,234.0,234.0,234.0,234.0,4225.98183759
2020-04-19 06:44:00,234.0,234.0,234.0,234.0,2737.35897399
2020-04-19 06:45:00,234.0,234.0,234.0,234.0,2048.83455708
2020-04-19 06:46:00,234.0,234.0,234.0,234.0,23813.16452991
2020-04-19 06:47:00,234.0,234.0,234.0,234.0,416.90265978
2020-04-19 06:48:00,234.0,234.0,234.0,234.0,4474.15181298
2020-04-19 06:53:00,233.0,233.0,233.0,233.0,35.68750762
2020-04-19 06:55:00,233.0,233.0,233.0,233.0,25313.20366016
2020-04-19 06:56:00,233.0,233.0,233.0,233.0,37081.6843
2020-04-19 06:58:00,233.0,233.0,233.0,233.0,346.07168779
2020-04-19 07:00:00,233.0,233.0,233.0,233.0,751.86902231
2020-04-19 07:01:00,233.0,233.0,233.0,233.0,46986.34592274
2020-04-19 07:02:00,233.0,233.0,233.0,233.0,7820.9178
2020-04-19 07:04:00,233.0,233.0,233.0,233.0,346.07168779
2020-04-19 07:07:00,234.0,234.0,234.0,234.0,128.07698714
2020-04-19 07:08:00,234.0,234.0,234.0,234.0,2.98568664
2020-04-19 07:10:00,234.0,234.0,234.0,234.0,3028.66942596
2020-04-19 07:11:00,233.0,233.0,233.0,233.0,2619.11070327
2020-04-19 07:12:00,233.0,233.0,233.0,233.0,92747.17576833
2020-04-19 07:13:00,233.0,233.0,233.0,233.0,7.46411274
2020-04-19 07:14:00,233.0,233.0,233.0,233.0,38291.25363629
2020-04-19 07:15:00,234.0,234.0,233.0,233.0,22664.3471545
2020-04-19 07:16:00,233.0,233.0,233.0,233.0,28359.8419131
2020-04-19 07:17:00,234.0,234.0,234.0,234.0,1381.12157429
2020-04-19 07:22:00,233.0,233.0,233.0,233.0,700.0
2020-04-19 07:27:00,234.0,234.0,233.0,233.0,43675.45998469
2020-04-19 07:28:00,233.0,234.0,233.0,234.0,4151.46546349
2020-04-19 07:29:00,234.0,234.0,234.0,234.0,5122.13461538
2020-04-19 07:30:00,233.0,234.0,233.0,234.0,226877.19681404
2020-04-19 07:32:00,234.0,234.0,234.0,234.0,4899.15758999
2020-04-19 07:34:00,234.0,234.0,234.0,234.0,14201.8542011
2020-04-19 07:35:00,233.0,233.0,233.0,233.0,1000.0
2020-04-19 07:36:00,234.0,234.0,234.0,234.0,4273.5042735
2020-04-19 07:37:00,234.0,234.0,234.0,234.0,18547.008547
2020-04-19 07:38:00,234.0,234.0,234.0,234.0,207297.26845337
2020-04-19 07:39:00,234.0,234.0,234.0,234.0,2042.826748
2020-04-19 07:40:00,234.0,234.0,234.0,234.0,74484.14958392
2020-04-19 07:43:00,234.0,234.0,234.0,234.0,10078.75749468
2020-04-19 07:44:00,234.0,234.0,234.0,234.0,96673.15787885
2020-04-19 07:45:00,234.0,234.0,234.0,234.0,1075.10499704
2020-04-19 07:47:00,234.0,234.0,234.0,234.0,30769.23076924
2020-04-19 07:48:00,235.0,235.0,234.0,234.0,1470.08547009
2020-04-19 07:50:00,235.0,235.0,234.0,235.0,551762.36124132
2020-04-19 07:51:00,236.0,236.0,235.0,236.0,3597.45985211
2020-04-19 07:52:00,235.0,235.0,235.0,235.0,50.0
2020-04-19 07:53:00,236.0,236.0,236.0,236.0,90477.50965287
2020-04-19 07:54:00,235.0,236.0,235.0,235.0,428209.87525834
2020-04-19 07:55:00,235.0,236.0,235.0,235.0,361302.53169952
2020-04-19 07:56:00,235.0,235.0,235.0,235.0,19366.91041841
2020-04-19 07:57:00,235.0,235.0,235.0,235.0,20530.88957968
2020-04-19 07:58:00,235.0,235.0,235.0,235.0,200.0
2020-04-19 07:59:00,235.0,235.0,234.0,235.0,100283.77929288
2020-04-19 08:00:00,235.0,235.0,234.0,235.0,71364.8883824
2020-04-19 08:01:00,234.0,234.0,234.0,234.0,26035.85465124
2020-04-19 08:02:00,235.0,235.0,234.0,234.0,428.53191489
2020-04-19 08:03:00,234.0,235.0,234.0,235.0,695.97125526
2020-04-19 08:04:00,234.0,234.0,234.0,234.0,220549.30982381
2020-04-19 08:05:00,234.0,235.0,234.0,234.0,31588.74643737
2020-04-19 08:06:00,234.0,234.0,234.0,234.0,425.53191489
2020-04-19 08:08:00,235.0,235.0,234.0,234.0,503.0
2020-04-19 08:09:00,235.0,235.0,235.0,235.0,22293.98492243
2020-04-19 08:10:00,234.0,235.0,234.0,234.0,48.55319148
2020-04-19 08:11:00,234.0,234.0,234.0,234.0,19733.56597321
2020-04-19 08:13:00,235.0,235.0,234.0,234.0,9.0
2020-04-19 08:14:00,234.0,235.0,234.0,235.0,52288.09795931
2020-04-19 08:15:00,235.0,235.0,234.0,234.0,13133.05204941
2020-04-19 08:18:00,235.0,235.0,234.0,234.0,5669.68155284
2020-04-19 08:19:00,234.0,234.0,234.0,234.0,10217.29847949
2020-04-19 08:20:00,234.0,234.0,234.0,234.0,27815.1407162
2020-04-19 08:23:00,235.0,235.0,235.0,235.0,405058.92626577
2020-04-19 08:24:00,235.0,235.0,235.0,235.0,135231.1930481
2020-04-19 08:25:00,236.0,236.0,235.0,235.0,16492.15661927
2020-04-19 08:26:00,236.0,236.0,235.0,236.0,14024.56897257
2020-04-19 08:27:00,235.0,236.0,235.0,236.0,14940.08730784
2020-04-19 08:28:00,236.0,236.0,235.0,235.0,5473.40401663
2020-04-19 08:29:00,236.0,236.0,234.0,234.0,16532.62608983
2020-04-19 08:30:00,235.0,235.0,235.0,235.0,84732.07807341
2020-04-19 08:31:00,235.0,235.0,234.0,234.0,11566.79010926
2020-04-19 08:32:00,234.0,234.0,234.0,234.0,13720.6764831
2020-04-19 08:33:00,234.0,234.0,234.0,234.0,400.0
2020-04-19 08:35:00,234.0,235.0,234.0,234.0,17180.82161325
2020-04-19 08:36:00,235.0,235.0,234.0,234.0,136677.63104953
2020-04-19 08:38:00,234.0,235.0,234.0,235.0,134838.45080285
2020-04-19 08:39:00,234.0,234.0,234.0,234.0,8855.88221599
2020-04-19 08:41:00,234.0,234.0,233.0,234.0,56277.68089495
2020-04-19 08:42:00,233.0,234.0,233.0,233.0,17198.44102869
2020-04-19 08:44:00,234.0,234.0,233.0,234.0,35542.44188002
2020-04-19 08:45:00,233.0,234.0,233.0,234.0,116273.59826197
2020-04-19 08:46:00,233.0,234.0,233.0,234.0,67289.91393583
2020-04-19 08:47:00,234.0,234.0,234.0,234.0,150.0
2020-04-19 08:48:00,234.0,234.0,234.0,234.0,7000.0
2020-04-19 08:50:00,234.0,234.0,234.0,234.0,64631.9238359
2020-04-19 08:51:00,234.0,234.0,233.0,234.0,19817.35775755
2020-04-19 08:52:00,234.0,234.0,234.0,234.0,9137.29159095
2020-04-19 08:53:00,234.0,234.0,233.0,233.0,11.0
2020-04-19 08:54:00,233.0,234.0,233.0,234.0,23.00000086
2020-04-19 08:55:00,234.0,234.0,233.0,233.0,133.13919219
2020-04-19 08:56:00,234.0,234.0,233.0,234.0,68460.33107443
2020-04-19 08:57:00,234.0,234.0,234.0,234.0,100.0
2020-04-19 08:59:00,234.0,235.0,234.0,235.0,26895.63260681
2020-04-19 17:00:00,232.0,232.0,231.0,231.0,100056.7198405
2020-04-19 17:01:00,231.0,231.0,231.0,231.0,161944.09140913
2020-04-19 17:02:00,231.0,232.0,231.0,232.0,6811.86750019
2020-04-19 17:03:00,231.0,232.0,231.0,232.0,25929.53208569
2020-04-19 17:04:00,231.0,231.0,231.0,231.0,193033.64711476
2020-04-19 17:05:00,231.0,231.0,231.0,231.0,328135.14243791
2020-04-19 17:06:00,231.0,231.0,231.0,231.0,132779.08816963
2020-04-19 17:07:00,232.0,232.0,231.0,231.0,40463.6867324
2020-04-19 17:08:00,231.0,231.0,230.0,230.0,195468.24872256
2020-04-19 17:09:00,231.0,231.0,231.0,231.0,6343.15950528
2020-04-19 17:10:00,231.0,231.0,230.0,230.0,43769.71324099
2020-04-19 17:11:00,231.0,231.0,231.0,231.0,239957.24025973
2020-04-19 17:12:00,231.0,231.0,231.0,231.0,38303.14393973
2020-04-19 17:13:00,230.0,230.0,230.0,230.0,571.78909251
2020-04-19 17:14:00,230.0,230.0,230.0,230.0,4753.10571017
2020-04-19 17:15:00,230.0,230.0,230.0,230.0,138.83746055
2020-04-19 17:16:00,230.0,230.0,230.0,230.0,22763.75826018
2020-04-19 17:17:00,231.0,231.0,231.0,231.0,1731.6017316
2020-04-19 17:18:00,231.0,231.0,230.0,231.0,451063.05150646
2020-04-19 17:19:00,231.0,231.0,231.0,231.0,97347.21306479
2020-04-19 17:20:00,231.0,231.0,230.0,230.0,963.30059567
2020-04-19 17:21:00,230.0,230.0,230.0,230.0,428.30392434
2020-04-19 17:22:00,230.0,230.0,230.0,230.0,12090.04701356
2020-04-19 17:23:00,230.0,231.0,230.0,231.0,121241.40121483
2020-04-19 17:24:00,231.0,231.0,231.0,231.0,50412.44959919
2020-04-19 17:25:00,231.0,231.0,231.0,231.0,88277.81379737
2020-04-19 17:26:00,231.0,231.0,231.0,231.0,61993.21945853
2020-04-19 17:27:00,231.0,231.0,231.0,231.0,4931.4014916
2020-04-19 17:29:00,231.0,231.0,231.0,231.0,223.0
2020-04-19 17:30:00,232.0,232.0,231.0,231.0,17537.74658182
2020-04-19 17:33:00,232.0,232.0,231.0,231.0,380.72923882
2020-04-19 17:34:00,231.0,232.0,231.0,231.0,6872.98693879
2020-04-19 17:35:00,231.0,231.0,231.0,231.0,13330.11836362
2020-04-19 17:36:00,232.0,232.0,231.0,231.0,452.10620776
2020-04-19 17:37:00,232.0,232.0,232.0,232.0,2.56410256
2020-04-19 17:38:00,231.0,231.0,231.0,231.0,3232.32536966
2020-04-19 17:39:00,231.0,232.0,231.0,232.0,11347.57417517
2020-04-19 17:40:00,231.0,231.0,231.0,231.0,24770.20893984
2020-04-19 17:42:00,231.0,231.0,231.0,231.0,291.39730607
2020-04-19 17:43:00,231.0,231.0,231.0,231.0,26999.78039852
2020-04-19 17:44:00,232.0,232.0,232.0,232.0,64.65517241
2020-04-19 17:45:00,232.0,232.0,232.0,232.0,309.08673806
2020-04-19 17:46:00,232.0,232.0,232.0,232.0,25862.06896551
2020-04-19 17:47:00,232.0,232.0,232.0,232.0,243.9082183
2020-04-19 17:49:00,232.0,232.0,231.0,231.0,22280.02294752
2020-04-19 17:50:00,231.0,231.0,231.0,231.0,5000.0
2020-04-19 17:51:00,231.0,231.0,231.0,231.0,244343.38674818
2020-04-19 17:52:00,231.0,231.0,231.0,231.0,50146.35200193
2020-04-19 17:53:00,231.0,231.0,231.0,231.0,17248.84411496
2020-04-19 17:54:00,231.0,231.0,231.0,231.0,250.0
2020-04-19 17:55:00,231.0,231.0,231.0,231.0,3890.0
2020-04-19 17:57:00,231.0,231.0,231.0,231.0,1298.70129871
2020-04-19 17:58:00,232.0,232.0,232.0,232.0,4312.31870801
2020-04-19 17:59:00,232.0,232.0,232.0,232.0,12924.57219666
2020-04-19 18:00:00,231.0,231.0,231.0,231.0,250768.52874053
2020-04-19 18:01:00,231.0,231.0,231.0,231.0,8438.00762658
2020-04-19 18:02:00,231.0,231.0,231.0,231.0,2965.77814988
2020-04-19 18:03:00,230.0,230.0,230.0,230.0,10917.18177707
2020-04-19 18:04:00,231.0,231.0,231.0,231.0,60662.55230438
2020-04-19 18:05:00,231.0,231.0,231.0,231.0,4394.2866229
2020-04-19 18:06:00,231.0,231.0,230.0,231.0,96386.0653842
2020-04-19 18:07:00,231.0,231.0,231.0,231.0,56471.06495488
2020-04-19 18:08:00,231.0,231.0,230.0,231.0,49717.79608046
2020-04-19 18:09:00,231.0,232.0,230.0,230.0,31661.44784603
2020-04-19 18:10:00,231.0,231.0,231.0,231.0,2.57510729
2020-04-19 18:11:00,230.0,231.0,230.0,231.0,166205.03359748
2020-04-19 18:12:00,231.0,231.0,231.0,231.0,4535.51579188
2020-04-19 18:13:00,231.0,231.0,231.0,231.0,3730.68067393
2020-04-19 18:14:00,230.0,230.0,230.0,230.0,61.5
2020-04-19 18:17:00,230.0,230.0,230.0,230.0,100.0
2020-04-19 18:18:00,230.0,231.0,230.0,231.0,1582.26774094
2020-04-19 18:19:00,231.0,231.0,231.0,231.0,12980.52272565
2020-04-19 18:20:00,230.0,230.0,230.0,230.0,7390.21387258
2020-04-19 18:21:00,231.0,231.0,230.0,230.0,6294.41768477
2020-04-19 18:22:00,231.0,231.0,231.0,231.0,4326.29572659
2020-04-19 18:23:00,231.0,231.0,230.0,230.0,1613.46360872
2020-04-19 18:24:00,230.0,230.0,230.0,230.0,29.81
2020-04-19 18:25:00,231.0,231.0,231.0,231.0,298409.93465751
2020-04-19 18:27:00,231.0,231.0,231.0,231.0,1000.0
2020-04-19 18:28:00,231.0,231.0,231.0,231.0,869.56521739
2020-04-19 18:29:00,231.0,232.0,231.0,232.0,1689.31051715
2020-04-19 18:30:00,232.0,232.0,232.0,232.0,86.16381464
2020-04-19 18:31:00,232.0,232.0,232.0,232.0,380.3917007
2020-04-19 18:32:00,231.0,232.0,231.0,232.0,62313.49197204
2020-04-19 18:34:00,232.0,232.0,232.0,232.0,176.11883713
2020-04-19 18:35:00,232.0,232.0,232.0,232.0,5000.0
2020-04-19 18:38:00,231.0,231.0,231.0,231.0,1386.07171
2020-04-19 18:40:00,232.0,232.0,232.0,232.0,10000.0
2020-04-19 18:41:00,231.0,231.0,231.0,231.0,42999.0
2020-04-19 18:42:00,231.0,232.0,231.0,232.0,69178.48403384
2020-04-19 18:43:00,231.0,231.0,231.0,231.0,9137.73713292
2020-04-19 18:44:00,231.0,232.0,231.0,232.0,2968.24764879
2020-04-19 18:45:00,232.0,232.0,232.0,232.0,15998.31980561
2020-04-19 18:46:00,232.0,232.0,232.0,232.0,83.04468455
2020-04-19 18:47:00,232.0,232.0,232.0,232.0,16364.75727653
2020-04-19 18:48:00,232.0,232.0,232.0,232.0,3112.82720708
2020-04-19 18:49:00,232.0,232.0,232.0,232.0,3000.0
2020-04-19 18:50:00,231.0,232.0,231.0,232.0,80.15259611
2020-04-19 18:51:00,232.0,232.0,232.0,232.0,41449.87407943
2020-04-19 18:52:00,232.0,232.0,232.0,232.0,4015.08728394
2020-04-19 18:54:00,232.0,232.0,232.0,232.0,430.87077151
2020-04-19 18:55:00,232.0,232.0,232.0,232.0,19697.57362697
2020-04-19 18:56:00,232.0,232.0,232.0,232.0,23196.19500594
2020-04-19 18:57:00,232.0,232.0,232.0,232.0,20004.0
2020-04-19 18:58:00,232.0,232.0,232.0,232.0,375839.97047818
2020-04-19 18:59:00,232.0,233.0,232.0,233.0,668899.64473144
2020-04-19 19:00:00,232.0,232.0,232.0,232.0,41358.84136025
2020-04-19 19:03:00,233.0,233.0,233.0,233.0,1000.0
2020-04-19 19:04:00,232.0,232.0,232.0,232.0,210.0
2020-04-19 19:06:00,232.0,232.0,232.0,232.0,100.0
2020-04-19 19:07:00,232.0,232.0,232.0,232.0,709.87932292
2020-04-19 19:09:00,232.0,232.0,232.0,232.0,1700.0
2020-04-19 19:10:00,232.0,232.0,232.0,232.0,169547.75426139
2020-04-19 19:12:00,232.0,232.0,232.0,232.0,1753.86191388
2020-04-19 19:13:00,232.0,232.0,232.0,232.0,16543.84398758
2020-04-19 19:14:00,232.0,232.0,232.0,232.0,16.0
2020-04-19 19:15:00,232.0,232.0,232.0,232.0,4898.51579188
2020-04-19 19:16:00,232.0,233.0,232.0,232.0,1101.24833595
2020-04-19 19:17:00,232.0,233.0,232.0,233.0,22305.87116956
2020-04-19 19:19:00,232.0,232.0,232.0,232.0,791.61699866
2020-04-19 19:20:00,232.0,233.0,232.0,233.0,7742.79700643
2020-04-19 19:21:00,233.0,233.0,233.0,233.0,185.37133364
2020-04-19 19:22:00,233.0,233.0,232.0,232.0,6.47447721
2020-04-19 19:23:00,233.0,233.0,232.0,232.0,12072.31493701
2020-04-19 19:24:00,233.0,233.0,232.0,232.0,4278.0995966
2020-04-19 19:26:00,233.0,233.0,233.0,233.0,1194.4499853
2020-04-19 19:28:00,232.0,232.0,232.0,232.0,5916.29616226
2020-04-19 19:29:00,232.0,232.0,232.0,232.0,705.40088929
2020-04-19 19:30:00,233.0,233.0,232.0,233.0,7825.36859788
2020-04-19 19:31:00,232.0,233.0,232.0,233.0,2165.10660767
2020-04-19 19:32:00,232.0,232.0,232.0,232.0,7002.0
2020-04-19 19:34:00,233.0,233.0,233.0,233.0,33.1248927
2020-04-19 19:35:00,233.0,233.0,232.0,232.0,448.7278888
2020-04-19 19:36:00,232.0,232.0,232.0,232.0,1743.96
2020-04-19 19:37:00,232.0,232.0,232.0,232.0,253227.36647045
2020-04-19 19:38:00,232.0,232.0,232.0,232.0,1417.00496054
2020-04-19 19:39:00,232.0,233.0,232.0,232.0,51820.38027555
2020-04-19 19:40:00,232.0,232.0,232.0,232.0,27437.02370689
2020-04-19 19:42:00,231.0,231.0,231.0,231.0,15876.51046271
2020-04-19 19:43:00,231.0,232.0,231.0,232.0,142124.53991306
2020-04-19 19:44:00,232.0,233.0,232.0,233.0,94380.60708156
2020-04-19 19:46:00,233.0,233.0,233.0,233.0,21.459227
2020-04-19 19:47:00,233.0,233.0,233.0,233.0,42.90129613
2020-04-19 19:54:00,233.0,233.0,233.0,233.0,2573.9967811
2020-04-19 19:55:00,233.0,233.0,233.0,233.0,42.91845493
2020-04-19 19:56:00,232.0,232.0,232.0,232.0,496523.141439
2020-04-19 19:57:00,232.0,232.0,232.0,232.0,71811.37596448
2020-04-19 19:58:00,232.0,232.0,232.0,232.0,4525.08881578
2020-04-19 19:59:00,232.0,232.0,232.0,232.0,100200.0
2020-04-19 20:00:00,232.0,233.0,232.0,233.0,1154.08600085
2020-04-19 20:01:00,233.0,233.0,232.0,232.0,3552.89043847
2020-04-19 20:02:00,232.0,232.0,232.0,232.0,3791.39243682
2020-04-19 20:03:00,232.0,232.0,232.0,232.0,21.450648
2020-04-19 20:04:00,233.0,233.0,233.0,233.0,2338.89484977
2020-04-19 20:05:00,232.0,233.0,232.0,233.0,620.32618025
2020-04-19 20:06:00,233.0,233.0,233.0,233.0,15724.49826588
2020-04-19 20:07:00,233.0,233.0,233.0,233.0,11.0
2020-04-19 20:08:00,232.0,232.0,232.0,232.0,1184.0
2020-04-19 20:09:00,232.0,232.0,232.0,232.0,2365.73452404
2020-04-19 20:10:00,233.0,233.0,233.0,233.0,214.48503216
2020-04-19 20:12:00,232.0,233.0,232.0,233.0,44126.70849867
2020-04-19 20:13:00,233.0,233.0,232.0,232.0,84003.93675752
2020-04-19 20:14:00,232.0,232.0,232.0,232.0,139.4
2020-04-19 20:15:00,232.0,232.0,232.0,232.0,108631.34401887
2020-04-19 20:16:00,232.0,232.0,232.0,232.0,10722.83729276
2020-04-19 20:17:00,232.0,232.0,231.0,231.0,13125.62537094
2020-04-19 20:18:00,232.0,232.0,232.0,232.0,862.06896551
2020-04-19 20:19:00,232.0,232.0,232.0,232.0,5021.551724
2020-04-19 20:20:00,232.0,232.0,232.0,232.0,2906.67166416
2020-04-19 20:22:00,232.0,232.0,231.0,231.0,15207.09855177
2020-04-19 20:24:00,232.0,232.0,232.0,232.0,862.06896551
2020-04-19 20:25:00,232.0,232.0,232.0,232.0,24487.43731582
2020-04-19 20:26:00,232.0,232.0,232.0,232.0,2900.19612068
2020-04-19 20:27:00,232.0,232.0,232.0,232.0,67363.05064655
2020-04-19 20:28:00,232.0,232.0,232.0,232.0,23.71228179
2020-04-19 20:29:00,232.0,232.0,231.0,231.0,10218.0661458
2020-04-19 20:30:00,231.0,231.0,231.0,231.0,114199.74219563
2020-04-19 20:32:00,231.0,231.0,231.0,231.0,1602.013138
2020-04-19 20:33:00,232.0,232.0,232.0,232.0,861.63814644
2020-04-19 20:34:00,231.0,232.0,231.0,231.0,6128.70366379
2020-04-19 20:35:00,231.0,231.0,231.0,231.0,986.515735
2020-04-19 20:36:00,232.0,232.0,231.0,231.0,1862.844739
2020-04-19 20:37:00,231.0,231.0,231.0,231.0,111.99640354
2020-04-19 20:38:00,231.0,231.0,231.0,231.0,10746.88555266
2020-04-19 20:39:00,232.0,232.0,232.0,232.0,1301.08189654
2020-04-19 20:41:00,231.0,231.0,231.0,231.0,178.20278825
2020-04-19 20:43:00,232.0,232.0,232.0,232.0,6462.28609833
2020-04-19 20:45:00,232.0,232.0,232.0,232.0,2927.96274276
2020-04-19 20:47:00,232.0,232.0,232.0,232.0,20956.41403436
2020-04-19 20:48:00,231.0,231.0,231.0,231.0,106.92167296
2020-04-19 20:49:00,231.0,232.0,231.0,232.0,6731.50825589
2020-04-19 20:51:00,232.0,232.0,232.0,232.0,3083.24286132
2020-04-19 20:52:00,232.0,232.0,232.0,232.0,900.7901731
2020-04-19 20:53:00,232.0,232.0,232.0,232.0,23189.23296972
2020-04-19 20:54:00,232.0,232.0,232.0,232.0,1293.10344828
2020-04-19 20:55:00,231.0,231.0,231.0,231.0,384.18103447
2020-04-19 20:56:00,232.0,232.0,231.0,231.0,3298.06800231
2020-04-19 20:57:00,232.0,232.0,231.0,231.0,90732.92387158
2020-04-19 20:58:00,231.0,232.0,231.0,231.0,31593.09188676
2020-04-19 20:59:00,232.0,232.0,231.0,232.0,38424.42081159
2020-04-20 01:52:00,231.0,231.0,230.0,230.0,94869.38739991
2020-04-20 01:53:00,231.0,231.0,231.0,231.0,174.11689503
2020-04-20 01:54:00,230.0,230.0,230.0,230.0,621.87457976
2020-04-20 01:55:00,230.0,230.0,230.0,230.0,51.28205128
2020-04-20 01:58:00,231.0,231.0,230.0,230.0,4523.28897822
2020-04-20 02:02:00,230.0,231.0,230.0,231.0,22095.33378791
2020-04-20 02:03:00,231.0,231.0,231.0,231.0,5736.16883116
2020-04-20 02:04:00,230.0,230.0,230.0,230.0,434.7826087
2020-04-20 02:05:00,231.0,231.0,230.0,230.0,207.38522831
2020-04-20 02:06:00,230.0,230.0,230.0,230.0,1310.8376
2020-04-20 02:09:00,231.0,231.0,230.0,230.0,100368.06455685
2020-04-20 02:10:00,230.0,231.0,230.0,230.0,86333.84255178
2020-04-20 02:11:00,230.0,231.0,230.0,231.0,675198.2352059
2020-04-20 02:12:00,231.0,231.0,231.0,231.0,17728.82435136
2020-04-20 02:13:00,231.0,231.0,231.0,231.0,28842.3646348
2020-04-20 02:15:00,232.0,232.0,231.0,231.0,5427.51493702
2020-04-20 02:16:00,231.0,231.0,231.0,231.0,2586.20689655
2020-04-20 02:18:00,231.0,231.0,231.0,231.0,1000.0
2020-04-20 02:20:00,231.0,231.0,231.0,231.0,263.47
2020-04-20 02:23:00,231.0,231.0,231.0,231.0,24173.13853895
2020-04-20 02:24:00,231.0,231.0,231.0,231.0,26796.95694616
2020-04-20 02:25:00,232.0,232.0,231.0,231.0,191.84742142
2020-04-20 02:28:00,232.0,232.0,231.0,231.0,2193.26922795
2020-04-20 02:32:00,231.0,231.0,231.0,231.0,4324.94650976
2020-04-20 02:33:00,231.0,231.0,231.0,231.0,150494.90272995
2020-04-20 02:34:00,231.0,231.0,231.0,231.0,2823.53801009
2020-04-20 02:36:00,231.0,232.0,231.0,232.0,219045.50485506
2020-04-20 02:37:00,231.0,232.0,231.0,232.0,67.73920206
2020-04-20 02:38:00,231.0,231.0,231.0,231.0,131.29000654
2020-04-20 02:42:00,231.0,231.0,231.0,231.0,5902.35648148
2020-04-20 02:43:00,231.0,231.0,231.0,231.0,599.43217391
2020-04-20 02:46:00,232.0,232.0,231.0,231.0,7.6145977
2020-04-20 02:48:00,231.0,231.0,231.0,231.0,7044.36994166
2020-04-20 02:50:00,231.0,231.0,231.0,231.0,300.0
2020-04-20 02:54:00,231.0,231.0,231.0,231.0,106.08624257
2020-04-20 03:03:00,231.0,231.0,231.0,231.0,2922.24063406
2020-04-20 03:10:00,231.0,232.0,231.0,231.0,9259.70743335
2020-04-20 03:11:00,232.0,232.0,231.0,232.0,3549.75831511
2020-04-20 03:15:00,231.0,231.0,231.0,231.0,95.2709615
2020-04-20 03:20:00,231.0,231.0,231.0,231.0,51012.10264433
2020-04-20 03:23:00,232.0,232.0,232.0,232.0,100.0
2020-04-20 03:24:00,231.0,231.0,230.0,231.0,305104.77533056
2020-04-20 03:25:00,231.0,231.0,231.0,231.0,39448.02144896
2020-04-20 03:26:00,232.0,232.0,232.0,232.0,8.0
2020-04-20 03:27:00,231.0,231.0,231.0,231.0,1072.7759
2020-04-20 03:29:00,232.0,232.0,232.0,232.0,15.0
2020-04-20 03:31:00,232.0,232.0,232.0,232.0,1374.64310344
2020-04-20 03:32:00,232.0,232.0,232.0,232.0,9551.05206017
2020-04-20 03:33:00,231.0,231.0,231.0,231.0,2297.071854
2020-04-20 03:38:00,231.0,231.0,231.0,231.0,221.46967729
2020-04-20 03:41:00,231.0,231.0,231.0,231.0,4938.40000069
2020-04-20 03:54:00,231.0,231.0,231.0,231.0,251.8850224
2020-04-20 04:05:00,231.0,231.0,231.0,231.0,1725.21537909
2020-04-20 04:06:00,231.0,231.0,231.0,231.0,100.0
2020-04-20 04:07:00,231.0,231.0,231.0,231.0,1779.23121207
2020-04-20 04:11:00,231.0,232.0,231.0,231.0,40207.00248166
2020-04-20 04:12:00,231.0,231.0,231.0,231.0,62607.24455187
2020-04-20 04:13:00,231.0,231.0,231.0,231.0,2382.23494777
2020-04-20 04:14:00,231.0,231.0,231.0,231.0,6216.7
2020-04-20 04:15:00,231.0,231.0,231.0,231.0,17819.541
2020-04-20 04:16:00,231.0,231.0,231.0,231.0,18853.8188
2020-04-20 04:17:00,231.0,231.0,231.0,231.0,5887.91125541
2020-04-20 04:18:00,231.0,231.0,231.0,231.0,122.63224133
2020-04-20 04:20:00,231.0,231.0,231.0,231.0,40.0
2020-04-20 04:21:00,231.0,231.0,231.0,231.0,1223.60448375
2020-04-20 04:22:00,231.0,231.0,231.0,231.0,2177.65830309
2020-04-20 04:23:00,231.0,231.0,231.0,231.0,21.645022
2020-04-20 04:24:00,231.0,231.0,231.0,231.0,156.23444963
2020-04-20 04:25:00,231.0,231.0,231.0,231.0,1100.06603501
2020-04-20 04:27:00,231.0,231.0,231.0,231.0,10430.39086517
2020-04-20 04:29:00,231.0,231.0,231.0,231.0,1000.0
2020-04-20 04:32:00,230.0,231.0,230.0,231.0,100675.33427349
2020-04-20 04:33:00,231.0,231.0,230.0,230.0,5547.35628647
2020-04-20 04:34:00,231.0,231.0,231.0,231.0,5287.08
2020-04-20 04:36:00,231.0,231.0,231.0,231.0,15138.78298379
2020-04-20 04:37:00,231.0,231.0,231.0,231.0,26002.185215
2020-04-20 04:38:00,231.0,231.0,231.0,231.0,5425.93567561
2020-04-20 04:39:00,231.0,231.0,231.0,231.0,5253.45
2020-04-20 04:41:00,232.0,232.0,232.0,232.0,38793.10344827
2020-04-20 04:43:00,231.0,231.0,231.0,231.0,60.78008461
2020-04-20 05:13:00,232.0,232.0,232.0,232.0,99.51724137
2020-04-20 05:18:00,232.0,232.0,232.0,232.0,108.22592
2020-04-20 05:19:00,231.0,231.0,231.0,231.0,500.0
2020-04-20 05:21:00,231.0,231.0,231.0,231.0,100.0
2020-04-20 05:22:00,231.0,231.0,231.0,231.0,426.91008771
2020-04-20 05:26:00,231.0,231.0,231.0,231.0,8558.0
2020-04-20 05:30:00,231.0,231.0,231.0,231.0,649.1537078
2020-04-20 05:35:00,231.0,231.0,231.0,231.0,3594.42160003
2020-04-20 05:36:00,231.0,231.0,231.0,231.0,405.64797629
2020-04-20 05:37:00,231.0,231.0,231.0,231.0,67.95620917
2020-04-20 05:38:00,231.0,231.0,231.0,231.0,4271.3685892
2020-04-20 05:41:00,231.0,232.0,231.0,231.0,5064.46118781
2020-04-20 05:47:00,232.0,232.0,232.0,232.0,36761.96551724
2020-04-20 05:49:00,231.0,231.0,231.0,231.0,2.21681416
2020-04-20 05:50:00,231.0,231.0,231.0,231.0,100.0
2020-04-20 05:52:00,231.0,231.0,231.0,231.0,200.0
2020-04-20 05:53:00,231.0,231.0,231.0,231.0,100.0
2020-04-20 06:00:00,231.0,231.0,231.0,231.0,2000.0
2020-04-20 06:03:00,232.0,232.0,232.0,232.0,19.88660841
2020-04-20 06:06:00,231.0,231.0,231.0,231.0,2.22666667
2020-04-20 06:08:00,232.0,232.0,231.0,231.0,6176.62537356
2020-04-20 06:14:00,232.0,232.0,231.0,231.0,21553.96074508
2020-04-20 06:24:00,232.0,232.0,232.0,232.0,5000.0
2020-04-20 06:25:00,231.0,231.0,231.0,231.0,2.20704846
2020-04-20 06:31:00,232.0,232.0,231.0,231.0,2502.97235632
2020-04-20 06:38:00,231.0,231.0,231.0,231.0,3000.0
2020-04-20 06:42:00,231.0,231.0,231.0,231.0,11621.07609834
2020-04-20 06:49:00,231.0,231.0,231.0,231.0,3136.0
2020-04-20 06:55:00,232.0,232.0,231.0,231.0,648.41095846
2020-04-20 06:57:00,231.0,231.0,231.0,231.0,5.0
2020-04-20 06:58:00,232.0,232.0,231.0,232.0,572949.70954707
2020-04-20 06:59:00,231.0,232.0,231.0,231.0,531727.75553211
2020-04-20 07:00:00,232.0,232.0,232.0,232.0,46057.18245711
2020-04-20 07:01:00,232.0,232.0,232.0,232.0,112860.16706751
2020-04-20 07:02:00,232.0,232.0,232.0,232.0,26150.0
2020-04-20 07:03:00,232.0,232.0,232.0,232.0,862.06896551
2020-04-20 07:04:00,232.0,232.0,232.0,232.0,4306.03663685
2020-04-20 07:05:00,232.0,232.0,232.0,232.0,3112.67349137
2020-04-20 07:06:00,231.0,231.0,231.0,231.0,2.20175439
2020-04-20 07:07:00,232.0,232.0,231.0,231.0,21647.23309877
2020-04-20 07:09:00,231.0,231.0,231.0,231.0,3856.72318517
2020-04-20 07:13:00,232.0,232.0,232.0,232.0,3422.21767241
2020-04-20 07:14:00,232.0,232.0,231.0,231.0,919.84294878
2020-04-20 07:15:00,232.0,232.0,231.0,232.0,27752.75014049
2020-04-20 07:16:00,231.0,231.0,231.0,231.0,1750.06896609
2020-04-20 07:17:00,232.0,232.0,232.0,232.0,2.15450643
2020-04-20 07:18:00,232.0,232.0,232.0,232.0,163.66810344
2020-04-20 07:19:00,232.0,232.0,231.0,231.0,1053.977386
2020-04-20 07:20:00,231.0,232.0,231.0,232.0,302.14529914
2020-04-20 07:21:00,232.0,232.0,232.0,232.0,3769.46440572
2020-04-20 07:22:00,232.0,232.0,232.0,232.0,2384.83322131
2020-04-20 07:26:00,232.0,232.0,232.0,232.0,133.8884306
2020-04-20 07:27:00,232.0,232.0,232.0,232.0,42764.06465515
2020-04-20 07:28:00,232.0,232.0,232.0,232.0,3061.98706896
2020-04-20 07:29:00,232.0,232.0,232.0,232.0,300.0
2020-04-20 07:30:00,232.0,232.0,232.0,232.0,452.58620675
2020-04-20 07:31:00,232.0,232.0,232.0,232.0,8649.51575935
2020-04-20 07:32:00,232.0,232.0,232.0,232.0,200.0
2020-04-20 07:33:00,232.0,232.0,232.0,232.0,119479.01049475
2020-04-20 07:35:00,232.0,232.0,232.0,232.0,80205.66668656
2020-04-20 07:36:00,232.0,232.0,231.0,232.0,35113.07026824
2020-04-20 07:38:00,232.0,232.0,232.0,232.0,50.0
2020-04-20 07:40:00,232.0,232.0,232.0,232.0,13610.35459111
2020-04-20 07:41:00,232.0,232.0,232.0,232.0,4388.00211949
2020-04-20 07:43:00,232.0,232.0,231.0,231.0,4540.66810344
2020-04-20 07:44:00,232.0,232.0,231.0,232.0,15535.28127546
2020-04-20 07:45:00,232.0,232.0,232.0,232.0,219461.55749099
2020-04-20 07:46:00,232.0,232.0,232.0,232.0,586.31974736
2020-04-20 07:50:00,232.0,232.0,232.0,232.0,10370.7182
2020-04-20 07:51:00,233.0,233.0,233.0,233.0,286.57525178
2020-04-20 07:52:00,233.0,233.0,232.0,233.0,145895.12673967
2020-04-20 07:53:00,232.0,233.0,232.0,233.0,1539.75517719
2020-04-20 07:54:00,233.0,233.0,233.0,233.0,40397.113856
2020-04-20 07:55:00,233.0,233.0,233.0,233.0,5810.76553648
2020-04-20 07:56:00,233.0,233.0,233.0,233.0,26848.40412411
2020-04-20 07:57:00,232.0,232.0,232.0,232.0,3000.0
2020-04-20 07:58:00,233.0,233.0,233.0,233.0,429.18454935
2020-04-20 08:00:00,233.0,233.0,233.0,233.0,634.61402345
2020-04-20 08:01:00,232.0,232.0,232.0,232.0,1000.0
2020-04-20 08:03:00,232.0,232.0,232.0,232.0,5000.0
2020-04-20 08:05:00,232.0,233.0,232.0,233.0,3665.0
2020-04-20 08:06:00,233.0,233.0,233.0,233.0,7731.99570815
2020-04-20 08:07:00,233.0,233.0,233.0,233.0,38607.30578916
2020-04-20 08:08:00,232.0,233.0,232.0,233.0,8578.81595681
2020-04-20 08:09:00,233.0,233.0,233.0,233.0,22000.0
2020-04-20 08:10:00,232.0,232.0,232.0,232.0,6472.99673
2020-04-20 08:11:00,233.0,233.0,233.0,233.0,42875.53648068
2020-04-20 08:13:00,233.0,233.0,233.0,233.0,2316.86731741
2020-04-20 08:14:00,233.0,233.0,232.0,232.0,4443.010951
2020-04-20 08:15:00,233.0,233.0,233.0,233.0,8068.66952789
2020-04-20 08:16:00,233.0,233.0,233.0,233.0,12313.59856551
2020-04-20 08:19:00,232.0,232.0,232.0,232.0,11650.05150166
2020-04-20 08:21:00,232.0,232.0,232.0,232.0,5783.59627365
2020-04-20 08:22:00,232.0,232.0,232.0,232.0,8583.69098712
2020-04-20 08:23:00,232.0,233.0,232.0,232.0,313718.01473441
2020-04-20 08:24:00,232.0,232.0,232.0,232.0,14286.2655316
2020-04-20 08:25:00,232.0,232.0,232.0,232.0,12925.71554272
2020-04-20 08:26:00,232.0,232.0,231.0,232.0,14117.20984409
2020-04-20 08:27:00,232.0,232.0,232.0,232.0,14589.96405539
2020-04-20 08:28:00,232.0,232.0,232.0,232.0,4632.29322963
2020-04-20 08:29:00,232.0,232.0,232.0,232.0,11352.79
2020-04-20 08:35:00,232.0,232.0,232.0,232.0,174.14999396
2020-04-20 08:36:00,232.0,232.0,232.0,232.0,21.551724
2020-04-20 08:37:00,232.0,232.0,232.0,232.0,13106.20120974
2020-04-20 08:38:00,231.0,231.0,231.0,231.0,288885.0547799
2020-04-20 08:39:00,231.0,231.0,230.0,231.0,221345.10627007
2020-04-20 08:40:00,231.0,231.0,231.0,231.0,11819.14285714
2020-04-20 08:41:00,231.0,231.0,231.0,231.0,142635.18843714
2020-04-20 08:42:00,231.0,231.0,231.0,231.0,10665.7733
2020-04-20 08:43:00,231.0,231.0,231.0,231.0,16002.20474137
2020-04-20 08:44:00,231.0,231.0,230.0,230.0,12384.2406789
2020-04-20 08:45:00,230.0,230.0,230.0,230.0,16682.54523639
2020-04-20 08:47:00,230.0,230.0,230.0,230.0,6139.98493309
2020-04-20 08:51:00,230.0,231.0,230.0,231.0,618.14189094
2020-04-20 08:52:00,231.0,231.0,230.0,230.0,825.24754939
2020-04-20 08:53:00,231.0,231.0,231.0,231.0,500.0
2020-04-20 08:56:00,231.0,231.0,230.0,231.0,6705.0
2020-04-20 08:57:00,231.0,231.0,231.0,231.0,162972.24566937
2020-04-20 08:58:00,231.0,231.0,230.0,231.0,3173.38208322
2020-04-20 08:59:00,231.0,231.0,231.0,231.0,36.0
2020-04-20 17:19:00,233.0,233.0,233.0,233.0,81622.7
2020-04-20 17:20:00,233.0,233.0,233.0,233.0,1022.5118
2020-04-20 17:21:00,233.0,234.0,233.0,233.0,29612.81479497
2020-04-20 17:22:00,233.0,233.0,233.0,233.0,42014.72857608
2020-04-20 17:23:00,233.0,233.0,233.0,233.0,3568.07145128
2020-04-20 17:24:00,233.0,233.0,233.0,233.0,114529.89964903
2020-04-20 17:25:00,234.0,234.0,233.0,233.0,116858.96760127
2020-04-20 17:26:00,233.0,233.0,233.0,233.0,22931.24165062
2020-04-20 17:27:00,233.0,233.0,233.0,233.0,18973.64587834
2020-04-20 17:28:00,233.0,233.0,233.0,233.0,3035.64097779
2020-04-20 17:30:00,232.0,233.0,232.0,233.0,1820.85258679
2020-04-20 17:31:00,233.0,233.0,232.0,232.0,32519.21502215
2020-04-20 17:32:00,232.0,233.0,232.0,232.0,13111.10050967
2020-04-20 17:33:00,233.0,233.0,232.0,232.0,23496.94474248
2020-04-20 17:34:00,232.0,233.0,232.0,233.0,14679.24958322
2020-04-20 17:35:00,232.0,232.0,232.0,232.0,8706.78690461
2020-04-20 17:36:00,232.0,232.0,232.0,232.0,14293.79051722
2020-04-20 17:39:00,233.0,233.0,233.0,233.0,69.30901287
2020-04-20 17:40:00,233.0,233.0,233.0,233.0,1347.52516231
2020-04-20 17:41:00,233.0,233.0,233.0,233.0,6434.55096486
2020-04-20 17:42:00,232.0,232.0,232.0,232.0,40941.4704509
2020-04-20 17:43:00,233.0,233.0,232.0,233.0,31817.94613022
2020-04-20 17:44:00,232.0,232.0,232.0,232.0,59331.70016231
2020-04-20 17:45:00,233.0,233.0,233.0,233.0,8546.21187259
2020-04-20 17:46:00,233.0,233.0,233.0,233.0,30043.010951
2020-04-20 17:47:00,233.0,233.0,233.0,233.0,40851.78869792
2020-04-20 17:48:00,233.0,233.0,232.0,232.0,1403.43347639
2020-04-20 17:49:00,232.0,232.0,232.0,232.0,14878.24948764
2020-04-20 17:51:00,232.0,233.0,232.0,233.0,1556.19107326
2020-04-20 17:52:00,232.0,232.0,232.0,232.0,4956.582665
2020-04-20 17:53:00,232.0,232.0,232.0,232.0,6112.79274154
2020-04-20 17:54:00,232.0,232.0,232.0,232.0,11332.42672121
2020-04-20 17:55:00,232.0,233.0,232.0,233.0,3908.95473702
2020-04-20 17:56:00,233.0,233.0,233.0,233.0,20662.18331512
2020-04-20 17:57:00,233.0,233.0,233.0,233.0,1252.27626546
2020-04-20 17:59:00,232.0,232.0,232.0,232.0,1450.0
2020-04-20 18:00:00,233.0,233.0,233.0,233.0,21359.74073049
2020-04-20 18:01:00,233.0,233.0,233.0,233.0,267.15826636
2020-04-20 18:02:00,233.0,233.0,233.0,233.0,79.01628583
2020-04-20 18:03:00,232.0,232.0,232.0,232.0,2367.63945613
2020-04-20 18:04:00,232.0,232.0,232.0,232.0,30691.50029445
2020-04-20 18:06:00,233.0,233.0,233.0,233.0,7047.81157703
2020-04-20 18:07:00,232.0,232.0,232.0,232.0,3673.25627321
2020-04-20 18:08:00,232.0,232.0,232.0,232.0,3115.04846938
2020-04-20 18:10:00,232.0,232.0,232.0,232.0,286.48762305
2020-04-20 18:12:00,233.0,233.0,233.0,233.0,458.24405393
2020-04-20 18:14:00,232.0,232.0,232.0,232.0,8471.16536622
2020-04-20 18:16:00,233.0,233.0,233.0,233.0,51242.92360257
2020-04-20 18:17:00,233.0,233.0,233.0,233.0,132592.28883412
2020-04-20 18:18:00,233.0,233.0,233.0,233.0,131.69101929
2020-04-20 18:19:00,233.0,233.0,232.0,232.0,9802.21823887
2020-04-20 18:21:00,233.0,233.0,232.0,232.0,22886.06840722
2020-04-20 18:22:00,232.0,232.0,232.0,232.0,26943.658111
2020-04-20 18:23:00,232.0,232.0,232.0,232.0,26133.91777482
2020-04-20 18:24:00,232.0,233.0,232.0,232.0,22427.53683404
2020-04-20 18:25:00,232.0,233.0,232.0,233.0,8542.1357082
2020-04-20 18:27:00,232.0,232.0,232.0,232.0,4839.3
2020-04-20 18:28:00,232.0,232.0,232.0,232.0,4.52054794
2020-04-20 18:29:00,232.0,232.0,232.0,232.0,2794.52729955
2020-04-20 18:30:00,233.0,233.0,232.0,232.0,83275.11123532
2020-04-20 18:31:00,233.0,233.0,232.0,232.0,106208.74337294
2020-04-20 18:32:00,232.0,232.0,232.0,232.0,288095.38029936
2020-04-20 18:33:00,232.0,232.0,232.0,232.0,30000.0
2020-04-20 18:34:00,232.0,233.0,232.0,233.0,23650.3
2020-04-20 18:35:00,232.0,232.0,232.0,232.0,3073.43895696
2020-04-20 18:36:00,232.0,232.0,232.0,232.0,15111.28656595
2020-04-20 18:37:00,233.0,233.0,233.0,233.0,2145.92274678
2020-04-20 18:38:00,232.0,233.0,232.0,232.0,137563.47093964
2020-04-20 18:39:00,233.0,233.0,233.0,233.0,16861.05066136
2020-04-20 18:40:00,233.0,233.0,233.0,233.0,428.97006432
2020-04-20 18:41:00,233.0,233.0,233.0,233.0,10043.46932009
2020-04-20 18:42:00,233.0,233.0,233.0,233.0,10774.04645316
2020-04-20 18:43:00,232.0,232.0,232.0,232.0,1472.76435352
2020-04-20 18:44:00,232.0,232.0,232.0,232.0,2403.7269
2020-04-20 18:45:00,232.0,232.0,232.0,232.0,2477.84768483
2020-04-20 18:46:00,233.0,233.0,233.0,233.0,47.18670707
2020-04-20 18:47:00,232.0,233.0,232.0,233.0,2884.29160652
2020-04-20 18:48:00,233.0,233.0,233.0,233.0,29434.77617414
2020-04-20 18:50:00,233.0,233.0,233.0,233.0,28956.16429553
2020-04-20 18:51:00,233.0,233.0,233.0,233.0,429.18454935
2020-04-20 18:52:00,233.0,233.0,233.0,233.0,16982.72108534
2020-04-20 18:53:00,233.0,233.0,232.0,232.0,516.42621967
2020-04-20 18:54:00,233.0,233.0,232.0,232.0,11981.62292243
2020-04-20 18:55:00,232.0,232.0,232.0,232.0,52.12545242
2020-04-20 18:56:00,233.0,233.0,232.0,233.0,47055.23594503
2020-04-20 18:57:00,233.0,233.0,233.0,233.0,12969.10300429
2020-04-20 18:58:00,232.0,233.0,232.0,233.0,253724.61606701
2020-04-20 18:59:00,232.0,232.0,232.0,232.0,41463.22077056
2020-04-20 19:00:00,233.0,233.0,232.0,232.0,59130.22702988
2020-04-20 19:01:00,232.0,232.0,232.0,232.0,7575.747133
2020-04-20 19:02:00,232.0,232.0,232.0,232.0,11178.17210899
2020-04-20 19:04:00,232.0,233.0,232.0,232.0,38438.65597408
2020-04-20 19:05:00,232.0,233.0,232.0,232.0,4705.14683523
2020-04-20 19:06:00,232.0,232.0,232.0,232.0,68293.97436497
2020-04-20 19:07:00,233.0,233.0,232.0,232.0,508969.52416443
2020-04-20 19:09:00,232.0,232.0,232.0,232.0,5453.79034619
2020-04-20 19:10:00,232.0,232.0,232.0,232.0,23111.67692012
2020-04-20 19:11:00,232.0,232.0,232.0,232.0,60214.02660737
2020-04-20 19:12:00,232.0,232.0,232.0,232.0,17187.48815247
2020-04-20 19:13:00,232.0,232.0,232.0,232.0,870.94173146
2020-04-20 19:14:00,232.0,232.0,232.0,232.0,21.551724
2020-04-20 19:15:00,231.0,232.0,231.0,232.0,2009.79210522
2020-04-20 19:16:00,232.0,232.0,232.0,232.0,26309.61793029
2020-04-20 19:17:00,231.0,232.0,231.0,231.0,4448.36220452
2020-04-20 19:18:00,232.0,232.0,231.0,231.0,27966.93306966
2020-04-20 19:20:00,231.0,232.0,231.0,231.0,69612.72413694
2020-04-20 19:21:00,232.0,232.0,231.0,231.0,39425.14306385
2020-04-20 19:22:00,231.0,231.0,230.0,230.0,382236.01382727
2020-04-20 19:23:00,231.0,231.0,230.0,230.0,4467.404329
2020-04-20 19:24:00,231.0,231.0,230.0,231.0,52998.01938856
2020-04-20 19:25:00,231.0,231.0,230.0,230.0,271027.94224127
2020-04-20 19:26:00,231.0,232.0,230.0,231.0,74505.69438849
2020-04-20 19:27:00,231.0,232.0,231.0,232.0,33513.14995346
2020-04-20 19:28:00,232.0,232.0,231.0,231.0,9750.68277786
2020-04-20 19:29:00,231.0,231.0,231.0,231.0,5367.00567339
2020-04-20 19:30:00,231.0,231.0,231.0,231.0,66674.35405747
2020-04-20 19:31:00,231.0,231.0,230.0,230.0,267555.81383062
2020-04-20 19:32:00,230.0,230.0,230.0,230.0,111000.91392306
2020-04-20 19:33:00,230.0,230.0,230.0,230.0,477481.42971734
2020-04-20 19:34:00,230.0,231.0,230.0,230.0,78906.18400896
2020-04-20 19:35:00,230.0,230.0,230.0,230.0,87495.74393311
2020-04-20 19:36:00,230.0,230.0,230.0,230.0,19520.21042532
2020-04-20 19:37:00,230.0,230.0,230.0,230.0,3036.49981748
2020-04-20 19:38:00,230.0,231.0,230.0,230.0,14905.9752775
2020-04-20 19:39:00,231.0,231.0,230.0,230.0,18225.65736639
2020-04-20 19:40:00,231.0,231.0,230.0,230.0,5048.01399449
2020-04-20 19:41:00,230.0,230.0,230.0,230.0,113219.32745016
2020-04-20 19:42:00,231.0,231.0,230.0,230.0,60064.24519346
2020-04-20 19:43:00,231.0,231.0,231.0,231.0,644834.82033333
2020-04-20 19:44:00,231.0,231.0,231.0,231.0,259.61045451
2020-04-20 19:45:00,230.0,230.0,230.0,230.0,4110.78010778
2020-04-20 19:46:00,230.0,230.0,230.0,230.0,1484.89904919
2020-04-20 19:47:00,231.0,231.0,230.0,231.0,7284.84637403
2020-04-20 19:48:00,231.0,231.0,230.0,231.0,322514.76320451
2020-04-20 19:49:00,231.0,231.0,230.0,231.0,25580.84699503
2020-04-20 19:50:00,231.0,231.0,231.0,231.0,6700.0
2020-04-20 19:51:00,231.0,231.0,230.0,230.0,46392.3596364
2020-04-20 19:52:00,231.0,231.0,231.0,231.0,26143.41190422
2020-04-20 19:53:00,231.0,231.0,231.0,231.0,16716.45224685
2020-04-20 19:54:00,231.0,231.0,231.0,231.0,16385.494
2020-04-20 19:55:00,231.0,231.0,231.0,231.0,2224.47781658
2020-04-20 19:56:00,231.0,231.0,231.0,231.0,5687.35
2020-04-20 19:57:00,231.0,231.0,231.0,231.0,4489.99005051
2020-04-20 19:58:00,231.0,231.0,231.0,231.0,3320.83759315
2020-04-20 19:59:00,231.0,232.0,231.0,232.0,1490.70330785
2020-04-20 20:00:00,231.0,231.0,231.0,231.0,75626.71585064
2020-04-20 20:01:00,231.0,231.0,231.0,231.0,110538.06141442
2020-04-20 20:02:00,231.0,231.0,231.0,231.0,41558.02306895
2020-04-20 20:03:00,231.0,231.0,231.0,231.0,2383.81242279
2020-04-20 20:04:00,231.0,231.0,231.0,231.0,46286.38494605
2020-04-20 20:05:00,231.0,231.0,230.0,230.0,25934.53965593
2020-04-20 20:06:00,230.0,231.0,230.0,231.0,450.9360405
2020-04-20 20:07:00,230.0,230.0,230.0,230.0,2856.14954859
2020-04-20 20:08:00,230.0,230.0,230.0,230.0,3012.50669444
2020-04-20 20:10:00,230.0,230.0,230.0,230.0,6500.0
2020-04-20 20:11:00,230.0,230.0,230.0,230.0,18183.88707232
2020-04-20 20:12:00,231.0,231.0,231.0,231.0,242430.966335
2020-04-20 20:13:00,231.0,231.0,230.0,231.0,47030.36567972
2020-04-20 20:14:00,231.0,231.0,231.0,231.0,3070.2
2020-04-20 20:15:00,231.0,231.0,230.0,231.0,22295.08189626
2020-04-20 20:16:00,231.0,231.0,231.0,231.0,2205.28696689
2020-04-20 20:17:00,231.0,231.0,231.0,231.0,17327.98535796
2020-04-20 20:18:00,231.0,231.0,231.0,231.0,610.79417001
2020-04-20 20:19:00,230.0,230.0,230.0,230.0,1371.33780962
2020-04-20 20:21:00,231.0,231.0,231.0,231.0,3067.46776611
2020-04-20 20:22:00,231.0,231.0,230.0,230.0,2825.79445922
2020-04-20 20:24:00,230.0,230.0,230.0,230.0,10347.36760402
2020-04-20 20:25:00,231.0,231.0,231.0,231.0,2.5
2020-04-20 20:26:00,231.0,231.0,231.0,231.0,1298.7012987
2020-04-20 20:27:00,231.0,231.0,230.0,230.0,4002.21681416
2020-04-20 20:29:00,230.0,230.0,230.0,230.0,23911.74491214
2020-04-20 20:31:00,231.0,231.0,230.0,231.0,39958.51062064
2020-04-20 20:32:00,230.0,230.0,230.0,230.0,2804.8160461
2020-04-20 20:33:00,231.0,231.0,231.0,231.0,170190.90729849
2020-04-20 20:34:00,230.0,230.0,230.0,230.0,2.21681416
2020-04-20 20:35:00,231.0,231.0,230.0,230.0,4408.10252844
2020-04-20 20:36:00,231.0,231.0,230.0,230.0,10481.45771319
2020-04-20 20:37:00,231.0,231.0,230.0,231.0,30166.16719182
2020-04-20 20:38:00,230.0,230.0,230.0,230.0,2.21681416
2020-04-20 20:39:00,231.0,231.0,230.0,230.0,9278.36349003
2020-04-20 20:40:00,230.0,231.0,230.0,231.0,2167.16329861
2020-04-20 20:41:00,230.0,230.0,230.0,230.0,2.21681416
2020-04-20 20:42:00,230.0,230.0,230.0,230.0,956.64185074
2020-04-20 20:43:00,230.0,230.0,230.0,230.0,3788.46870326
2020-04-20 20:44:00,230.0,231.0,230.0,230.0,488.71739136
2020-04-20 20:45:00,230.0,230.0,230.0,230.0,269886.10005342
2020-04-20 20:46:00,230.0,230.0,230.0,230.0,275508.78076166
2020-04-20 20:47:00,230.0,230.0,229.0,229.0,923754.99718886
2020-04-20 20:48:00,229.0,229.0,229.0,229.0,171543.16194494
2020-04-20 20:49:00,229.0,230.0,229.0,229.0,581352.47459793
2020-04-20 20:50:00,229.0,229.0,229.0,229.0,7772.15148415
2020-04-20 20:51:00,229.0,230.0,229.0,229.0,12791.81374762
2020-04-20 20:52:00,230.0,230.0,229.0,229.0,25007.53101449
2020-04-20 20:53:00,229.0,229.0,229.0,229.0,1539.77976826
2020-04-20 20:54:00,229.0,229.0,229.0,229.0,152773.71624315
2020-04-20 20:55:00,229.0,230.0,229.0,229.0,108110.06160103
2020-04-20 20:56:00,229.0,229.0,228.0,229.0,140513.97665518
2020-04-20 20:57:00,229.0,229.0,228.0,228.0,11725.74923089
2020-04-20 20:58:00,228.0,229.0,228.0,228.0,42766.60092727
2020-04-20 20:59:00,228.0,229.0,228.0,228.0,79565.04448923
2020-04-21 05:05:00,223.0,223.0,223.0,223.0,147721.96317984
2020-04-21 05:06:00,223.0,223.0,223.0,223.0,63817.79652102
2020-04-21 05:07:00,223.0,223.0,223.0,223.0,19273.54708296
2020-04-21 05:08:00,223.0,223.0,223.0,223.0,259773.27959597
2020-04-21 05:10:00,223.0,223.0,223.0,223.0,42903.49757327
2020-04-21 05:11:00,223.0,224.0,223.0,223.0,102745.27364321
2020-04-21 05:13:00,224.0,224.0,224.0,224.0,892.00042835
2020-04-21 05:19:00,224.0,224.0,223.0,223.0,55861.34358191
2020-04-21 05:20:00,224.0,224.0,224.0,224.0,14980.0
2020-04-21 05:21:00,224.0,224.0,224.0,224.0,435411.52126249
2020-04-21 05:22:00,224.0,224.0,224.0,224.0,172977.48711695
2020-04-21 05:23:00,223.0,224.0,223.0,223.0,33414.00711549
2020-04-21 05:24:00,223.0,224.0,223.0,223.0,112.22274513
2020-04-21 05:25:00,224.0,224.0,223.0,223.0,200050.53864528
2020-04-21 05:26:00,223.0,224.0,223.0,223.0,53658.8046035
2020-04-21 05:27:00,223.0,224.0,223.0,223.0,495.39904627
2020-04-21 05:28:00,223.0,223.0,223.0,223.0,3872.0738
2020-04-21 05:29:00,224.0,224.0,223.0,223.0,232.30875577
2020-04-21 05:30:00,224.0,224.0,224.0,224.0,1000.0
2020-04-21 05:31:00,224.0,224.0,223.0,223.0,1004.59633028
2020-04-21 05:32:00,223.0,223.0,223.0,223.0,7381.01296716
2020-04-21 05:33:00,224.0,224.0,223.0,224.0,306981.18173845
2020-04-21 05:34:00,224.0,225.0,223.0,224.0,42113.36321007
2020-04-21 05:35:00,224.0,224.0,224.0,224.0,36.62372764
2020-04-21 05:36:00,225.0,225.0,224.0,224.0,3254.53992349
2020-04-21 05:37:00,225.0,225.0,225.0,225.0,253.65539452
2020-04-21 05:38:00,225.0,225.0,224.0,224.0,2339.38025424
2020-04-21 05:41:00,225.0,225.0,224.0,224.0,42657.56172633
2020-04-21 05:43:00,225.0,225.0,224.0,224.0,1002.28767124
2020-04-21 05:44:00,224.0,224.0,224.0,224.0,2.30875577
2020-04-21 05:45:00,225.0,225.0,224.0,224.0,20024.57534248
2020-04-21 05:46:00,224.0,225.0,224.0,224.0,1490.88074421
2020-04-21 05:47:00,224.0,224.0,224.0,224.0,7500.0
2020-04-21 05:49:00,224.0,224.0,224.0,224.0,17632.235934
2020-04-21 05:50:00,224.0,224.0,224.0,224.0,20229.80000045
2020-04-21 05:51:00,225.0,225.0,224.0,224.0,1070.88670505
2020-04-21 05:52:00,225.0,225.0,224.0,224.0,657.8314358
2020-04-21 05:54:00,225.0,225.0,224.0,224.0,476.5305498
2020-04-21 05:56:00,224.0,225.0,224.0,224.0,30000.63706898
2020-04-21 05:57:00,224.0,225.0,224.0,225.0,18380.2426894
2020-04-21 05:58:00,224.0,224.0,224.0,224.0,4.58583638
2020-04-21 05:59:00,224.0,224.0,224.0,224.0,4000.49399654
2020-04-21 06:01:00,225.0,225.0,224.0,225.0,25004.05228807
2020-04-21 06:02:00,225.0,225.0,224.0,225.0,311836.88724498
2020-04-21 06:03:00,225.0,225.0,225.0,225.0,14080.48928994
2020-04-21 06:04:00,226.0,226.0,225.0,225.0,3878.78664397
2020-04-21 06:05:00,226.0,226.0,226.0,226.0,857.04535397
2020-04-21 06:06:00,226.0,226.0,225.0,225.0,14774.05847182
2020-04-21 06:07:00,225.0,225.0,225.0,225.0,32.0
2020-04-21 06:08:00,225.0,225.0,225.0,225.0,400.0
2020-04-21 06:09:00,226.0,226.0,225.0,225.0,8849.63390962
2020-04-21 06:10:00,225.0,225.0,225.0,225.0,4.443062
2020-04-21 06:11:00,225.0,225.0,225.0,225.0,2438.59829058
2020-04-21 06:13:00,226.0,226.0,226.0,226.0,66.34070796
2020-04-21 06:14:00,226.0,226.0,226.0,226.0,40863.41373634
2020-04-21 06:15:00,225.0,225.0,225.0,225.0,29503.29215033
2020-04-21 06:17:00,225.0,226.0,225.0,226.0,43282.42489369
2020-04-21 06:18:00,226.0,226.0,226.0,226.0,9901.89418564
2020-04-21 06:19:00,226.0,226.0,226.0,226.0,66780.99003594
2020-04-21 06:20:00,226.0,226.0,226.0,226.0,57896.68440115
2020-04-21 06:21:00,226.0,226.0,226.0,226.0,41543.63526199
2020-04-21 06:22:00,226.0,226.0,225.0,225.0,9739.43915929
2020-04-21 06:23:00,225.0,225.0,225.0,225.0,5000.0
2020-04-21 06:24:00,226.0,226.0,225.0,225.0,1329.05791443
2020-04-21 06:27:00,226.0,226.0,224.0,224.0,361785.88820409
2020-04-21 06:29:00,224.0,224.0,224.0,224.0,19112.11850051
2020-04-21 06:30:00,224.0,224.0,224.0,224.0,16105.55833195
2020-04-21 06:31:00,224.0,224.0,224.0,224.0,17249.05723502
2020-04-21 06:32:00,224.0,224.0,224.0,224.0,22813.00682991
2020-04-21 06:33:00,224.0,224.0,224.0,224.0,76178.66959377
2020-04-21 06:36:00,224.0,224.0,224.0,224.0,49596.52067646
2020-04-21 06:37:00,225.0,225.0,225.0,225.0,444.22222222
2020-04-21 06:38:00,224.0,224.0,224.0,224.0,2.28767124
2020-04-21 06:39:00,224.0,224.0,224.0,224.0,6085.7693312
2020-04-21 06:40:00,224.0,224.0,224.0,224.0,2009.10077939
2020-04-21 06:41:00,224.0,225.0,224.0,224.0,104.44444444
2020-04-21 06:42:00,225.0,225.0,223.0,223.0,241081.98797961
2020-04-21 06:43:00,223.0,224.0,223.0,224.0,14441.99703441
2020-04-21 06:44:00,224.0,224.0,223.0,223.0,10066.58583638
2020-04-21 06:46:00,223.0,224.0,223.0,224.0,47002.64599842
2020-04-21 06:47:00,224.0,224.0,223.0,223.0,77.20490862
2020-04-21 06:49:00,223.0,223.0,223.0,223.0,5052.58531448
2020-04-21 06:51:00,224.0,224.0,223.0,223.0,4901.32560744
2020-04-21 06:52:00,224.0,224.0,223.0,223.0,22.31944445
2020-04-21 06:54:00,223.0,224.0,223.0,223.0,63754.36680919
2020-04-21 06:55:00,223.0,224.0,223.0,223.0,54099.70573006
2020-04-21 06:56:00,223.0,223.0,223.0,223.0,40077.99248832
2020-04-21 06:57:00,223.0,224.0,223.0,224.0,35147.49057172
2020-04-21 06:58:00,224.0,224.0,224.0,224.0,22.321429
2020-04-21 06:59:00,224.0,224.0,223.0,223.0,29906.25226819
2020-04-21 07:00:00,223.0,224.0,223.0,223.0,21525.49294381
2020-04-21 07:01:00,223.0,223.0,223.0,223.0,204867.59681905
2020-04-21 07:02:00,224.0,224.0,223.0,223.0,3162.0741
2020-04-21 07:03:00,223.0,224.0,223.0,223.0,20433.70666831
2020-04-21 07:04:00,223.0,223.0,223.0,223.0,1828.5515723
2020-04-21 07:05:00,223.0,223.0,223.0,223.0,9300.0
2020-04-21 07:06:00,224.0,224.0,223.0,223.0,1613.20997759
2020-04-21 07:07:00,224.0,224.0,224.0,224.0,4196.56743056
2020-04-21 07:08:00,224.0,224.0,223.0,224.0,16942.54515597
2020-04-21 07:09:00,224.0,224.0,223.0,223.0,1022.54438537
2020-04-21 07:11:00,223.0,224.0,223.0,224.0,411647.6868784
2020-04-21 07:12:00,224.0,225.0,224.0,224.0,228353.69517295
2020-04-21 07:13:00,224.0,224.0,224.0,224.0,85017.19110248
2020-04-21 07:14:00,224.0,224.0,224.0,224.0,2380.71779626
2020-04-21 07:16:00,225.0,225.0,224.0,224.0,40716.40927624
2020-04-21 07:17:00,224.0,225.0,224.0,224.0,6575.17963148
2020-04-21 07:18:00,224.0,224.0,224.0,224.0,4969.82114047
2020-04-21 07:19:00,225.0,225.0,224.0,224.0,762.56736939
2020-04-21 07:21:00,224.0,224.0,224.0,224.0,3793.69347826
2020-04-21 07:22:00,225.0,225.0,225.0,225.0,17886.7566661
2020-04-21 07:23:00,224.0,224.0,224.0,224.0,2.29816514
2020-04-21 07:25:00,224.0,224.0,224.0,224.0,30000.2649
2020-04-21 07:26:00,224.0,224.0,224.0,224.0,45289.7121205
2020-04-21 07:27:00,224.0,224.0,224.0,224.0,8403.36134454
2020-04-21 07:28:00,224.0,225.0,224.0,225.0,764.48441438
2020-04-21 07:29:00,224.0,225.0,224.0,225.0,12957.29405796
2020-04-21 07:30:00,224.0,224.0,224.0,224.0,1999.01434665
2020-04-21 07:31:00,224.0,225.0,224.0,224.0,21005.94036291
2020-04-21 07:34:00,225.0,225.0,225.0,225.0,53.20450885
2020-04-21 07:35:00,225.0,225.0,225.0,225.0,285379.06793952
2020-04-21 07:36:00,225.0,225.0,225.0,225.0,4494.65933699
2020-04-21 07:37:00,225.0,225.0,225.0,225.0,1671.41888888
2020-04-21 07:38:00,225.0,225.0,224.0,224.0,57700.09805921
2020-04-21 07:39:00,224.0,225.0,224.0,224.0,92896.81429333
2020-04-21 07:40:00,225.0,225.0,225.0,225.0,14171.11888499
2020-04-21 07:42:00,225.0,225.0,225.0,225.0,2066.86508
2020-04-21 07:43:00,225.0,225.0,225.0,225.0,23165.53723137
2020-04-21 07:45:00,224.0,224.0,224.0,224.0,23965.276436
2020-04-21 07:46:00,224.0,224.0,224.0,224.0,947.4758493
2020-04-21 07:47:00,225.0,225.0,225.0,225.0,20969.12654782
2020-04-21 07:48:00,224.0,225.0,224.0,225.0,29319.2307165
2020-04-21 07:49:00,225.0,225.0,225.0,225.0,10364.852
2020-04-21 07:50:00,224.0,224.0,224.0,224.0,32105.96875475
2020-04-21 07:51:00,224.0,224.0,224.0,224.0,6495.02438
2020-04-21 07:52:00,225.0,225.0,224.0,225.0,85588.62013437
2020-04-21 07:53:00,225.0,225.0,224.0,225.0,3201.483037
2020-04-21 07:54:00,225.0,225.0,225.0,225.0,35759.29035481
2020-04-21 07:55:00,224.0,225.0,224.0,224.0,971.19586469
2020-04-21 07:56:00,224.0,225.0,224.0,224.0,7601.07724314
2020-04-21 07:57:00,224.0,224.0,224.0,224.0,30513.77462703
2020-04-21 07:58:00,224.0,225.0,224.0,224.0,13057.85372069
2020-04-21 07:59:00,225.0,225.0,224.0,224.0,14664.59966194
2020-04-21 08:00:00,225.0,225.0,224.0,224.0,49.04077472
2020-04-21 08:01:00,225.0,225.0,224.0,224.0,18178.83162679
2020-04-21 08:02:00,225.0,225.0,224.0,224.0,11091.37842783
2020-04-21 08:03:00,224.0,225.0,224.0,224.0,282.12654129
2020-04-21 08:04:00,224.0,225.0,224.0,224.0,4357.76490366
2020-04-21 08:05:00,224.0,224.0,224.0,224.0,1545.13310203
2020-04-21 08:06:00,224.0,224.0,224.0,224.0,31212.034887
2020-04-21 08:07:00,224.0,224.0,224.0,224.0,40974.99310206
2020-04-21 08:08:00,224.0,225.0,224.0,224.0,85359.04600603
2020-04-21 08:09:00,224.0,224.0,224.0,224.0,189958.35648983
2020-04-21 08:10:00,224.0,224.0,224.0,224.0,26044.71113224
2020-04-21 08:11:00,224.0,224.0,223.0,223.0,25118.68879827
2020-04-21 08:12:00,224.0,224.0,223.0,224.0,98167.49738249
2020-04-21 08:13:00,223.0,224.0,223.0,223.0,13480.77098173
2020-04-21 08:14:00,223.0,224.0,223.0,224.0,6612.95608354
2020-04-21 08:15:00,224.0,224.0,223.0,223.0,4752.23938865
2020-04-21 08:16:00,223.0,223.0,223.0,223.0,62664.94353738
2020-04-21 08:17:00,223.0,223.0,223.0,223.0,8905.36946416
2020-04-21 08:18:00,223.0,223.0,223.0,223.0,27200.70288453
2020-04-21 08:19:00,223.0,223.0,223.0,223.0,10936.47033784
2020-04-21 08:21:00,223.0,224.0,222.0,223.0,515152.1422538
2020-04-21 08:22:00,223.0,223.0,222.0,222.0,1400.61092427
2020-04-21 08:23:00,222.0,223.0,222.0,223.0,5926.5050997
2020-04-21 08:24:00,222.0,223.0,222.0,223.0,110448.16360756
2020-04-21 08:25:00,223.0,223.0,222.0,223.0,183309.05292275
2020-04-21 08:26:00,223.0,223.0,223.0,223.0,620.0
2020-04-21 08:27:00,224.0,224.0,223.0,223.0,25002.29816514
2020-04-21 08:28:00,223.0,223.0,223.0,223.0,27783.08205324
2020-04-21 08:29:00,223.0,223.0,223.0,223.0,45403.88576176
2020-04-21 08:30:00,224.0,224.0,224.0,224.0,60.0
2020-04-21 08:31:00,224.0,224.0,223.0,223.0,24006.87013969
2020-04-21 08:32:00,223.0,224.0,223.0,223.0,15238.13778075
2020-04-21 08:33:00,223.0,223.0,223.0,223.0,20179.37219731
2020-04-21 08:34:00,223.0,223.0,223.0,223.0,29871.06946992
2020-04-21 08:35:00,223.0,224.0,223.0,224.0,277848.8090225
2020-04-21 08:36:00,224.0,224.0,224.0,224.0,10393.16311879
2020-04-21 08:37:00,224.0,224.0,224.0,224.0,27.96021057
2020-04-21 08:38:00,224.0,224.0,224.0,224.0,108649.78667992
2020-04-21 08:39:00,224.0,224.0,224.0,224.0,3053.49709453
2020-04-21 08:40:00,224.0,225.0,224.0,224.0,64454.9267301
2020-04-21 08:41:00,224.0,224.0,223.0,224.0,42602.28271949
2020-04-21 08:42:00,224.0,224.0,223.0,223.0,143.11756686
2020-04-21 08:43:00,223.0,223.0,223.0,223.0,3119.82114046
2020-04-21 08:44:00,223.0,224.0,223.0,224.0,1867.43726349
2020-04-21 08:45:00,224.0,224.0,224.0,224.0,3969.57324908
2020-04-21 08:46:00,224.0,224.0,224.0,224.0,2558.58482142
2020-04-21 08:47:00,223.0,223.0,223.0,223.0,709.12987124
2020-04-21 08:49:00,224.0,224.0,223.0,223.0,96.78738566
2020-04-21 08:50:00,223.0,223.0,223.0,223.0,1000.0
2020-04-21 08:51:00,223.0,224.0,223.0,224.0,3857.74436637
2020-04-21 08:52:00,223.0,224.0,223.0,224.0,18484.04782608
2020-04-21 08:53:00,224.0,224.0,223.0,223.0,89.98868798
2020-04-21 08:54:00,223.0,224.0,223.0,223.0,966.42529691
2020-04-21 08:55:00,223.0,224.0,223.0,223.0,11278.15435138
2020-04-21 08:56:00,223.0,224.0,223.0,223.0,6517.18986114
2020-04-21 08:57:00,224.0,224.0,223.0,224.0,9414.3613163
2020-04-21 08:58:00,224.0,224.0,223.0,223.0,137949.0382564
2020-04-21 08:59:00,224.0,224.0,223.0,224.0,42247.04364376
2020-04-21 16:48:00,226.0,226.0,226.0,226.0,5077.87831747
2020-04-21 16:50:00,226.0,226.0,225.0,225.0,6310.15607339
2020-04-21 16:51:00,225.0,226.0,225.0,226.0,24327.88263218
2020-04-21 16:52:00,226.0,226.0,226.0,226.0,22.123894
2020-04-21 16:53:00,226.0,226.0,226.0,226.0,9368.34680005
2020-04-21 16:56:00,226.0,226.0,226.0,226.0,9287.39170237
2020-04-21 16:57:00,226.0,226.0,226.0,226.0,48.62170684
2020-04-21 16:59:00,226.0,226.0,226.0,226.0,11061.94690265
2020-04-21 17:01:00,226.0,226.0,226.0,226.0,123816.91062875
2020-04-21 17:03:00,226.0,226.0,226.0,226.0,22.123894
2020-04-21 17:04:00,225.0,226.0,225.0,226.0,1196.95554202
2020-04-21 17:05:00,226.0,226.0,226.0,226.0,8911.47346679
2020-04-21 17:06:00,225.0,225.0,225.0,225.0,888.0
2020-04-21 17:07:00,225.0,226.0,225.0,226.0,5495.95267671
2020-04-21 17:08:00,226.0,226.0,225.0,225.0,19722.74117901
2020-04-21 17:09:00,226.0,226.0,226.0,226.0,23660.73600367
2020-04-21 17:11:00,226.0,226.0,225.0,225.0,3657.24719158
2020-04-21 17:12:00,226.0,226.0,226.0,226.0,165.0
2020-04-21 17:13:00,226.0,226.0,226.0,226.0,334.3318584
2020-04-21 17:14:00,226.0,226.0,226.0,226.0,22.123894
2020-04-21 17:15:00,226.0,226.0,225.0,226.0,19196.42647148
2020-04-21 17:16:00,225.0,225.0,225.0,225.0,25987.4343
2020-04-21 17:17:00,225.0,225.0,225.0,225.0,187337.83227723
2020-04-21 17:18:00,225.0,226.0,225.0,225.0,280127.45606803
2020-04-21 17:19:00,225.0,225.0,225.0,225.0,76483.02020617
2020-04-21 17:20:00,225.0,225.0,225.0,225.0,33545.339455
2020-04-21 17:21:00,225.0,225.0,224.0,224.0,642883.94667365
2020-04-21 17:22:00,224.0,224.0,224.0,224.0,136655.99789391
2020-04-21 17:23:00,224.0,225.0,224.0,225.0,22593.06834112
2020-04-21 17:24:00,224.0,224.0,224.0,224.0,13333.33333333
2020-04-21 17:26:00,224.0,224.0,224.0,224.0,9363.66261223
2020-04-21 17:28:00,225.0,225.0,225.0,225.0,5870.45511111
2020-04-21 17:29:00,225.0,225.0,225.0,225.0,444.22233327
2020-04-21 17:31:00,225.0,225.0,224.0,224.0,2002.30662446
2020-04-21 17:32:00,224.0,224.0,224.0,224.0,34576.739281
2020-04-21 17:33:00,224.0,224.0,224.0,224.0,25375.93837178
2020-04-21 17:36:00,224.0,225.0,224.0,225.0,19018.83102004
2020-04-21 17:37:00,224.0,225.0,224.0,225.0,36650.06657216
2020-04-21 17:38:00,224.0,224.0,224.0,224.0,30699.4294
2020-04-21 17:39:00,225.0,225.0,224.0,224.0,28523.66096202
2020-04-21 17:42:00,224.0,224.0,224.0,224.0,200.0
2020-04-21 17:43:00,225.0,225.0,225.0,225.0,8694.52092198
2020-04-21 17:44:00,225.0,225.0,225.0,225.0,444.44444444
2020-04-21 17:46:00,225.0,225.0,225.0,225.0,6503.1154978
2020-04-21 17:47:00,225.0,225.0,225.0,225.0,79.88967881
2020-04-21 17:48:00,225.0,225.0,225.0,225.0,458.96163029
2020-04-21 17:49:00,225.0,225.0,225.0,225.0,22446.22222222
2020-04-21 17:50:00,225.0,225.0,225.0,225.0,6977.77777777
2020-04-21 17:51:00,225.0,225.0,225.0,225.0,14062.70198234
2020-04-21 17:52:00,225.0,225.0,225.0,225.0,908.12815813
2020-04-21 17:54:00,225.0,225.0,224.0,224.0,81386.44448897
2020-04-21 17:55:00,224.0,224.0,224.0,224.0,54195.5866836
2020-04-21 17:56:00,224.0,225.0,224.0,225.0,49443.26138518
2020-04-21 17:57:00,224.0,224.0,224.0,224.0,12430.88738738
2020-04-21 17:59:00,225.0,225.0,225.0,225.0,1228.47909377
2020-04-21 18:00:00,225.0,225.0,224.0,224.0,5311.00449774
2020-04-21 18:04:00,224.0,224.0,224.0,224.0,1470.360761
2020-04-21 18:05:00,224.0,224.0,224.0,224.0,200.0
2020-04-21 18:06:00,225.0,225.0,225.0,225.0,13.33333333
2020-04-21 18:07:00,224.0,224.0,224.0,224.0,2000.0
2020-04-21 18:09:00,224.0,224.0,224.0,224.0,310.111111
2020-04-21 18:10:00,225.0,225.0,224.0,224.0,9299.23393032
2020-04-21 18:11:00,224.0,224.0,224.0,224.0,25457.57142869
2020-04-21 18:12:00,224.0,224.0,224.0,224.0,10000.0
2020-04-21 18:13:00,224.0,225.0,224.0,225.0,23303.57142858
2020-04-21 18:15:00,224.0,224.0,224.0,224.0,37243.91853861
2020-04-21 18:16:00,225.0,225.0,225.0,225.0,3555.55555555
2020-04-21 18:17:00,225.0,225.0,225.0,225.0,42695.31456493
2020-04-21 18:18:00,224.0,224.0,224.0,224.0,332965.53872368
2020-04-21 18:19:00,224.0,225.0,224.0,224.0,281853.20542481
2020-04-21 18:20:00,224.0,224.0,223.0,223.0,61870.57549345
2020-04-21 18:22:00,223.0,224.0,223.0,224.0,88059.8175602
2020-04-21 18:23:00,224.0,224.0,223.0,223.0,56.00000045
2020-04-21 18:24:00,223.0,223.0,223.0,223.0,26419.35501003
2020-04-21 18:25:00,223.0,223.0,223.0,223.0,32105.76016339
2020-04-21 18:26:00,224.0,224.0,223.0,223.0,275887.97432062
2020-04-21 18:27:00,223.0,223.0,223.0,223.0,11004.28546788
2020-04-21 18:28:00,223.0,223.0,223.0,223.0,1155.13640559
2020-04-21 18:30:00,223.0,223.0,223.0,223.0,72377.39579948
2020-04-21 18:31:00,223.0,223.0,223.0,223.0,395530.83467075
2020-04-21 18:32:00,223.0,224.0,223.0,223.0,85730.78252224
2020-04-21 18:33:00,223.0,223.0,223.0,223.0,6842.11244292
2020-04-21 18:34:00,223.0,223.0,223.0,223.0,133768.20254502
2020-04-21 18:35:00,224.0,224.0,223.0,223.0,10830.92523286
2020-04-21 18:36:00,224.0,224.0,223.0,224.0,28385.10996674
2020-04-21 18:37:00,223.0,224.0,223.0,223.0,15953.33949883
2020-04-21 18:38:00,223.0,223.0,222.0,222.0,129241.10052453
2020-04-21 18:39:00,222.0,223.0,222.0,222.0,93830.41626444
2020-04-21 18:40:00,222.0,223.0,222.0,223.0,50414.95858046
2020-04-21 18:41:00,223.0,223.0,222.0,222.0,8310.98033528
2020-04-21 18:42:00,222.0,223.0,222.0,223.0,36809.63581
2020-04-21 18:44:00,223.0,223.0,223.0,223.0,26421.52466367
2020-04-21 18:45:00,223.0,223.0,223.0,223.0,104173.39865451
2020-04-21 18:46:00,222.0,222.0,222.0,222.0,4422.56747732
2020-04-21 18:47:00,222.0,222.0,222.0,222.0,125083.20556506
2020-04-21 18:48:00,222.0,222.0,222.0,222.0,420373.27773112
2020-04-21 18:49:00,222.0,222.0,222.0,222.0,179775.72164379
2020-04-21 18:50:00,223.0,223.0,223.0,223.0,109693.3794784
2020-04-21 18:51:00,223.0,223.0,222.0,222.0,31942.9539979
2020-04-21 18:53:00,223.0,223.0,222.0,223.0,156115.03760681
2020-04-21 18:54:00,223.0,223.0,223.0,223.0,105214.17707335
2020-04-21 18:55:00,224.0,224.0,223.0,223.0,7530.17665428
2020-04-21 18:56:00,223.0,223.0,223.0,223.0,45045.04504505
2020-04-21 18:58:00,223.0,223.0,223.0,223.0,8861.17623514
2020-04-21 18:59:00,223.0,223.0,223.0,223.0,20000.0
2020-04-21 19:00:00,224.0,224.0,224.0,224.0,30050.0
2020-04-21 19:01:00,224.0,224.0,224.0,224.0,144044.97304918
2020-04-21 19:02:00,224.0,224.0,224.0,224.0,6709.82142856
2020-04-21 19:03:00,223.0,223.0,223.0,223.0,4092.6824824
2020-04-21 19:04:00,224.0,224.0,224.0,224.0,12326.98680914
2020-04-21 19:05:00,223.0,223.0,223.0,223.0,745.94953408
2020-04-21 19:07:00,223.0,224.0,223.0,224.0,6102.83081152
2020-04-21 19:08:00,224.0,224.0,224.0,224.0,99726.96814224
2020-04-21 19:09:00,224.0,224.0,224.0,224.0,31691.6955452
2020-04-21 19:10:00,224.0,224.0,223.0,223.0,95506.06531387
2020-04-21 19:11:00,224.0,224.0,223.0,224.0,45945.18074095
2020-04-21 19:12:00,224.0,224.0,224.0,224.0,16356.19686197
2020-04-21 19:15:00,224.0,224.0,224.0,224.0,3380.14251845
2020-04-21 19:16:00,223.0,224.0,223.0,224.0,27136.18960242
2020-04-21 19:17:00,224.0,224.0,223.0,223.0,4329.53166273
2020-04-21 19:18:00,224.0,224.0,224.0,224.0,426.89519525
2020-04-21 19:20:00,223.0,223.0,223.0,223.0,11951.60110045
2020-04-21 19:21:00,223.0,223.0,223.0,223.0,25043.468631
2020-04-21 19:22:00,223.0,223.0,223.0,223.0,24367.40770006
2020-04-21 19:23:00,223.0,223.0,223.0,223.0,1844.7032
2020-04-21 19:24:00,223.0,224.0,223.0,224.0,27075.94851629
2020-04-21 19:25:00,224.0,224.0,224.0,224.0,3820.16134788
2020-04-21 19:26:00,224.0,224.0,223.0,223.0,10166.8461456
2020-04-21 19:27:00,223.0,223.0,223.0,223.0,39477.06548294
2020-04-21 19:28:00,223.0,223.0,223.0,223.0,9819.61794275
2020-04-21 19:29:00,223.0,223.0,223.0,223.0,9709.43378243
2020-04-21 19:30:00,224.0,224.0,224.0,224.0,82.0
2020-04-21 19:31:00,224.0,224.0,224.0,224.0,25899.98660714
2020-04-21 19:32:00,224.0,224.0,224.0,224.0,9147.21428571
2020-04-21 19:33:00,224.0,224.0,224.0,224.0,10000.0
2020-04-21 19:34:00,224.0,224.0,224.0,224.0,35388.91164277
2020-04-21 19:36:00,224.0,224.0,224.0,224.0,223.10273434
2020-04-21 19:37:00,224.0,224.0,223.0,223.0,85094.33424986
2020-04-21 19:38:00,224.0,224.0,223.0,223.0,11676.58030028
2020-04-21 19:39:00,223.0,224.0,223.0,224.0,18627.61212299
2020-04-21 19:40:00,224.0,224.0,224.0,224.0,10059.98786321
2020-04-21 19:41:00,224.0,224.0,224.0,224.0,105894.36272319
2020-04-21 19:42:00,224.0,225.0,224.0,224.0,41158.54664709
2020-04-21 19:43:00,225.0,225.0,224.0,224.0,301.66666666
2020-04-21 19:44:00,224.0,225.0,224.0,224.0,1514.41934229
2020-04-21 19:47:00,225.0,225.0,225.0,225.0,355.37786662
2020-04-21 19:48:00,224.0,225.0,224.0,224.0,517.41146093
2020-04-21 19:51:00,224.0,225.0,224.0,225.0,226461.79304549
2020-04-21 19:53:00,224.0,224.0,224.0,224.0,10153.578296
2020-04-21 19:54:00,224.0,224.0,224.0,224.0,28274.50287987
2020-04-21 19:55:00,223.0,223.0,223.0,223.0,1431.27418498
2020-04-21 19:56:00,223.0,223.0,223.0,223.0,4467.87207979
2020-04-21 19:57:00,223.0,223.0,223.0,223.0,60000.0
2020-04-21 19:58:00,223.0,223.0,223.0,223.0,2000.0
2020-04-21 19:59:00,223.0,224.0,223.0,223.0,6899.69428985
2020-04-21 20:00:00,223.0,223.0,223.0,223.0,256.72699809
2020-04-21 20:02:00,223.0,223.0,223.0,223.0,6004.748678
2020-04-21 20:03:00,224.0,224.0,224.0,224.0,249.63276785
2020-04-21 20:05:00,224.0,224.0,224.0,224.0,25000.0
2020-04-21 20:06:00,223.0,223.0,223.0,223.0,2.28767124
2020-04-21 20:07:00,224.0,224.0,224.0,224.0,49568.97090092
2020-04-21 20:09:00,224.0,224.0,224.0,224.0,9000.0
2020-04-21 20:10:00,223.0,223.0,223.0,223.0,1278.25593093
2020-04-21 20:12:00,223.0,223.0,223.0,223.0,83.25589271
2020-04-21 20:13:00,223.0,223.0,223.0,223.0,25568.97090092
2020-04-21 20:14:00,224.0,224.0,223.0,223.0,41136.8262543
2020-04-21 20:15:00,224.0,224.0,224.0,224.0,10264.43028485
2020-04-21 20:16:00,223.0,224.0,223.0,224.0,5006.76969292
2020-04-21 20:17:00,223.0,223.0,223.0,223.0,3832.91899891
2020-04-21 20:18:00,224.0,224.0,223.0,223.0,70002.35211268
2020-04-21 20:19:00,223.0,223.0,223.0,223.0,15206.56370416
2020-04-21 20:20:00,224.0,224.0,223.0,223.0,53973.36703558
2020-04-21 20:21:00,223.0,223.0,223.0,223.0,1298.6248
2020-04-21 20:22:00,223.0,223.0,223.0,223.0,10000.0
2020-04-21 20:23:00,223.0,223.0,223.0,223.0,2380.32681579
2020-04-21 20:24:00,224.0,224.0,223.0,223.0,2004.682243
2020-04-21 20:25:00,224.0,224.0,223.0,223.0,6218.88037776
2020-04-21 20:26:00,224.0,224.0,223.0,223.0,197064.24412887
2020-04-21 20:27:00,223.0,223.0,223.0,223.0,905.69112765
2020-04-21 20:28:00,224.0,224.0,223.0,224.0,2741.6470825
2020-04-21 20:29:00,223.0,223.0,223.0,223.0,5116.21250668
2020-04-21 20:30:00,223.0,224.0,223.0,223.0,17302.54032744
2020-04-21 20:32:00,223.0,223.0,223.0,223.0,2437.5
2020-04-21 20:36:00,224.0,224.0,223.0,224.0,6019.30132303
2020-04-21 20:37:00,223.0,224.0,223.0,224.0,184369.92012653
2020-04-21 20:38:00,225.0,225.0,224.0,224.0,1016.93165379
2020-04-21 20:40:00,224.0,224.0,224.0,224.0,10825.35071749
2020-04-21 20:41:00,224.0,225.0,224.0,224.0,10910.12884501
2020-04-21 20:42:00,224.0,225.0,224.0,224.0,16419.9679006
2020-04-21 20:44:00,224.0,224.0,224.0,224.0,5520.92593988
2020-04-21 20:45:00,224.0,224.0,224.0,224.0,41375.36414801
2020-04-21 20:46:00,224.0,224.0,224.0,224.0,11994.7022197
2020-04-21 20:47:00,225.0,225.0,223.0,224.0,83098.58523153
2020-04-21 20:48:00,224.0,224.0,224.0,224.0,28401.02876106
2020-04-21 20:49:00,224.0,224.0,223.0,223.0,1003.04427273
2020-04-21 20:50:00,224.0,224.0,223.0,223.0,1570.03003002
2020-04-21 20:51:00,224.0,224.0,223.0,223.0,910.31809323
2020-04-21 20:55:00,223.0,223.0,223.0,223.0,107.67544338
2020-04-21 20:56:00,223.0,223.0,223.0,223.0,635.11037236
2020-04-21 20:57:00,224.0,224.0,223.0,223.0,1082.43387178
2020-04-22 02:39:00,226.0,226.0,226.0,226.0,29455.69004
2020-04-22 02:40:00,226.0,226.0,226.0,226.0,22978.26174721
2020-04-22 02:41:00,226.0,226.0,226.0,226.0,13073.98513132
2020-04-22 02:42:00,226.0,226.0,226.0,226.0,37652.694887
2020-04-22 02:43:00,226.0,226.0,226.0,226.0,3936.79688607
2020-04-22 02:44:00,226.0,226.0,226.0,226.0,330490.75369436
2020-04-22 02:45:00,226.0,226.0,226.0,226.0,44460.59914576
2020-04-22 02:46:00,226.0,226.0,226.0,226.0,133.235004
2020-04-22 02:47:00,226.0,226.0,225.0,225.0,40884.51349546
2020-04-22 02:49:00,225.0,225.0,225.0,225.0,196274.35403375
2020-04-22 02:50:00,225.0,226.0,225.0,226.0,20634.50884429
2020-04-22 02:51:00,226.0,227.0,226.0,226.0,103183.96029733
2020-04-22 02:52:00,226.0,226.0,225.0,226.0,251948.61331549
2020-04-22 02:53:00,226.0,227.0,226.0,227.0,406061.18415934
2020-04-22 02:54:00,227.0,227.0,226.0,227.0,180976.58630392
2020-04-22 02:55:00,228.0,228.0,227.0,227.0,54387.14329844
2020-04-22 02:56:00,227.0,228.0,227.0,228.0,11439.54787071
2020-04-22 02:57:00,228.0,228.0,227.0,227.0,8832.50251223
2020-04-22 02:58:00,227.0,228.0,226.0,226.0,29841.26187987
2020-04-22 02:59:00,227.0,227.0,227.0,227.0,28052.81431718
2020-04-22 03:00:00,227.0,228.0,226.0,226.0,30478.54364219
2020-04-22 03:01:00,227.0,227.0,227.0,227.0,11123.07110756
2020-04-22 03:02:00,228.0,228.0,227.0,227.0,12.67129593
2020-04-22 03:03:00,227.0,227.0,227.0,227.0,9169.77268723
2020-04-22 03:04:00,227.0,227.0,227.0,227.0,3124.93778078
2020-04-22 03:05:00,226.0,226.0,226.0,226.0,2.25112108
2020-04-22 03:07:00,227.0,227.0,227.0,227.0,11849.1
2020-04-22 03:08:00,227.0,227.0,227.0,227.0,100153.00763742
2020-04-22 03:09:00,227.0,227.0,226.0,226.0,685.85563659
2020-04-22 03:12:00,227.0,227.0,226.0,226.0,1010.0
2020-04-22 03:17:00,227.0,227.0,227.0,227.0,15686.20535547
2020-04-22 03:19:00,227.0,227.0,227.0,227.0,22.026432
2020-04-22 03:21:00,227.0,227.0,227.0,227.0,102010.2894687
2020-04-22 03:22:00,227.0,227.0,227.0,227.0,25294.83628229
2020-04-22 03:23:00,226.0,226.0,226.0,226.0,2255.49822491
2020-04-22 03:24:00,226.0,226.0,226.0,226.0,3412.414384
2020-04-22 03:30:00,226.0,227.0,226.0,227.0,2018.51766007
2020-04-22 03:31:00,226.0,226.0,226.0,226.0,2408.08900086
2020-04-22 03:32:00,227.0,227.0,227.0,227.0,5088.33248574
2020-04-22 03:33:00,227.0,227.0,227.0,227.0,6885.72453861
2020-04-22 03:39:00,227.0,227.0,227.0,227.0,6464.44178791
2020-04-22 03:41:00,227.0,227.0,227.0,227.0,22.026432
2020-04-22 03:43:00,227.0,227.0,227.0,227.0,6094.78080343
2020-04-22 03:44:00,227.0,227.0,226.0,226.0,38315.06752773
2020-04-22 03:45:00,226.0,226.0,226.0,226.0,3239.71797905
2020-04-22 03:51:00,226.0,226.0,226.0,226.0,2391.5331231
2020-04-22 03:57:00,226.0,227.0,226.0,227.0,4528.76267932
2020-04-22 04:03:00,227.0,227.0,227.0,227.0,30000.09746256
2020-04-22 04:05:00,227.0,227.0,227.0,227.0,40000.0
2020-04-22 04:08:00,227.0,227.0,227.0,227.0,3071.71084061
2020-04-22 04:11:00,227.0,227.0,227.0,227.0,2550.0
2020-04-22 04:14:00,227.0,227.0,227.0,227.0,22.026432
2020-04-22 04:15:00,227.0,227.0,227.0,227.0,39.28872568
2020-04-22 04:16:00,227.0,227.0,227.0,227.0,2201.5424006
2020-04-22 04:19:00,227.0,227.0,227.0,227.0,9121.46569886
2020-04-22 04:20:00,226.0,226.0,226.0,226.0,6422.70000074
2020-04-22 04:21:00,227.0,227.0,227.0,227.0,2.20175438
2020-04-22 04:22:00,227.0,227.0,227.0,227.0,98637.28678635
2020-04-22 04:24:00,227.0,227.0,227.0,227.0,14243.68385883
2020-04-22 04:26:00,227.0,227.0,227.0,227.0,53649.44256259
2020-04-22 04:30:00,227.0,227.0,227.0,227.0,12920.02016612
2020-04-22 04:33:00,226.0,226.0,226.0,226.0,36.30905135
2020-04-22 04:36:00,227.0,227.0,227.0,227.0,522.026432
2020-04-22 04:37:00,227.0,227.0,227.0,227.0,98.76872246
2020-04-22 04:39:00,226.0,227.0,226.0,226.0,2243.91150882
2020-04-22 04:42:00,227.0,227.0,227.0,227.0,2.20175438
2020-04-22 04:43:00,226.0,226.0,226.0,226.0,2.26126127
2020-04-22 04:44:00,226.0,226.0,226.0,226.0,1320.5407376
2020-04-22 04:46:00,226.0,226.0,226.0,226.0,500.0
2020-04-22 04:47:00,227.0,227.0,227.0,227.0,793.05721588
2020-04-22 04:50:00,226.0,227.0,226.0,227.0,21601.52026431
2020-04-22 04:52:00,227.0,227.0,227.0,227.0,166.96035242
2020-04-22 04:58:00,227.0,227.0,227.0,227.0,44.150326
2020-04-22 04:59:00,226.0,226.0,226.0,226.0,4076.24663678
2020-04-22 05:00:00,226.0,226.0,226.0,226.0,55133.37184687
2020-04-22 05:01:00,225.0,225.0,225.0,225.0,2.27727273
2020-04-22 05:06:00,225.0,225.0,225.0,225.0,128450.94758948
2020-04-22 05:10:00,225.0,225.0,225.0,225.0,2074.77654861
2020-04-22 05:12:00,226.0,226.0,225.0,225.0,5002.27727273
2020-04-22 05:15:00,225.0,225.0,225.0,225.0,5022.70000031
2020-04-22 05:20:00,225.0,225.0,225.0,225.0,4182.0094137
2020-04-22 05:22:00,226.0,226.0,225.0,225.0,709.8880691
2020-04-22 05:29:00,226.0,226.0,226.0,226.0,70.27901978
2020-04-22 05:30:00,225.0,226.0,225.0,226.0,1361.95868865
2020-04-22 05:31:00,226.0,226.0,225.0,225.0,71.12288346
2020-04-22 05:37:00,225.0,225.0,225.0,225.0,2720.3887
2020-04-22 05:40:00,225.0,225.0,225.0,225.0,10228.28174748
2020-04-22 05:50:00,226.0,226.0,225.0,225.0,85775.99946224
2020-04-22 05:51:00,226.0,226.0,225.0,226.0,177826.5270564
2020-04-22 05:57:00,226.0,226.0,226.0,226.0,3112.16482291
2020-04-22 06:01:00,227.0,227.0,227.0,227.0,58715.67740358
2020-04-22 06:04:00,227.0,227.0,227.0,227.0,66.372548
2020-04-22 06:11:00,227.0,227.0,227.0,227.0,6164.31872169
2020-04-22 06:15:00,227.0,227.0,226.0,226.0,26181.77259703
2020-04-22 06:16:00,226.0,226.0,226.0,226.0,3000.0
2020-04-22 06:19:00,226.0,226.0,226.0,226.0,1512.89629636
2020-04-22 06:20:00,226.0,226.0,226.0,226.0,477.41469746
2020-04-22 06:24:00,226.0,226.0,226.0,226.0,7200.46259554
2020-04-22 06:27:00,226.0,226.0,226.0,226.0,5000.0
2020-04-22 06:36:00,227.0,227.0,227.0,227.0,190.71349513
2020-04-22 06:37:00,227.0,227.0,227.0,227.0,3484.23865188
2020-04-22 06:39:00,226.0,227.0,226.0,227.0,4844.51762656
2020-04-22 06:40:00,227.0,227.0,227.0,227.0,10276.90339852
2020-04-22 06:41:00,226.0,226.0,226.0,226.0,168.42464558
2020-04-22 06:42:00,227.0,227.0,227.0,227.0,88.0
2020-04-22 06:43:00,227.0,227.0,227.0,227.0,798.0
2020-04-22 06:46:00,227.0,227.0,227.0,227.0,255.41854623
2020-04-22 06:48:00,227.0,227.0,227.0,227.0,21817.29619799
2020-04-22 06:50:00,227.0,227.0,227.0,227.0,5081.38503436
2020-04-22 06:51:00,227.0,227.0,227.0,227.0,103215.85903083
2020-04-22 06:53:00,227.0,227.0,227.0,227.0,18754.58060121
2020-04-22 06:54:00,227.0,227.0,227.0,227.0,2895.0
2020-04-22 06:55:00,227.0,227.0,227.0,227.0,11207.81422658
2020-04-22 06:56:00,227.0,227.0,227.0,227.0,9788.01018212
2020-04-22 06:58:00,226.0,226.0,226.0,226.0,220.49401481
2020-04-22 06:59:00,226.0,226.0,226.0,226.0,148995.01822166
2020-04-22 07:00:00,227.0,227.0,227.0,227.0,1007.1239
2020-04-22 07:06:00,227.0,227.0,227.0,227.0,5063.0824
2020-04-22 07:07:00,227.0,227.0,226.0,226.0,9590.28634361
2020-04-22 07:08:00,226.0,226.0,226.0,226.0,10307.34632683
2020-04-22 07:10:00,226.0,226.0,226.0,226.0,10000.0
2020-04-22 07:11:00,227.0,227.0,227.0,227.0,803.831
2020-04-22 07:12:00,227.0,227.0,227.0,227.0,4045.07066404
2020-04-22 07:18:00,227.0,227.0,227.0,227.0,31.8308
2020-04-22 07:20:00,226.0,227.0,226.0,227.0,24266.54249099
2020-04-22 07:21:00,227.0,227.0,226.0,227.0,15607.32412885
2020-04-22 07:22:00,227.0,227.0,227.0,227.0,13121.87658493
2020-04-22 07:26:00,227.0,227.0,227.0,227.0,1115.22
2020-04-22 07:28:00,226.0,226.0,226.0,226.0,467.70516715
2020-04-22 07:30:00,226.0,226.0,226.0,226.0,2000.0
2020-04-22 07:31:00,226.0,226.0,226.0,226.0,3767.21945831
2020-04-22 07:34:00,226.0,226.0,226.0,226.0,1000.0
2020-04-22 07:40:00,227.0,227.0,227.0,227.0,20441.21290748
2020-04-22 07:42:00,226.0,226.0,226.0,226.0,500.0
2020-04-22 07:43:00,226.0,226.0,226.0,226.0,500.34232029
2020-04-22 07:44:00,227.0,227.0,227.0,227.0,17476.74604458
2020-04-22 07:45:00,227.0,227.0,227.0,227.0,65979.01430579
2020-04-22 07:46:00,227.0,227.0,227.0,227.0,65473.65527796
2020-04-22 07:47:00,227.0,227.0,227.0,227.0,106778.08607928
2020-04-22 07:48:00,227.0,227.0,227.0,227.0,225639.35724376
2020-04-22 07:50:00,227.0,227.0,227.0,227.0,2658.17987573
2020-04-22 07:51:00,227.0,227.0,227.0,227.0,8688.338
2020-04-22 07:52:00,227.0,227.0,227.0,227.0,110.61794137
2020-04-22 07:53:00,227.0,227.0,227.0,227.0,28031.1372325
2020-04-22 07:55:00,227.0,227.0,227.0,227.0,117.67146017
2020-04-22 07:56:00,228.0,228.0,228.0,228.0,3068.75027397
2020-04-22 07:58:00,227.0,227.0,227.0,227.0,2.24663678
2020-04-22 07:59:00,228.0,228.0,227.0,228.0,51242.97100678
2020-04-22 08:00:00,228.0,228.0,228.0,228.0,54.54
2020-04-22 08:01:00,227.0,227.0,227.0,227.0,44055.12019289
2020-04-22 08:02:00,227.0,227.0,227.0,227.0,69288.49910451
2020-04-22 08:03:00,227.0,228.0,227.0,228.0,22105.90174839
2020-04-22 08:04:00,227.0,228.0,227.0,228.0,16849.81949204
2020-04-22 08:05:00,228.0,228.0,227.0,227.0,36515.46433469
2020-04-22 08:06:00,228.0,228.0,227.0,227.0,3290.08652608
2020-04-22 08:07:00,227.0,228.0,227.0,228.0,22834.43781593
2020-04-22 08:08:00,227.0,228.0,227.0,227.0,34695.11430333
2020-04-22 08:09:00,226.0,227.0,226.0,227.0,4.79816514
2020-04-22 08:10:00,226.0,227.0,226.0,226.0,20680.30123077
2020-04-22 08:11:00,227.0,227.0,226.0,227.0,7.30875577
2020-04-22 08:12:00,226.0,226.0,226.0,226.0,2.36320755
2020-04-22 08:13:00,226.0,227.0,226.0,226.0,28530.09935608
2020-04-22 08:14:00,227.0,227.0,227.0,227.0,2721.4774934
2020-04-22 08:15:00,227.0,227.0,226.0,226.0,2500.87813902
2020-04-22 08:16:00,226.0,227.0,226.0,226.0,9.83023256
2020-04-22 08:18:00,226.0,227.0,226.0,227.0,1879.63096645
2020-04-22 08:19:00,227.0,227.0,226.0,227.0,313.20027661
2020-04-22 08:20:00,226.0,227.0,226.0,227.0,34.45833335
2020-04-22 08:21:00,226.0,227.0,226.0,226.0,1009.6388889
2020-04-22 08:22:00,227.0,227.0,226.0,226.0,56339.06509897
2020-04-22 08:23:00,226.0,227.0,226.0,227.0,1628.73512917
2020-04-22 08:24:00,226.0,227.0,226.0,227.0,37.22542247
2020-04-22 08:25:00,226.0,227.0,226.0,226.0,1274.53538411
2020-04-22 08:26:00,227.0,227.0,226.0,226.0,893.77783443
2020-04-22 08:27:00,227.0,227.0,226.0,226.0,2690.14650487
2020-04-22 08:28:00,227.0,227.0,226.0,226.0,15.95833335
2020-04-22 08:29:00,227.0,227.0,226.0,226.0,56028.89708367
2020-04-22 08:30:00,226.0,226.0,226.0,226.0,4.62820022
2020-04-22 08:31:00,226.0,226.0,226.0,226.0,3200.5
2020-04-22 08:32:00,226.0,226.0,226.0,226.0,180.0
2020-04-22 08:35:00,227.0,227.0,227.0,227.0,13213.69840363
2020-04-22 08:36:00,226.0,227.0,226.0,226.0,8723.29877093
2020-04-22 08:37:00,226.0,227.0,226.0,226.0,20006.75275577
2020-04-22 08:38:00,227.0,227.0,226.0,226.0,20633.00487325
2020-04-22 08:39:00,227.0,227.0,227.0,227.0,2.319
2020-04-22 08:40:00,226.0,227.0,226.0,226.0,240.71442735
2020-04-22 08:41:00,226.0,227.0,226.0,226.0,220152.31141417
2020-04-22 08:42:00,226.0,227.0,225.0,226.0,48045.11423256
2020-04-22 08:43:00,226.0,226.0,225.0,225.0,2805.36241044
2020-04-22 08:44:00,226.0,226.0,226.0,226.0,57.4933772
2020-04-22 08:45:00,225.0,225.0,225.0,225.0,14855.57555503
2020-04-22 08:46:00,225.0,225.0,225.0,225.0,3255.09442011
2020-04-22 08:48:00,226.0,226.0,225.0,225.0,4915.38208784
2020-04-22 08:49:00,225.0,225.0,225.0,225.0,15924.71009237
2020-04-22 08:50:00,226.0,226.0,225.0,225.0,16196.67507728
2020-04-22 08:53:00,225.0,225.0,225.0,225.0,28221.23572513
2020-04-22 08:54:00,225.0,225.0,225.0,225.0,8500.0
2020-04-22 08:56:00,225.0,225.0,225.0,225.0,46.266359
2020-04-22 08:57:00,225.0,226.0,225.0,226.0,3624.5328916
2020-04-22 08:59:00,226.0,226.0,225.0,225.0,6.0
2020-04-22 16:58:00,228.0,228.0,228.0,228.0,22159.99631762
2020-04-22 16:59:00,227.0,228.0,227.0,228.0,20100.0
2020-04-22 17:00:00,228.0,228.0,227.0,227.0,16850.21360835
2020-04-22 17:01:00,228.0,228.0,228.0,228.0,3232.99315254
2020-04-22 17:02:00,227.0,228.0,227.0,228.0,11085.23924565
2020-04-22 17:03:00,228.0,228.0,227.0,227.0,35265.66900306
2020-04-22 17:04:00,227.0,227.0,227.0,227.0,396.0
2020-04-22 17:05:00,227.0,227.0,227.0,227.0,10000.0
2020-04-22 17:06:00,228.0,228.0,227.0,228.0,6174.84314732
2020-04-22 17:07:00,228.0,228.0,228.0,228.0,50.0
2020-04-22 17:09:00,227.0,227.0,227.0,227.0,12436.0
2020-04-22 17:10:00,227.0,227.0,227.0,227.0,15883.34603019
2020-04-22 17:11:00,228.0,228.0,228.0,228.0,140.0
2020-04-22 17:12:00,227.0,227.0,227.0,227.0,2222.22222222
2020-04-22 17:13:00,227.0,227.0,227.0,227.0,4955.16641301
2020-04-22 17:14:00,227.0,228.0,227.0,228.0,63778.10960852
2020-04-22 17:15:00,228.0,228.0,228.0,228.0,43.956257
2020-04-22 17:16:00,228.0,228.0,228.0,228.0,4419.54385964
2020-04-22 17:17:00,228.0,228.0,227.0,228.0,18838.66941336
2020-04-22 17:18:00,228.0,228.0,228.0,228.0,19586.7022629
2020-04-22 17:20:00,227.0,227.0,227.0,227.0,12429.9694413
2020-04-22 17:21:00,227.0,227.0,227.0,227.0,114196.38198521
2020-04-22 17:22:00,227.0,227.0,227.0,227.0,10000.0
2020-04-22 17:23:00,227.0,227.0,227.0,227.0,954.150667
2020-04-22 17:24:00,227.0,227.0,227.0,227.0,248091.89096478
2020-04-22 17:25:00,227.0,227.0,226.0,226.0,102897.64801526
2020-04-22 17:26:00,227.0,227.0,227.0,227.0,47101.83075221
2020-04-22 17:28:00,227.0,227.0,227.0,227.0,35386.80879824
2020-04-22 17:29:00,226.0,226.0,226.0,226.0,1624.31944285
2020-04-22 17:30:00,227.0,227.0,227.0,227.0,144.85583295
2020-04-22 17:31:00,226.0,226.0,226.0,226.0,3500.0
2020-04-22 17:32:00,227.0,227.0,227.0,227.0,12063.7035229
2020-04-22 17:34:00,227.0,227.0,227.0,227.0,541.311674
2020-04-22 17:35:00,227.0,227.0,226.0,226.0,18326.26493313
2020-04-22 17:36:00,227.0,227.0,227.0,227.0,541.77756936
2020-04-22 17:37:00,227.0,227.0,227.0,227.0,27445.82829956
2020-04-22 17:38:00,226.0,226.0,226.0,226.0,21.34408404
2020-04-22 17:39:00,227.0,227.0,226.0,226.0,11405.29206321
2020-04-22 17:40:00,226.0,226.0,226.0,226.0,11562.6835
2020-04-22 17:41:00,226.0,227.0,226.0,227.0,21857.32130033
2020-04-22 17:43:00,227.0,227.0,227.0,227.0,1260.52422907
2020-04-22 17:45:00,226.0,226.0,226.0,226.0,3000.0
2020-04-22 17:46:00,227.0,227.0,226.0,227.0,33619.36073369
2020-04-22 17:47:00,226.0,227.0,226.0,227.0,36151.86858349
2020-04-22 17:48:00,227.0,227.0,226.0,226.0,21181.44847884
2020-04-22 17:50:00,226.0,226.0,226.0,226.0,9.039184
2020-04-22 17:51:00,227.0,227.0,226.0,226.0,6237.64865683
2020-04-22 17:52:00,226.0,227.0,226.0,226.0,5488.16527305
2020-04-22 17:55:00,227.0,227.0,226.0,226.0,11011.07974255
2020-04-22 17:56:00,226.0,226.0,226.0,226.0,8989.5218
2020-04-22 17:57:00,226.0,227.0,226.0,226.0,124384.8643363
2020-04-22 17:58:00,227.0,227.0,226.0,226.0,38208.50343648
2020-04-22 17:59:00,227.0,227.0,226.0,226.0,3054.89992856
2020-04-22 18:00:00,227.0,227.0,227.0,227.0,239509.62645643
2020-04-22 18:01:00,227.0,227.0,227.0,227.0,12266.2251605
2020-04-22 18:02:00,228.0,228.0,227.0,227.0,17785.11021727
2020-04-22 18:03:00,228.0,228.0,228.0,228.0,4.1118421
2020-04-22 18:04:00,228.0,228.0,228.0,228.0,34560.58878729
2020-04-22 18:05:00,228.0,228.0,228.0,228.0,7197.31800766
2020-04-22 18:06:00,227.0,228.0,227.0,228.0,67428.22118193
2020-04-22 18:07:00,227.0,228.0,227.0,227.0,2140.70828445
2020-04-22 18:08:00,228.0,228.0,228.0,228.0,1085.0
2020-04-22 18:09:00,228.0,228.0,228.0,228.0,4385.96491228
2020-04-22 18:10:00,228.0,228.0,227.0,227.0,6752.49442112
2020-04-22 18:11:00,227.0,227.0,227.0,227.0,3725.93744922
2020-04-22 18:13:00,227.0,227.0,227.0,227.0,26123.632
2020-04-22 18:14:00,227.0,227.0,227.0,227.0,5935.0
2020-04-22 18:15:00,227.0,227.0,227.0,227.0,18933.61161386
2020-04-22 18:16:00,227.0,227.0,227.0,227.0,43649.39082771
2020-04-22 18:17:00,227.0,227.0,227.0,227.0,75936.84577323
2020-04-22 18:18:00,227.0,228.0,227.0,227.0,43776.68720019
2020-04-22 18:19:00,227.0,228.0,227.0,227.0,34810.4088717
2020-04-22 18:20:00,227.0,228.0,227.0,228.0,34599.38072672
2020-04-22 18:21:00,228.0,228.0,227.0,227.0,38575.16086822
2020-04-22 18:22:00,227.0,228.0,227.0,227.0,124261.15505166
2020-04-22 18:24:00,227.0,227.0,227.0,227.0,173677.649
2020-04-22 18:25:00,227.0,227.0,227.0,227.0,11386.98476239
2020-04-22 18:26:00,227.0,227.0,226.0,226.0,83609.11182164
2020-04-22 18:27:00,227.0,227.0,227.0,227.0,22590.59016747
2020-04-22 18:28:00,227.0,227.0,227.0,227.0,317.09911894
2020-04-22 18:29:00,227.0,227.0,227.0,227.0,24703.9061
2020-04-22 18:30:00,227.0,227.0,227.0,227.0,19096.10937485
2020-04-22 18:31:00,227.0,227.0,227.0,227.0,3003.58158634
2020-04-22 18:32:00,227.0,227.0,226.0,227.0,23470.40791445
2020-04-22 18:35:00,226.0,226.0,226.0,226.0,2.23660715
2020-04-22 18:36:00,226.0,227.0,226.0,227.0,4783.25
2020-04-22 18:37:00,227.0,227.0,226.0,226.0,25488.96227087
2020-04-22 18:38:00,227.0,227.0,227.0,227.0,18002.67795175
2020-04-22 18:39:00,227.0,227.0,226.0,226.0,232.92302605
2020-04-22 18:40:00,226.0,227.0,226.0,227.0,68.13171805
2020-04-22 18:42:00,227.0,227.0,226.0,226.0,5732.54870371
2020-04-22 18:43:00,227.0,227.0,227.0,227.0,19130.96035242
2020-04-22 18:44:00,227.0,227.0,227.0,227.0,1273.0
2020-04-22 18:45:00,226.0,227.0,226.0,227.0,460.51918072
2020-04-22 18:46:00,227.0,227.0,226.0,227.0,66081.36821229
2020-04-22 18:47:00,227.0,227.0,226.0,226.0,4041.02895029
2020-04-22 18:48:00,226.0,226.0,226.0,226.0,44345.4322278
2020-04-22 18:49:00,227.0,227.0,226.0,226.0,6173.4589054
2020-04-22 18:50:00,227.0,227.0,226.0,226.0,3390.07546541
2020-04-22 18:51:00,227.0,227.0,226.0,226.0,530.90132956
2020-04-22 18:54:00,226.0,226.0,226.0,226.0,9.47586001
2020-04-22 18:55:00,226.0,226.0,226.0,226.0,16.20372062
2020-04-22 18:56:00,226.0,226.0,226.0,226.0,669.29302295
2020-04-22 18:57:00,226.0,227.0,226.0,226.0,30859.46677525
2020-04-22 18:58:00,226.0,226.0,226.0,226.0,1609.4388703
2020-04-22 18:59:00,227.0,227.0,226.0,226.0,50.51638219
2020-04-22 19:00:00,227.0,227.0,226.0,226.0,190.50988266
2020-04-22 19:01:00,227.0,227.0,226.0,226.0,4449.66637476
2020-04-22 19:02:00,227.0,227.0,226.0,226.0,46.30962019
2020-04-22 19:03:00,227.0,227.0,226.0,227.0,178.60993176
2020-04-22 19:04:00,227.0,227.0,226.0,226.0,30207.21391214
2020-04-22 19:05:00,227.0,227.0,226.0,226.0,25.03831752
2020-04-22 19:06:00,227.0,227.0,226.0,227.0,12980.5515414
2020-04-22 19:07:00,226.0,226.0,226.0,226.0,2.26696833
2020-04-22 19:08:00,227.0,227.0,226.0,227.0,4412.82944405
2020-04-22 19:09:00,226.0,226.0,226.0,226.0,1814.15929204
2020-04-22 19:10:00,227.0,227.0,226.0,226.0,944.78098583
2020-04-22 19:11:00,226.0,226.0,226.0,226.0,3078.5940491
2020-04-22 19:13:00,227.0,227.0,226.0,226.0,29420.53296733
2020-04-22 19:15:00,227.0,227.0,226.0,226.0,326036.21857637
2020-04-22 19:16:00,226.0,227.0,226.0,227.0,10685.16856158
2020-04-22 19:17:00,226.0,226.0,226.0,226.0,2.26696833
2020-04-22 19:18:00,227.0,227.0,226.0,227.0,90272.09489935
2020-04-22 19:19:00,226.0,226.0,226.0,226.0,209573.39900251
2020-04-22 19:20:00,227.0,227.0,226.0,227.0,33984.92778774
2020-04-22 19:21:00,226.0,227.0,226.0,227.0,23338.9997376
2020-04-22 19:22:00,227.0,227.0,226.0,226.0,4.81944445
2020-04-22 19:23:00,226.0,227.0,226.0,227.0,35405.71907528
2020-04-22 19:24:00,226.0,226.0,226.0,226.0,2.31944445
2020-04-22 19:26:00,226.0,227.0,226.0,226.0,62.14967701
2020-04-22 19:27:00,227.0,227.0,226.0,227.0,5667.65812049
2020-04-22 19:28:00,226.0,227.0,226.0,226.0,13257.36459217
2020-04-22 19:29:00,227.0,227.0,226.0,227.0,26314.82994763
2020-04-22 19:30:00,226.0,227.0,226.0,226.0,21.4488501
2020-04-22 19:31:00,226.0,227.0,226.0,227.0,4146.93985535
2020-04-22 19:32:00,226.0,227.0,226.0,227.0,469.10729162
2020-04-22 19:33:00,226.0,227.0,226.0,226.0,25016.65078035
2020-04-22 19:34:00,226.0,227.0,226.0,226.0,3762.57534248
2020-04-22 19:38:00,226.0,226.0,226.0,226.0,10340.63172404
2020-04-22 19:40:00,227.0,227.0,226.0,226.0,3043.52750792
2020-04-22 19:42:00,227.0,227.0,226.0,226.0,11194.63608781
2020-04-22 19:44:00,226.0,226.0,226.0,226.0,1765.3826
2020-04-22 19:45:00,226.0,226.0,226.0,226.0,1000.0
2020-04-22 19:46:00,226.0,226.0,226.0,226.0,102812.97853248
2020-04-22 19:47:00,226.0,226.0,226.0,226.0,81201.08938676
2020-04-22 19:49:00,227.0,227.0,226.0,226.0,7.05767124
2020-04-22 19:50:00,226.0,227.0,226.0,227.0,17849.35570416
2020-04-22 19:51:00,226.0,227.0,226.0,226.0,30.79816514
2020-04-22 19:52:00,226.0,226.0,226.0,226.0,6700.0
2020-04-22 19:53:00,227.0,227.0,226.0,227.0,445.76696833
2020-04-22 19:54:00,227.0,227.0,226.0,227.0,29426.75197149
2020-04-22 19:55:00,227.0,227.0,226.0,227.0,14119.72920205
2020-04-22 19:56:00,227.0,227.0,227.0,227.0,71.03964757
2020-04-22 19:57:00,226.0,226.0,226.0,226.0,2.27727273
2020-04-22 19:59:00,226.0,227.0,226.0,226.0,29921.77727273
2020-04-22 20:00:00,227.0,227.0,226.0,226.0,2559.43187525
2020-04-22 20:02:00,226.0,226.0,226.0,226.0,9500.0
2020-04-22 20:03:00,226.0,227.0,226.0,226.0,17591.5
2020-04-22 20:04:00,226.0,226.0,226.0,226.0,1694.95845901
2020-04-22 20:05:00,226.0,226.0,226.0,226.0,1605.81751429
2020-04-22 20:06:00,226.0,226.0,226.0,226.0,3556.4524
2020-04-22 20:07:00,226.0,226.0,226.0,226.0,53454.843561
2020-04-22 20:09:00,226.0,226.0,226.0,226.0,439.423055
2020-04-22 20:11:00,226.0,226.0,226.0,226.0,8828.6773
2020-04-22 20:12:00,226.0,226.0,226.0,226.0,2464.2088303
2020-04-22 20:15:00,226.0,226.0,226.0,226.0,10637.57761658
2020-04-22 20:16:00,227.0,227.0,227.0,227.0,1457.92742395
2020-04-22 20:17:00,226.0,226.0,226.0,226.0,2.26696833
2020-04-22 20:18:00,226.0,227.0,226.0,227.0,6920.88621664
2020-04-22 20:19:00,227.0,227.0,227.0,227.0,21941.41255363
2020-04-22 20:20:00,226.0,226.0,226.0,226.0,3616.98826215
2020-04-22 20:21:00,227.0,227.0,226.0,226.0,5975.65984046
2020-04-22 20:27:00,227.0,227.0,226.0,226.0,869.46482432
2020-04-22 20:29:00,226.0,226.0,226.0,226.0,341.51720435
2020-04-22 20:30:00,227.0,227.0,227.0,227.0,23.0
2020-04-22 20:31:00,226.0,226.0,226.0,226.0,16297.38767219
2020-04-22 20:32:00,226.0,226.0,226.0,226.0,4419.16523707
2020-04-22 20:34:00,226.0,226.0,226.0,226.0,2.65486726
2020-04-22 20:35:00,227.0,227.0,226.0,226.0,14109.84264686
2020-04-22 20:36:00,226.0,226.0,226.0,226.0,4504.54418808
2020-04-22 20:37:00,227.0,227.0,227.0,227.0,10671.32819383
2020-04-22 20:38:00,226.0,226.0,226.0,226.0,2.26696833
2020-04-22 20:39:00,227.0,227.0,226.0,226.0,9862.916901
2020-04-22 20:40:00,226.0,227.0,226.0,227.0,29454.71911813
2020-04-22 20:41:00,227.0,227.0,226.0,227.0,45834.61112545
2020-04-22 20:42:00,226.0,226.0,226.0,226.0,2.27727273
2020-04-22 20:43:00,226.0,226.0,226.0,226.0,1709.71208856
2020-04-22 20:45:00,226.0,226.0,226.0,226.0,11771.49371742
2020-04-22 20:46:00,226.0,226.0,226.0,226.0,205.51405424
2020-04-22 20:47:00,226.0,226.0,226.0,226.0,300.0
2020-04-22 20:50:00,226.0,226.0,226.0,226.0,8407.0
2020-04-22 20:51:00,226.0,226.0,226.0,226.0,3237.0
2020-04-22 20:52:00,227.0,227.0,226.0,226.0,7.7607202
2020-04-22 20:53:00,227.0,227.0,226.0,226.0,38645.58021585
2020-04-22 20:54:00,227.0,227.0,226.0,226.0,5653.04286008
2020-04-22 20:55:00,226.0,227.0,226.0,226.0,447.03332791
2020-04-22 20:56:00,226.0,226.0,226.0,226.0,884.95575222
2020-04-22 20:57:00,227.0,227.0,226.0,227.0,786.02702878
2020-04-22 20:58:00,226.0,226.0,226.0,226.0,2.30875577
2020-04-22 20:59:00,226.0,226.0,226.0,226.0,887.61061948
2020-04-23 04:02:00,228.0,228.0,228.0,228.0,109591.3554347
2020-04-23 04:03:00,228.0,228.0,228.0,228.0,15000.0
2020-04-23 04:04:00,228.0,228.0,228.0,228.0,189.104424
2020-04-23 04:06:00,228.0,228.0,228.0,228.0,86532.88214699
2020-04-23 04:08:00,228.0,228.0,228.0,228.0,153.50877236
2020-04-23 04:09:00,228.0,228.0,228.0,228.0,6000.0
2020-04-23 04:11:00,228.0,228.0,228.0,228.0,6409.62851906
2020-04-23 04:13:00,228.0,228.0,228.0,228.0,1315.13190773
2020-04-23 04:17:00,228.0,228.0,228.0,228.0,7.0
2020-04-23 04:19:00,228.0,228.0,228.0,228.0,21.929825
2020-04-23 04:21:00,228.0,228.0,228.0,228.0,48568.49314432
2020-04-23 04:22:00,228.0,228.0,228.0,228.0,2192.98245615
2020-04-23 04:23:00,228.0,228.0,228.0,228.0,2726.27214527
2020-04-23 04:24:00,228.0,228.0,228.0,228.0,636.47523049
2020-04-23 04:25:00,228.0,228.0,228.0,228.0,10000.0
2020-04-23 04:26:00,228.0,228.0,228.0,228.0,3000.0
2020-04-23 04:27:00,228.0,228.0,228.0,228.0,15855.08123131
2020-04-23 04:29:00,228.0,229.0,228.0,229.0,3980.87284026
2020-04-23 04:30:00,229.0,229.0,229.0,229.0,21.834061
2020-04-23 04:32:00,228.0,228.0,228.0,228.0,11996.01499999
2020-04-23 04:33:00,228.0,228.0,228.0,228.0,134.49889108
2020-04-23 04:35:00,228.0,228.0,228.0,228.0,3646.62113021
2020-04-23 04:37:00,227.0,227.0,227.0,227.0,1291.17320148
2020-04-23 04:42:00,228.0,228.0,228.0,228.0,49897.4791952
2020-04-23 04:44:00,228.0,228.0,228.0,228.0,71.76456336
2020-04-23 04:46:00,228.0,228.0,228.0,228.0,5033.75624144
2020-04-23 04:49:00,228.0,228.0,228.0,228.0,4977.15643436
2020-04-23 04:50:00,228.0,228.0,228.0,228.0,19718.16805251
2020-04-23 04:52:00,228.0,228.0,228.0,228.0,43.956257
2020-04-23 04:53:00,228.0,228.0,228.0,228.0,23460.56796163
2020-04-23 04:58:00,227.0,227.0,227.0,227.0,219.29824562
2020-04-23 05:00:00,228.0,228.0,228.0,228.0,5995.00877193
2020-04-23 05:03:00,228.0,228.0,228.0,228.0,21.929825
2020-04-23 05:09:00,228.0,228.0,227.0,227.0,659.3902
2020-04-23 05:10:00,228.0,228.0,228.0,228.0,3.0
2020-04-23 05:11:00,228.0,228.0,228.0,228.0,56.58135844
2020-04-23 05:14:00,228.0,228.0,228.0,228.0,13039.01777225
2020-04-23 05:16:00,228.0,228.0,228.0,228.0,8568.5490588
2020-04-23 05:17:00,227.0,227.0,227.0,227.0,1465.91704147
2020-04-23 05:19:00,228.0,228.0,228.0,228.0,53142.08785957
2020-04-23 05:21:00,228.0,228.0,228.0,228.0,10000.0
2020-04-23 05:22:00,228.0,228.0,228.0,228.0,23239.00768913
2020-04-23 05:23:00,228.0,228.0,228.0,228.0,284.93209534
2020-04-23 05:24:00,228.0,228.0,228.0,228.0,131.57894736
2020-04-23 05:25:00,228.0,228.0,228.0,228.0,21.929825
2020-04-23 05:28:00,228.0,228.0,228.0,228.0,3000.0
2020-04-23 05:32:00,228.0,228.0,228.0,228.0,438.59649122
2020-04-23 05:33:00,228.0,228.0,228.0,228.0,8.69740568
2020-04-23 05:34:00,228.0,228.0,228.0,228.0,13000.0
2020-04-23 05:35:00,228.0,228.0,228.0,228.0,10005.39204082
2020-04-23 05:36:00,228.0,228.0,228.0,228.0,10021.929825
2020-04-23 05:37:00,228.0,228.0,227.0,227.0,799.87719298
2020-04-23 05:41:00,227.0,228.0,227.0,228.0,11329.29522081
2020-04-23 05:42:00,228.0,228.0,228.0,228.0,2045.52548286
2020-04-23 05:43:00,228.0,228.0,228.0,228.0,3.0
2020-04-23 05:45:00,228.0,228.0,228.0,228.0,1000.0
2020-04-23 05:47:00,228.0,228.0,227.0,227.0,1766.549425
2020-04-23 05:50:00,228.0,228.0,227.0,228.0,6030.40453457
2020-04-23 05:51:00,228.0,228.0,228.0,228.0,20658.22790359
2020-04-23 05:52:00,228.0,228.0,228.0,228.0,8.71932454
2020-04-23 05:54:00,228.0,228.0,228.0,228.0,9556.62300427
2020-04-23 05:58:00,228.0,228.0,228.0,228.0,21.929825
2020-04-23 06:00:00,227.0,227.0,227.0,227.0,1579.17547776
2020-04-23 06:01:00,227.0,227.0,227.0,227.0,202.0
2020-04-23 06:03:00,228.0,228.0,228.0,228.0,19927.41787001
2020-04-23 06:05:00,228.0,228.0,228.0,228.0,4997.50124937
2020-04-23 06:06:00,228.0,228.0,228.0,228.0,438.59649123
2020-04-23 06:07:00,228.0,228.0,228.0,228.0,3977.31835836
2020-04-23 06:08:00,228.0,228.0,228.0,228.0,1441.89747231
2020-04-23 06:09:00,228.0,228.0,228.0,228.0,72114.79151629
2020-04-23 06:10:00,228.0,228.0,228.0,228.0,8162.03518853
2020-04-23 06:11:00,228.0,228.0,228.0,228.0,16399.23
2020-04-23 06:12:00,228.0,228.0,228.0,228.0,2286.033
2020-04-23 06:13:00,228.0,228.0,228.0,228.0,3683.271
2020-04-23 06:14:00,228.0,228.0,228.0,228.0,9006.14604978
2020-04-23 06:15:00,228.0,228.0,228.0,228.0,8.10559632
2020-04-23 06:16:00,228.0,228.0,228.0,228.0,69803.07017543
2020-04-23 06:17:00,228.0,228.0,228.0,228.0,9078.05746248
2020-04-23 06:18:00,228.0,228.0,228.0,228.0,17350.20686306
2020-04-23 06:19:00,228.0,228.0,228.0,228.0,10842.20504385
2020-04-23 06:20:00,228.0,228.0,228.0,228.0,3945.21271973
2020-04-23 06:21:00,228.0,228.0,228.0,228.0,7831.5659714
2020-04-23 06:23:00,228.0,228.0,228.0,228.0,1562.5
2020-04-23 06:24:00,228.0,228.0,228.0,228.0,68201.12428982
2020-04-23 06:25:00,228.0,228.0,228.0,228.0,26001.69594385
2020-04-23 06:26:00,228.0,228.0,228.0,228.0,693.26165471
2020-04-23 06:27:00,228.0,228.0,228.0,228.0,30593.4922687
2020-04-23 06:28:00,228.0,228.0,228.0,228.0,18686.47800519
2020-04-23 06:29:00,228.0,228.0,228.0,228.0,47225.77746214
2020-04-23 06:30:00,228.0,228.0,228.0,228.0,23454.79434195
2020-04-23 06:36:00,228.0,228.0,228.0,228.0,800.0
2020-04-23 06:37:00,228.0,228.0,228.0,228.0,30000.0
2020-04-23 06:38:00,228.0,228.0,228.0,228.0,2205.11166738
2020-04-23 06:39:00,228.0,228.0,228.0,228.0,4594.327836
2020-04-23 06:40:00,228.0,228.0,228.0,228.0,54993.75004696
2020-04-23 06:41:00,228.0,228.0,228.0,228.0,31358.33215217
2020-04-23 06:42:00,228.0,228.0,228.0,228.0,16746.04511262
2020-04-23 06:43:00,228.0,228.0,228.0,228.0,10605.71868462
2020-04-23 06:44:00,228.0,228.0,228.0,228.0,160.5
2020-04-23 06:45:00,228.0,228.0,228.0,228.0,205.8
2020-04-23 06:46:00,228.0,228.0,228.0,228.0,16017.19024587
2020-04-23 06:47:00,228.0,228.0,228.0,228.0,2224.09999999
2020-04-23 06:50:00,228.0,228.0,228.0,228.0,1402.05
2020-04-23 06:51:00,228.0,228.0,228.0,228.0,1551.93181813
2020-04-23 06:52:00,228.0,228.0,228.0,228.0,13169.75140802
2020-04-23 06:53:00,228.0,228.0,228.0,228.0,9898.12327035
2020-04-23 06:55:00,228.0,228.0,228.0,228.0,11020.29883176
2020-04-23 06:56:00,228.0,228.0,228.0,228.0,8898.364845
2020-04-23 06:57:00,228.0,228.0,228.0,228.0,200448.09483356
2020-04-23 06:58:00,228.0,228.0,228.0,228.0,9721.83771929
2020-04-23 07:00:00,228.0,228.0,228.0,228.0,10000.0
2020-04-23 07:01:00,228.0,228.0,227.0,227.0,5.2
2020-04-23 07:03:00,228.0,228.0,228.0,228.0,86147.61998297
2020-04-23 07:04:00,227.0,227.0,227.0,227.0,12.0
2020-04-23 07:05:00,228.0,228.0,228.0,228.0,3.0
2020-04-23 07:06:00,228.0,228.0,228.0,228.0,1753.5092103
2020-04-23 07:07:00,228.0,228.0,228.0,228.0,13028.38054656
2020-04-23 07:09:00,228.0,228.0,228.0,228.0,8850.60715256
2020-04-23 07:11:00,228.0,228.0,228.0,228.0,113000.0
2020-04-23 07:12:00,228.0,228.0,228.0,228.0,230.98100072
2020-04-23 07:13:00,228.0,228.0,228.0,228.0,87675.46051535
2020-04-23 07:14:00,228.0,228.0,228.0,228.0,9936.14009749
2020-04-23 07:15:00,227.0,227.0,227.0,227.0,5869.54777292
2020-04-23 07:18:00,228.0,228.0,228.0,228.0,149.15349342
2020-04-23 07:19:00,228.0,228.0,228.0,228.0,80250.40568311
2020-04-23 07:20:00,228.0,228.0,228.0,228.0,1737.1928071
2020-04-23 07:21:00,228.0,228.0,228.0,228.0,2535.19731362
2020-04-23 07:22:00,228.0,228.0,228.0,228.0,7050.11983894
2020-04-23 07:25:00,228.0,228.0,228.0,228.0,64781.67482208
2020-04-23 07:26:00,228.0,228.0,228.0,228.0,1104.9286
2020-04-23 07:27:00,228.0,229.0,228.0,229.0,19146.25410514
2020-04-23 07:28:00,228.0,229.0,228.0,229.0,15671.3169
2020-04-23 07:29:00,229.0,229.0,228.0,228.0,7355.00334364
2020-04-23 07:30:00,228.0,228.0,228.0,228.0,22321.19330899
2020-04-23 07:31:00,228.0,228.0,228.0,228.0,159408.02752438
2020-04-23 07:32:00,228.0,228.0,228.0,228.0,31149.090456
2020-04-23 07:33:00,228.0,228.0,228.0,228.0,7.147e-05
2020-04-23 07:34:00,228.0,228.0,228.0,228.0,10000.0
2020-04-23 07:35:00,228.0,228.0,228.0,228.0,25000.89035087
2020-04-23 07:36:00,228.0,228.0,228.0,228.0,12546.65211253
2020-04-23 07:37:00,228.0,228.0,228.0,228.0,21.929825
2020-04-23 07:38:00,228.0,228.0,228.0,228.0,17923.04166666
2020-04-23 07:39:00,228.0,228.0,228.0,228.0,2.5
2020-04-23 07:40:00,228.0,228.0,228.0,228.0,8.77192982
2020-04-23 07:41:00,228.0,228.0,228.0,228.0,22022.47675437
2020-04-23 07:42:00,228.0,228.0,228.0,228.0,5000.0
2020-04-23 07:43:00,228.0,228.0,228.0,228.0,7768.47650955
2020-04-23 07:44:00,228.0,228.0,228.0,228.0,2062.28281307
2020-04-23 07:45:00,228.0,228.0,228.0,228.0,5112.36163649
2020-04-23 07:46:00,229.0,229.0,228.0,228.0,7705.71788733
2020-04-23 07:47:00,228.0,228.0,228.0,228.0,46084.801242
2020-04-23 07:48:00,228.0,228.0,228.0,228.0,2000.0
2020-04-23 07:50:00,228.0,228.0,228.0,228.0,2159.3818
2020-04-23 07:52:00,228.0,228.0,228.0,228.0,5142.46416614
2020-04-23 07:54:00,228.0,228.0,228.0,228.0,22648.17460677
2020-04-23 07:55:00,228.0,228.0,228.0,228.0,190308.76321482
2020-04-23 07:56:00,228.0,228.0,227.0,227.0,53980.76981235
2020-04-23 07:57:00,228.0,228.0,228.0,228.0,1200.0
2020-04-23 07:59:00,228.0,228.0,228.0,228.0,21.929825
2020-04-23 08:00:00,228.0,228.0,228.0,228.0,92747.79166666
2020-04-23 08:01:00,228.0,228.0,228.0,228.0,83856.58417375
2020-04-23 08:02:00,228.0,228.0,228.0,228.0,53419.48673801
2020-04-23 08:07:00,228.0,228.0,228.0,228.0,17943.63213817
2020-04-23 08:08:00,228.0,228.0,228.0,228.0,438.37730257
2020-04-23 08:09:00,228.0,228.0,228.0,228.0,1623.04298244
2020-04-23 08:10:00,228.0,228.0,228.0,228.0,111.16841162
2020-04-23 08:11:00,228.0,228.0,228.0,228.0,13608.97149122
2020-04-23 08:12:00,228.0,228.0,228.0,228.0,9076.68305208
2020-04-23 08:13:00,229.0,229.0,229.0,229.0,6524.93840416
2020-04-23 08:14:00,228.0,228.0,228.0,228.0,15325.85646181
2020-04-23 08:15:00,228.0,228.0,228.0,228.0,100328.03706523
2020-04-23 08:22:00,228.0,228.0,228.0,228.0,886.111022
2020-04-23 08:23:00,228.0,228.0,228.0,228.0,5407.09439463
2020-04-23 08:24:00,229.0,229.0,229.0,229.0,90000.0
2020-04-23 08:25:00,228.0,229.0,228.0,229.0,10100.0
2020-04-23 08:26:00,228.0,228.0,228.0,228.0,25004.55
2020-04-23 08:29:00,228.0,228.0,228.0,228.0,3897.53596061
2020-04-23 08:30:00,228.0,228.0,228.0,228.0,3280.82309056
2020-04-23 08:32:00,229.0,229.0,229.0,229.0,43.64629912
2020-04-23 08:33:00,229.0,229.0,229.0,229.0,4364.62991211
2020-04-23 08:34:00,229.0,229.0,228.0,228.0,222456.18339029
2020-04-23 08:35:00,229.0,229.0,229.0,229.0,693.97615602
2020-04-23 08:36:00,228.0,228.0,228.0,228.0,3.0
2020-04-23 08:38:00,228.0,228.0,228.0,228.0,11300.89140451
2020-04-23 08:39:00,228.0,228.0,228.0,228.0,4458.75208755
2020-04-23 08:42:00,228.0,228.0,228.0,228.0,13000.0
2020-04-23 08:43:00,228.0,229.0,228.0,229.0,219419.8755776
2020-04-23 08:44:00,229.0,229.0,229.0,229.0,12874.45908213
2020-04-23 08:47:00,229.0,229.0,229.0,229.0,37445.7269182
2020-04-23 08:48:00,229.0,229.0,229.0,229.0,35991.95598705
2020-04-23 08:49:00,229.0,229.0,229.0,229.0,35129.38679349
2020-04-23 08:50:00,228.0,229.0,228.0,229.0,14107.7903772
2020-04-23 08:51:00,229.0,229.0,228.0,228.0,13061.08517792
2020-04-23 08:53:00,229.0,229.0,229.0,229.0,100.0
2020-04-23 08:54:00,229.0,229.0,228.0,228.0,161.777514
2020-04-23 08:55:00,229.0,229.0,229.0,229.0,769.11392556
2020-04-23 08:56:00,229.0,229.0,229.0,229.0,205.0
2020-04-23 08:57:00,229.0,229.0,228.0,228.0,19809.6013838
2020-04-23 08:58:00,229.0,229.0,229.0,229.0,7985.52915943
2020-04-23 08:59:00,229.0,229.0,228.0,228.0,20299.8351274
2020-04-23 17:13:00,227.0,227.0,227.0,227.0,3463.82257891
2020-04-23 17:14:00,227.0,227.0,227.0,227.0,182.84029791
2020-04-23 17:15:00,227.0,228.0,227.0,228.0,300.0
2020-04-23 17:16:00,227.0,228.0,227.0,227.0,25868.76424557
2020-04-23 17:17:00,228.0,228.0,227.0,227.0,17837.70424832
2020-04-23 17:18:00,228.0,228.0,228.0,228.0,200.0
2020-04-23 17:19:00,228.0,228.0,227.0,227.0,22042.13020375
2020-04-23 17:20:00,227.0,227.0,227.0,227.0,25426.42554906
2020-04-23 17:21:00,227.0,227.0,227.0,227.0,49286.66407905
2020-04-23 17:22:00,227.0,228.0,227.0,227.0,36586.93630715
2020-04-23 17:23:00,228.0,228.0,227.0,227.0,358.95677776
2020-04-23 17:26:00,228.0,228.0,227.0,228.0,69952.8195959
2020-04-23 17:27:00,227.0,228.0,227.0,227.0,37710.44049529
2020-04-23 17:29:00,228.0,228.0,227.0,228.0,386803.00912888
2020-04-23 17:32:00,228.0,228.0,228.0,228.0,277.6124
2020-04-23 17:33:00,228.0,228.0,228.0,228.0,203257.339919
2020-04-23 17:34:00,228.0,229.0,228.0,228.0,26834.09039718
2020-04-23 17:35:00,229.0,229.0,228.0,228.0,34141.36365041
2020-04-23 17:36:00,228.0,228.0,228.0,228.0,2203.83573409
2020-04-23 17:37:00,228.0,228.0,228.0,228.0,4986.53853686
2020-04-23 17:39:00,228.0,229.0,228.0,229.0,33856.62416694
2020-04-23 17:40:00,229.0,229.0,229.0,229.0,2476.17508008
2020-04-23 17:41:00,229.0,229.0,229.0,229.0,27789.14301309
2020-04-23 17:42:00,229.0,229.0,228.0,228.0,933.1093155
2020-04-23 17:43:00,229.0,229.0,229.0,229.0,29606.79485584
2020-04-23 17:44:00,229.0,229.0,229.0,229.0,134617.58991354
2020-04-23 17:45:00,229.0,229.0,229.0,229.0,146688.80675599
2020-04-23 17:46:00,229.0,229.0,229.0,229.0,1199.73201172
2020-04-23 17:47:00,229.0,229.0,229.0,229.0,18994.21904768
2020-04-23 17:48:00,229.0,229.0,229.0,229.0,17953.16752104
2020-04-23 17:49:00,229.0,229.0,229.0,229.0,87.29259824
2020-04-23 17:51:00,229.0,229.0,228.0,228.0,40805.98597486
2020-04-23 17:52:00,228.0,229.0,228.0,229.0,30428.66553546
2020-04-23 17:53:00,229.0,229.0,229.0,229.0,21.834061
2020-04-23 17:54:00,228.0,228.0,228.0,228.0,61080.737708
2020-04-23 17:55:00,228.0,229.0,228.0,229.0,29364.55767811
2020-04-23 17:56:00,229.0,229.0,229.0,229.0,90.52242437
2020-04-23 17:57:00,228.0,228.0,228.0,228.0,881.05726872
2020-04-23 17:58:00,228.0,228.0,228.0,228.0,5482.56310672
2020-04-23 17:59:00,229.0,229.0,229.0,229.0,5840.59697934
2020-04-23 18:00:00,229.0,229.0,229.0,229.0,12967.24017467
2020-04-23 18:02:00,228.0,228.0,228.0,228.0,176837.55244942
2020-04-23 18:03:00,228.0,228.0,228.0,228.0,12461.23613334
2020-04-23 18:04:00,228.0,228.0,228.0,228.0,7299.33245953
2020-04-23 18:05:00,229.0,229.0,229.0,229.0,1091.15720524
2020-04-23 18:06:00,229.0,229.0,229.0,229.0,20513.76058695
2020-04-23 18:07:00,229.0,229.0,228.0,228.0,326855.6923897
2020-04-23 18:08:00,228.0,229.0,228.0,228.0,144435.57272394
2020-04-23 18:09:00,228.0,228.0,227.0,227.0,2636.26315789
2020-04-23 18:10:00,227.0,228.0,227.0,228.0,23568.7498951
2020-04-23 18:11:00,228.0,228.0,227.0,228.0,1948.56207555
2020-04-23 18:12:00,228.0,228.0,228.0,228.0,630.75328947
2020-04-23 18:13:00,227.0,228.0,227.0,228.0,173955.21743096
2020-04-23 18:14:00,229.0,229.0,228.0,229.0,7237.84645622
2020-04-23 18:15:00,228.0,229.0,228.0,229.0,104.47360715
2020-04-23 18:16:00,229.0,229.0,228.0,228.0,6.60341937
2020-04-23 18:17:00,228.0,228.0,228.0,228.0,63449.83509222
2020-04-23 18:18:00,228.0,229.0,228.0,229.0,15495.32288023
2020-04-23 18:19:00,229.0,229.0,228.0,228.0,77274.57894313
2020-04-23 18:20:00,228.0,228.0,228.0,228.0,190349.50527668
2020-04-23 18:21:00,228.0,228.0,228.0,228.0,24034.12991506
2020-04-23 18:23:00,228.0,229.0,228.0,229.0,19717.3933165
2020-04-23 18:24:00,229.0,229.0,228.0,228.0,30994.77220804
2020-04-23 18:25:00,228.0,228.0,228.0,228.0,43.66812227
2020-04-23 18:26:00,229.0,229.0,228.0,229.0,20399.24229663
2020-04-23 18:27:00,228.0,228.0,228.0,228.0,2.25675676
2020-04-23 18:28:00,229.0,229.0,229.0,229.0,2055.63100436
2020-04-23 18:29:00,228.0,229.0,228.0,228.0,456.86375761
2020-04-23 18:30:00,228.0,228.0,228.0,228.0,7032.5752234
2020-04-23 18:31:00,228.0,228.0,228.0,228.0,10155.26595971
2020-04-23 18:33:00,229.0,229.0,228.0,228.0,69311.22376079
2020-04-23 18:34:00,229.0,229.0,228.0,228.0,41775.68493436
2020-04-23 18:35:00,228.0,228.0,228.0,228.0,92.0
2020-04-23 18:36:00,229.0,229.0,228.0,228.0,5150.91098502
2020-04-23 18:37:00,229.0,229.0,228.0,228.0,5673.85782999
2020-04-23 18:38:00,229.0,229.0,228.0,229.0,31769.41915729
2020-04-23 18:39:00,229.0,229.0,228.0,228.0,32635.09285371
2020-04-23 18:40:00,228.0,228.0,228.0,228.0,515.053682
2020-04-23 18:41:00,229.0,229.0,228.0,228.0,26968.43036999
2020-04-23 18:42:00,229.0,229.0,228.0,228.0,41693.06490457
2020-04-23 18:44:00,228.0,229.0,228.0,228.0,244968.31216279
2020-04-23 18:45:00,228.0,229.0,228.0,228.0,51429.77406745
2020-04-23 18:46:00,229.0,229.0,228.0,228.0,171100.4721414
2020-04-23 18:47:00,228.0,229.0,228.0,229.0,57725.56285941
2020-04-23 18:48:00,229.0,229.0,228.0,229.0,123479.95944829
2020-04-23 18:49:00,230.0,230.0,229.0,229.0,3049.9171657
2020-04-23 18:51:00,229.0,229.0,229.0,229.0,22821.0
2020-04-23 18:52:00,229.0,229.0,229.0,229.0,1535.81597396
2020-04-23 18:53:00,230.0,230.0,229.0,229.0,20.25
2020-04-23 18:55:00,230.0,230.0,229.0,230.0,19321.01746558
2020-04-23 18:56:00,229.0,230.0,229.0,229.0,11715.99604049
2020-04-23 18:57:00,230.0,230.0,229.0,229.0,30940.05703045
2020-04-23 18:58:00,229.0,229.0,229.0,229.0,3301.5232556
2020-04-23 18:59:00,229.0,229.0,229.0,229.0,5340.59826032
2020-04-23 19:00:00,230.0,230.0,229.0,229.0,526.18894745
2020-04-23 19:01:00,230.0,230.0,229.0,229.0,204471.03846305
2020-04-23 19:02:00,229.0,229.0,229.0,229.0,12289.99217205
2020-04-23 19:03:00,230.0,231.0,229.0,230.0,439881.16808055
2020-04-23 19:04:00,230.0,230.0,229.0,230.0,43643.24822864
2020-04-23 19:05:00,230.0,230.0,229.0,229.0,223477.42608548
2020-04-23 19:06:00,230.0,230.0,229.0,229.0,217202.528612
2020-04-23 19:07:00,230.0,230.0,229.0,229.0,43505.06656511
2020-04-23 19:08:00,229.0,230.0,229.0,230.0,7755.6488408
2020-04-23 19:09:00,230.0,230.0,229.0,229.0,122781.99508784
2020-04-23 19:10:00,230.0,230.0,229.0,229.0,10740.05713882
2020-04-23 19:11:00,230.0,230.0,230.0,230.0,5.0
2020-04-23 19:12:00,229.0,230.0,229.0,229.0,4527.91550325
2020-04-23 19:13:00,229.0,230.0,229.0,230.0,13935.88919824
2020-04-23 19:14:00,229.0,231.0,229.0,231.0,340124.23007274
2020-04-23 19:15:00,230.0,231.0,230.0,230.0,266478.77035335
2020-04-23 19:16:00,230.0,231.0,230.0,230.0,81534.63462024
2020-04-23 19:17:00,230.0,230.0,230.0,230.0,62513.58130372
2020-04-23 19:18:00,230.0,231.0,229.0,229.0,168058.66879988
2020-04-23 19:20:00,229.0,230.0,229.0,229.0,10949.30063522
2020-04-23 19:21:00,229.0,229.0,229.0,229.0,228.52608696
2020-04-23 19:22:00,230.0,230.0,229.0,230.0,1843.13680921
2020-04-23 19:23:00,230.0,230.0,229.0,229.0,11472.11891893
2020-04-23 19:24:00,229.0,230.0,229.0,230.0,4895.60711606
2020-04-23 19:25:00,229.0,229.0,229.0,229.0,1132.43530715
2020-04-23 19:26:00,230.0,230.0,229.0,229.0,15976.00406241
2020-04-23 19:27:00,230.0,230.0,229.0,229.0,1412.74874238
2020-04-23 19:28:00,230.0,230.0,230.0,230.0,4.34782608
2020-04-23 19:29:00,229.0,230.0,229.0,229.0,34891.39205845
2020-04-23 19:30:00,229.0,230.0,229.0,230.0,32511.93858025
2020-04-23 19:31:00,229.0,229.0,229.0,229.0,218.19312915
2020-04-23 19:32:00,229.0,230.0,229.0,229.0,307135.7672
2020-04-23 19:33:00,229.0,229.0,228.0,228.0,646755.77509622
2020-04-23 19:34:00,229.0,229.0,228.0,228.0,1005.25675676
2020-04-23 19:35:00,228.0,228.0,228.0,228.0,503.0
2020-04-23 19:36:00,228.0,228.0,228.0,228.0,4.38596492
2020-04-23 19:37:00,229.0,229.0,228.0,228.0,1002.25675676
2020-04-23 19:38:00,229.0,229.0,228.0,229.0,41836.16725034
2020-04-23 19:39:00,229.0,229.0,228.0,228.0,7184.57171281
2020-04-23 19:40:00,228.0,229.0,228.0,228.0,4709.9489617
2020-04-23 19:41:00,229.0,229.0,228.0,228.0,218.85675676
2020-04-23 19:42:00,229.0,229.0,229.0,229.0,2973.36244541
2020-04-23 19:43:00,228.0,228.0,228.0,228.0,3920.72545047
2020-04-23 19:44:00,229.0,229.0,228.0,228.0,435.04663678
2020-04-23 19:45:00,228.0,228.0,228.0,228.0,100.0
2020-04-23 19:46:00,228.0,228.0,228.0,228.0,7855.40886893
2020-04-23 19:48:00,228.0,228.0,228.0,228.0,144857.45773401
2020-04-23 19:49:00,228.0,228.0,228.0,228.0,6518.75110025
2020-04-23 19:50:00,228.0,228.0,228.0,228.0,12257.25020247
2020-04-23 19:51:00,228.0,228.0,228.0,228.0,1330.0
2020-04-23 19:52:00,228.0,228.0,228.0,228.0,2106.14439812
2020-04-23 19:53:00,228.0,228.0,228.0,228.0,7678.96426473
2020-04-23 19:54:00,229.0,229.0,228.0,228.0,65795.55803509
2020-04-23 19:56:00,228.0,228.0,228.0,228.0,3050.811
2020-04-23 19:58:00,228.0,228.0,228.0,228.0,8313.62099068
2020-04-23 19:59:00,228.0,228.0,228.0,228.0,300.0
2020-04-23 20:01:00,228.0,229.0,228.0,228.0,16010.36478733
2020-04-23 20:02:00,229.0,229.0,228.0,228.0,1390.31242921
2020-04-23 20:03:00,228.0,229.0,228.0,229.0,12285.0846648
2020-04-23 20:04:00,228.0,229.0,228.0,228.0,904.51360511
2020-04-23 20:06:00,228.0,229.0,228.0,228.0,1910.10803426
2020-04-23 20:09:00,228.0,229.0,228.0,229.0,27022.05665726
2020-04-23 20:10:00,228.0,228.0,228.0,228.0,2.25675676
2020-04-23 20:11:00,228.0,229.0,228.0,229.0,6792.26252874
2020-04-23 20:12:00,228.0,229.0,228.0,228.0,877.86583895
2020-04-23 20:13:00,228.0,229.0,228.0,229.0,28000.0
2020-04-23 20:14:00,229.0,229.0,229.0,229.0,24856.04366811
2020-04-23 20:16:00,229.0,229.0,229.0,229.0,587.623536
2020-04-23 20:18:00,228.0,228.0,228.0,228.0,2.24663678
2020-04-23 20:19:00,228.0,228.0,228.0,228.0,37.91056013
2020-04-23 20:20:00,228.0,228.0,228.0,228.0,5000.0
2020-04-23 20:21:00,228.0,228.0,228.0,228.0,3618.92988379
2020-04-23 20:22:00,229.0,229.0,228.0,228.0,1632.24663678
2020-04-23 20:23:00,229.0,229.0,228.0,228.0,6898.87029387
2020-04-23 20:24:00,229.0,229.0,228.0,228.0,69531.73890975
2020-04-23 20:25:00,229.0,229.0,228.0,228.0,833.81345306
2020-04-23 20:26:00,229.0,230.0,228.0,229.0,377650.93341153
2020-04-23 20:27:00,230.0,230.0,229.0,230.0,66640.85152611
2020-04-23 20:28:00,229.0,229.0,229.0,229.0,2.24663678
2020-04-23 20:30:00,229.0,229.0,229.0,229.0,1892.27220582
2020-04-23 20:31:00,229.0,229.0,229.0,229.0,4125.6678674
2020-04-23 20:32:00,230.0,230.0,229.0,229.0,439.6812227
2020-04-23 20:33:00,230.0,230.0,229.0,229.0,2176.13971014
2020-04-23 20:34:00,229.0,229.0,229.0,229.0,44524.949
2020-04-23 20:35:00,229.0,229.0,229.0,229.0,97.88192
2020-04-23 20:36:00,230.0,230.0,229.0,229.0,4350.04290111
2020-04-23 20:40:00,230.0,230.0,229.0,229.0,26316.7083632
2020-04-23 20:41:00,230.0,230.0,229.0,229.0,651.15418377
2020-04-23 20:42:00,229.0,229.0,229.0,229.0,3.0
2020-04-23 20:43:00,229.0,229.0,229.0,229.0,2503.23705303
2020-04-23 20:44:00,230.0,231.0,230.0,231.0,594080.38271692
2020-04-23 20:45:00,231.0,231.0,230.0,231.0,53645.41197346
2020-04-23 20:46:00,231.0,231.0,230.0,231.0,7354.08978497
2020-04-23 20:47:00,231.0,231.0,230.0,231.0,277883.58227294
2020-04-23 20:48:00,230.0,231.0,230.0,231.0,44968.5606303
2020-04-23 20:49:00,231.0,231.0,230.0,231.0,17026.25642517
2020-04-23 20:50:00,231.0,231.0,230.0,231.0,89543.94430851
2020-04-23 20:51:00,231.0,231.0,230.0,230.0,108645.92738947
2020-04-23 20:52:00,229.0,230.0,229.0,230.0,29431.97577778
2020-04-23 20:53:00,230.0,230.0,230.0,230.0,3377.87054666
2020-04-23 20:54:00,230.0,231.0,230.0,231.0,256365.9696662
2020-04-23 20:55:00,230.0,231.0,230.0,231.0,2036.82212901
2020-04-23 20:56:00,230.0,231.0,230.0,231.0,30448.58651681
2020-04-23 20:57:00,231.0,231.0,229.0,230.0,161076.26689549
2020-04-23 20:58:00,229.0,230.0,229.0,230.0,892.26169892
2020-04-23 20:59:00,230.0,230.0,230.0,230.0,374008.01275851
2020-04-24 05:37:00,237.0,237.0,236.0,237.0,7575.25788301
2020-04-24 05:38:00,237.0,237.0,236.0,237.0,223703.10277017
2020-04-24 05:39:00,237.0,237.0,236.0,237.0,23903.03899171
2020-04-24 05:40:00,237.0,237.0,236.0,237.0,7117.34713472
2020-04-24 05:41:00,237.0,237.0,236.0,237.0,40698.61486801
2020-04-24 05:42:00,237.0,237.0,236.0,237.0,30049.90414005
2020-04-24 05:43:00,237.0,237.0,236.0,237.0,11083.75051289
2020-04-24 05:44:00,237.0,237.0,236.0,237.0,7865.83089005
2020-04-24 05:45:00,237.0,237.0,237.0,237.0,1000.0
2020-04-24 05:46:00,236.0,237.0,236.0,237.0,13291.76447811
2020-04-24 05:47:00,237.0,237.0,236.0,237.0,4359.1639737
2020-04-24 05:48:00,237.0,237.0,237.0,237.0,16.83192016
2020-04-24 05:50:00,237.0,237.0,236.0,237.0,4075.81305037
2020-04-24 05:51:00,237.0,237.0,236.0,237.0,2152.66089033
2020-04-24 05:52:00,237.0,237.0,236.0,237.0,12711.79387667
2020-04-24 05:53:00,236.0,237.0,236.0,236.0,13184.15159569
2020-04-24 05:54:00,237.0,237.0,236.0,236.0,10511.43816886
2020-04-24 05:55:00,237.0,237.0,236.0,237.0,132369.24776989
2020-04-24 05:56:00,237.0,237.0,236.0,237.0,241.55330723
2020-04-24 05:57:00,237.0,237.0,236.0,237.0,5578.08996376
2020-04-24 05:58:00,236.0,237.0,236.0,237.0,103735.47469198
2020-04-24 05:59:00,236.0,237.0,236.0,236.0,206178.71484876
2020-04-24 06:00:00,236.0,237.0,236.0,236.0,55165.61315141
2020-04-24 06:01:00,237.0,237.0,236.0,237.0,2015.29248459
2020-04-24 06:02:00,237.0,237.0,236.0,237.0,156964.89799587
2020-04-24 06:03:00,236.0,237.0,236.0,237.0,66461.69839467
2020-04-24 06:04:00,237.0,237.0,236.0,237.0,12055.52371481
2020-04-24 06:05:00,237.0,237.0,236.0,236.0,119828.40486516
2020-04-24 06:06:00,236.0,237.0,236.0,236.0,927.94092827
2020-04-24 06:07:00,236.0,237.0,236.0,237.0,14651.457477
2020-04-24 06:08:00,236.0,236.0,236.0,236.0,3.0
2020-04-24 06:09:00,237.0,237.0,236.0,237.0,23205.72133378
2020-04-24 06:10:00,236.0,236.0,236.0,236.0,34.00000081
2020-04-24 06:11:00,236.0,237.0,236.0,236.0,23710.2496481
2020-04-24 06:12:00,236.0,237.0,236.0,237.0,4564.41370221
2020-04-24 06:13:00,236.0,237.0,236.0,237.0,6.0
2020-04-24 06:14:00,237.0,237.0,236.0,237.0,1278.522713
2020-04-24 06:15:00,236.0,236.0,236.0,236.0,3.0
2020-04-24 06:16:00,236.0,237.0,236.0,237.0,1005.11286761
2020-04-24 06:17:00,237.0,237.0,236.0,237.0,12261.39020277
2020-04-24 06:18:00,237.0,237.0,236.0,237.0,11414.57269465
2020-04-24 06:19:00,237.0,237.0,236.0,236.0,4222.4092827
2020-04-24 06:20:00,237.0,237.0,236.0,237.0,1229.62463113
2020-04-24 06:21:00,237.0,237.0,236.0,236.0,101003.0
2020-04-24 06:23:00,236.0,236.0,236.0,236.0,7382.03938495
2020-04-24 06:24:00,236.0,237.0,236.0,236.0,47814.69763322
2020-04-24 06:25:00,237.0,237.0,237.0,237.0,24.097046
2020-04-24 06:26:00,236.0,236.0,236.0,236.0,3.0
2020-04-24 06:27:00,236.0,237.0,236.0,237.0,373.42078328
2020-04-24 06:28:00,237.0,237.0,236.0,237.0,8051.49621364
2020-04-24 06:29:00,236.0,237.0,236.0,236.0,3680.35810692
2020-04-24 06:30:00,236.0,237.0,236.0,236.0,101939.01213583
2020-04-24 06:31:00,237.0,237.0,236.0,237.0,12475.20948253
2020-04-24 06:32:00,236.0,237.0,236.0,237.0,12469.117383
2020-04-24 06:33:00,236.0,237.0,235.0,235.0,560257.03668866
2020-04-24 06:34:00,235.0,236.0,235.0,236.0,55540.59703076
2020-04-24 06:35:00,237.0,237.0,237.0,237.0,3.0
2020-04-24 06:36:00,236.0,237.0,236.0,236.0,2047.30620606
2020-04-24 06:37:00,237.0,237.0,236.0,236.0,13622.2390693
2020-04-24 06:38:00,236.0,237.0,236.0,236.0,55.21898018
2020-04-24 06:39:00,237.0,237.0,236.0,236.0,4740.28813559
2020-04-24 06:40:00,237.0,237.0,236.0,236.0,869.3198194
2020-04-24 06:41:00,236.0,237.0,236.0,236.0,4235.25763826
2020-04-24 06:42:00,236.0,237.0,236.0,237.0,10440.53293542
2020-04-24 06:43:00,236.0,237.0,236.0,237.0,8906.90559407
2020-04-24 06:44:00,237.0,237.0,236.0,236.0,14.84401882
2020-04-24 06:45:00,236.0,237.0,236.0,237.0,6181.78379672
2020-04-24 06:46:00,236.0,237.0,236.0,236.0,4780.9197673
2020-04-24 06:47:00,236.0,237.0,236.0,237.0,24531.17122574
2020-04-24 06:48:00,237.0,237.0,236.0,236.0,66.82953586
2020-04-24 06:50:00,237.0,237.0,236.0,236.0,193317.32555154
2020-04-24 06:51:00,236.0,237.0,236.0,237.0,95.64749216
2020-04-24 06:52:00,237.0,237.0,236.0,237.0,51.0798004
2020-04-24 06:53:00,236.0,237.0,236.0,236.0,10074.25701073
2020-04-24 06:54:00,237.0,237.0,236.0,236.0,1697.67586881
2020-04-24 06:55:00,236.0,237.0,236.0,237.0,24702.44034973
2020-04-24 06:56:00,237.0,237.0,237.0,237.0,24817.09528462
2020-04-24 06:57:00,237.0,237.0,236.0,236.0,284.95147679
2020-04-24 06:58:00,237.0,237.0,236.0,237.0,2420.84440901
2020-04-24 06:59:00,237.0,237.0,237.0,237.0,42438.78037774
2020-04-24 07:00:00,237.0,237.0,236.0,237.0,9123.31897762
2020-04-24 07:01:00,236.0,237.0,236.0,236.0,11054.02872825
2020-04-24 07:02:00,236.0,237.0,236.0,237.0,69947.05990349
2020-04-24 07:03:00,237.0,237.0,236.0,237.0,11513.43548744
2020-04-24 07:04:00,237.0,237.0,236.0,236.0,3008.0
2020-04-24 07:05:00,236.0,237.0,236.0,237.0,32751.67349947
2020-04-24 07:06:00,237.0,237.0,236.0,236.0,162654.87110884
2020-04-24 07:07:00,237.0,237.0,236.0,236.0,44057.76634126
2020-04-24 07:08:00,237.0,237.0,236.0,237.0,3926.40955236
2020-04-24 07:09:00,237.0,237.0,237.0,237.0,29409.85272077
2020-04-24 07:10:00,236.0,236.0,236.0,236.0,1062.3220339
2020-04-24 07:11:00,236.0,237.0,236.0,236.0,3399.6101695
2020-04-24 07:12:00,236.0,237.0,236.0,236.0,14951.30184371
2020-04-24 07:13:00,236.0,237.0,236.0,236.0,9767.33318491
2020-04-24 07:14:00,236.0,237.0,236.0,237.0,7345.46589785
2020-04-24 07:15:00,236.0,237.0,236.0,237.0,634.50836124
2020-04-24 07:16:00,237.0,237.0,237.0,237.0,6579.84931584
2020-04-24 07:17:00,236.0,236.0,236.0,236.0,22049.83807498
2020-04-24 07:18:00,236.0,237.0,236.0,236.0,32009.9594017
2020-04-24 07:19:00,236.0,237.0,236.0,237.0,278442.62014818
2020-04-24 07:20:00,236.0,237.0,235.0,236.0,579205.25959961
2020-04-24 07:21:00,236.0,236.0,235.0,235.0,14617.41255234
2020-04-24 07:22:00,235.0,236.0,235.0,235.0,6052.69310101
2020-04-24 07:23:00,235.0,236.0,235.0,236.0,15.02930588
2020-04-24 07:24:00,236.0,236.0,236.0,236.0,45940.38573932
2020-04-24 07:25:00,235.0,237.0,235.0,236.0,348174.09430882
2020-04-24 07:26:00,236.0,237.0,235.0,236.0,50705.25867631
2020-04-24 07:27:00,237.0,237.0,236.0,236.0,77285.14127134
2020-04-24 07:28:00,236.0,236.0,236.0,236.0,14621.23420341
2020-04-24 07:29:00,236.0,237.0,236.0,237.0,10479.5683
2020-04-24 07:30:00,236.0,237.0,236.0,236.0,162799.57596745
2020-04-24 07:31:00,236.0,236.0,235.0,236.0,28293.55534933
2020-04-24 07:32:00,236.0,236.0,235.0,235.0,108620.15708118
2020-04-24 07:33:00,236.0,236.0,235.0,236.0,73042.77112355
2020-04-24 07:34:00,236.0,236.0,236.0,236.0,6185.40008808
2020-04-24 07:35:00,236.0,236.0,236.0,236.0,1544.23432203
2020-04-24 07:36:00,236.0,236.0,235.0,235.0,2847.59357609
2020-04-24 07:37:00,236.0,236.0,235.0,236.0,15364.69828276
2020-04-24 07:38:00,236.0,236.0,236.0,236.0,21609.70974576
2020-04-24 07:39:00,236.0,236.0,235.0,235.0,25381.40436859
2020-04-24 07:40:00,236.0,236.0,235.0,235.0,203454.610129
2020-04-24 07:41:00,235.0,236.0,235.0,236.0,64019.63393131
2020-04-24 07:42:00,236.0,236.0,235.0,236.0,31475.02353514
2020-04-24 07:43:00,235.0,236.0,235.0,235.0,93557.7641243
2020-04-24 07:44:00,236.0,236.0,235.0,235.0,24652.52606517
2020-04-24 07:45:00,235.0,236.0,235.0,235.0,73413.9240455
2020-04-24 07:46:00,235.0,236.0,235.0,235.0,405801.68076386
2020-04-24 07:47:00,235.0,235.0,235.0,235.0,3416.90448115
2020-04-24 07:48:00,234.0,235.0,234.0,235.0,74507.78029575
2020-04-24 07:49:00,235.0,235.0,234.0,235.0,229993.77762807
2020-04-24 07:50:00,234.0,235.0,234.0,235.0,3593.26384891
2020-04-24 07:51:00,234.0,235.0,234.0,235.0,34493.53421669
2020-04-24 07:52:00,234.0,234.0,234.0,234.0,7893.58603978
2020-04-24 07:53:00,235.0,235.0,234.0,235.0,28886.59056933
2020-04-24 07:54:00,235.0,235.0,234.0,234.0,26622.57052945
2020-04-24 07:55:00,234.0,234.0,234.0,234.0,53578.44966567
2020-04-24 07:56:00,234.0,234.0,234.0,234.0,5000.0
2020-04-24 07:57:00,235.0,235.0,235.0,235.0,25104.85608259
2020-04-24 07:58:00,234.0,235.0,234.0,235.0,21456.25695655
2020-04-24 07:59:00,235.0,235.0,235.0,235.0,202558.02311608
2020-04-24 08:00:00,234.0,235.0,234.0,235.0,97692.96793643
2020-04-24 08:01:00,234.0,235.0,234.0,235.0,62442.42606804
2020-04-24 08:02:00,234.0,235.0,234.0,234.0,109969.90145301
2020-04-24 08:03:00,234.0,235.0,234.0,234.0,472913.83050005
2020-04-24 08:04:00,235.0,235.0,234.0,234.0,623224.35386088
2020-04-24 08:05:00,234.0,234.0,234.0,234.0,44660.84287204
2020-04-24 08:06:00,233.0,233.0,233.0,233.0,120934.13462537
2020-04-24 08:07:00,233.0,234.0,233.0,233.0,108705.2475056
2020-04-24 08:08:00,233.0,234.0,233.0,234.0,17697.10759138
2020-04-24 08:09:00,233.0,234.0,233.0,233.0,221910.46081763
2020-04-24 08:10:00,233.0,234.0,233.0,234.0,118641.63559148
2020-04-24 08:11:00,233.0,234.0,232.0,232.0,962582.76409287
2020-04-24 08:12:00,232.0,233.0,232.0,233.0,389119.49376537
2020-04-24 08:13:00,234.0,234.0,233.0,234.0,171180.6558379
2020-04-24 08:14:00,233.0,234.0,232.0,234.0,229580.18206442
2020-04-24 08:15:00,234.0,234.0,232.0,233.0,121317.33537801
2020-04-24 08:16:00,233.0,233.0,233.0,233.0,36680.48019395
2020-04-24 08:17:00,233.0,234.0,233.0,234.0,14031.26228935
2020-04-24 08:18:00,233.0,234.0,233.0,234.0,99885.67493036
2020-04-24 08:19:00,234.0,234.0,233.0,233.0,2010.0
2020-04-24 08:20:00,233.0,234.0,233.0,234.0,37675.60108401
2020-04-24 08:21:00,234.0,234.0,233.0,233.0,23637.38156275
2020-04-24 08:22:00,234.0,234.0,234.0,234.0,615.88333333
2020-04-24 08:23:00,233.0,234.0,233.0,234.0,184086.77134836
2020-04-24 08:24:00,234.0,234.0,233.0,234.0,3742.46745042
2020-04-24 08:25:00,233.0,233.0,232.0,232.0,183253.46957808
2020-04-24 08:26:00,232.0,233.0,232.0,232.0,4651.74790072
2020-04-24 08:27:00,232.0,233.0,232.0,232.0,486677.09315888
2020-04-24 08:28:00,233.0,233.0,232.0,232.0,77628.61982141
2020-04-24 08:29:00,233.0,233.0,233.0,233.0,3897.4658572
2020-04-24 08:30:00,232.0,233.0,232.0,232.0,4297.84549356
2020-04-24 08:31:00,233.0,234.0,233.0,234.0,269750.44283372
2020-04-24 08:32:00,233.0,234.0,233.0,233.0,2006.0
2020-04-24 08:33:00,234.0,234.0,233.0,233.0,8936.86807614
2020-04-24 08:34:00,234.0,234.0,233.0,234.0,39494.69438216
2020-04-24 08:35:00,234.0,234.0,232.0,233.0,400928.3022708
2020-04-24 08:36:00,233.0,233.0,232.0,233.0,15587.77479139
2020-04-24 08:37:00,233.0,233.0,232.0,233.0,45213.74171407
2020-04-24 08:38:00,233.0,233.0,232.0,232.0,112812.04023728
2020-04-24 08:39:00,233.0,233.0,233.0,233.0,5472.20866239
2020-04-24 08:40:00,233.0,233.0,232.0,232.0,23101.65238294
2020-04-24 08:41:00,232.0,233.0,232.0,233.0,21701.93607281
2020-04-24 08:42:00,232.0,233.0,232.0,233.0,244772.41629929
2020-04-24 08:43:00,232.0,233.0,232.0,233.0,32347.91446743
2020-04-24 08:44:00,233.0,233.0,232.0,232.0,2337.35944205
2020-04-24 08:45:00,233.0,233.0,232.0,232.0,4337.15161455
2020-04-24 08:46:00,232.0,233.0,232.0,233.0,118544.51111373
2020-04-24 08:47:00,233.0,233.0,232.0,232.0,3637.77200505
2020-04-24 08:48:00,233.0,233.0,232.0,233.0,318180.58891741
2020-04-24 08:49:00,232.0,233.0,232.0,233.0,18196.96739398
2020-04-24 08:50:00,233.0,233.0,232.0,232.0,12676.425551
2020-04-24 08:51:00,232.0,233.0,232.0,233.0,37095.31329122
2020-04-24 08:52:00,233.0,234.0,233.0,233.0,145004.63971139
2020-04-24 08:53:00,233.0,234.0,233.0,233.0,109535.02071695
2020-04-24 08:54:00,233.0,233.0,233.0,233.0,78375.24346471
2020-04-24 08:55:00,233.0,233.0,232.0,232.0,205662.49449957
2020-04-24 08:56:00,233.0,233.0,232.0,232.0,454.16873805
2020-04-24 08:57:00,233.0,233.0,233.0,233.0,355010.34244886
2020-04-24 08:58:00,233.0,233.0,232.0,233.0,130275.50432563
2020-04-24 08:59:00,233.0,234.0,233.0,233.0,24148.39582115
2020-04-24 17:34:00,238.0,238.0,237.0,237.0,1454.71112791
2020-04-24 17:35:00,238.0,238.0,237.0,237.0,2003.77624549
2020-04-24 17:36:00,237.0,237.0,237.0,237.0,10523.37723399
2020-04-24 17:37:00,238.0,238.0,237.0,237.0,8873.71068545
2020-04-24 17:38:00,237.0,238.0,237.0,237.0,5449.09674014
2020-04-24 17:39:00,237.0,238.0,237.0,238.0,48174.69270105
2020-04-24 17:40:00,237.0,238.0,237.0,237.0,2597.24029669
2020-04-24 17:41:00,237.0,238.0,237.0,238.0,59005.35741285
2020-04-24 17:42:00,237.0,237.0,237.0,237.0,606.28622886
2020-04-24 17:43:00,237.0,237.0,237.0,237.0,44898.89568597
2020-04-24 17:44:00,237.0,238.0,237.0,237.0,151040.27296141
2020-04-24 17:45:00,238.0,238.0,238.0,238.0,9902.5601149
2020-04-24 17:46:00,238.0,238.0,238.0,238.0,147.1538
2020-04-24 17:47:00,238.0,238.0,237.0,238.0,48060.89671247
2020-04-24 17:48:00,238.0,238.0,238.0,238.0,12.0
2020-04-24 17:49:00,237.0,238.0,237.0,238.0,4655.75135428
2020-04-24 17:50:00,238.0,238.0,238.0,238.0,12136.37233483
2020-04-24 17:51:00,238.0,238.0,237.0,237.0,18396.76491969
2020-04-24 17:52:00,238.0,238.0,237.0,238.0,58990.26396215
2020-04-24 17:53:00,237.0,238.0,237.0,238.0,12593.70656556
2020-04-24 17:54:00,238.0,238.0,238.0,238.0,84.03361344
2020-04-24 17:55:00,238.0,238.0,238.0,238.0,7342.36663171
2020-04-24 17:56:00,238.0,238.0,237.0,237.0,11352.45822465
2020-04-24 17:57:00,238.0,238.0,238.0,238.0,52119.81499607
2020-04-24 17:58:00,238.0,238.0,237.0,237.0,26772.10420076
2020-04-24 17:59:00,238.0,238.0,237.0,237.0,19548.02521008
2020-04-24 18:00:00,237.0,237.0,237.0,237.0,101330.0482
2020-04-24 18:01:00,238.0,238.0,238.0,238.0,188.40336134
2020-04-24 18:02:00,237.0,238.0,237.0,238.0,35068.94594205
2020-04-24 18:03:00,237.0,238.0,237.0,237.0,31938.26481986
2020-04-24 18:04:00,238.0,238.0,237.0,237.0,3935.52120106
2020-04-24 18:05:00,237.0,238.0,237.0,238.0,11911.62309431
2020-04-24 18:07:00,238.0,238.0,237.0,238.0,52925.8936624
2020-04-24 18:08:00,237.0,237.0,237.0,237.0,9.0
2020-04-24 18:09:00,238.0,238.0,237.0,237.0,128.39714035
2020-04-24 18:10:00,238.0,238.0,237.0,237.0,11.40336134
2020-04-24 18:11:00,238.0,238.0,238.0,238.0,12807.188396
2020-04-24 18:12:00,238.0,239.0,238.0,239.0,941219.42770644
2020-04-24 18:13:00,239.0,239.0,239.0,239.0,83.68200836
2020-04-24 18:14:00,238.0,239.0,238.0,239.0,25212.11301671
2020-04-24 18:15:00,239.0,239.0,238.0,238.0,5114.63248203
2020-04-24 18:16:00,238.0,239.0,238.0,239.0,8846.5629821
2020-04-24 18:17:00,238.0,239.0,238.0,239.0,32393.63316535
2020-04-24 18:18:00,238.0,238.0,238.0,238.0,6.0
2020-04-24 18:19:00,239.0,239.0,238.0,239.0,6219.98221703
2020-04-24 18:20:00,238.0,239.0,238.0,238.0,70333.17959601
2020-04-24 18:21:00,238.0,239.0,238.0,238.0,84888.69952746
2020-04-24 18:22:00,239.0,239.0,238.0,239.0,2805.2964262
2020-04-24 18:23:00,239.0,239.0,238.0,238.0,147.10531599
2020-04-24 18:24:00,239.0,239.0,238.0,239.0,10897.66182814
2020-04-24 18:25:00,239.0,239.0,238.0,239.0,61167.30294922
2020-04-24 18:26:00,239.0,239.0,238.0,238.0,54648.34759411
2020-04-24 18:27:00,238.0,239.0,238.0,239.0,2096.11444536
2020-04-24 18:28:00,239.0,239.0,238.0,238.0,113119.12321509
2020-04-24 18:29:00,239.0,239.0,238.0,238.0,3679.81369566
2020-04-24 18:30:00,238.0,239.0,238.0,238.0,2693.08063205
2020-04-24 18:31:00,239.0,239.0,238.0,239.0,8706.52996037
2020-04-24 18:32:00,238.0,239.0,238.0,238.0,1812.06273141
2020-04-24 18:33:00,239.0,239.0,238.0,239.0,11671.209903
2020-04-24 18:34:00,239.0,239.0,238.0,238.0,2536.34412828
2020-04-24 18:35:00,239.0,239.0,238.0,238.0,597.96022137
2020-04-24 18:36:00,239.0,239.0,239.0,239.0,709.28615608
2020-04-24 18:37:00,239.0,239.0,238.0,238.0,4727.52176001
2020-04-24 18:38:00,238.0,239.0,238.0,238.0,3135.6500672
2020-04-24 18:39:00,239.0,239.0,238.0,239.0,1522.28636808
2020-04-24 18:40:00,239.0,239.0,238.0,238.0,815.19641933
2020-04-24 18:41:00,239.0,239.0,238.0,239.0,44918.01163965
2020-04-24 18:42:00,239.0,239.0,238.0,239.0,44182.62595503
2020-04-24 18:43:00,238.0,239.0,238.0,239.0,44440.90785647
2020-04-24 18:44:00,238.0,239.0,238.0,238.0,54595.06802723
2020-04-24 18:45:00,239.0,239.0,238.0,238.0,27485.5891157
2020-04-24 18:46:00,238.0,239.0,238.0,239.0,236.03770189
2020-04-24 18:47:00,239.0,239.0,238.0,239.0,15096.59416122
2020-04-24 18:48:00,238.0,239.0,238.0,239.0,859.91410036
2020-04-24 18:49:00,239.0,239.0,238.0,239.0,31377.12516999
2020-04-24 18:50:00,239.0,239.0,238.0,239.0,33765.09738619
2020-04-24 18:51:00,239.0,239.0,238.0,239.0,3652.74303539
2020-04-24 18:52:00,239.0,239.0,238.0,239.0,42439.5051329
2020-04-24 18:53:00,239.0,239.0,238.0,239.0,25924.96365235
2020-04-24 18:54:00,238.0,239.0,238.0,238.0,2276.56757959
2020-04-24 18:55:00,238.0,239.0,238.0,239.0,1033.87097907
2020-04-24 18:56:00,238.0,239.0,238.0,239.0,76947.15008234
2020-04-24 18:57:00,239.0,239.0,238.0,239.0,9407.62759807
2020-04-24 18:58:00,239.0,239.0,238.0,238.0,3207.3255046
2020-04-24 18:59:00,239.0,239.0,238.0,239.0,6095.27952977
2020-04-24 19:00:00,239.0,239.0,238.0,239.0,209564.81856889
2020-04-24 19:01:00,239.0,239.0,238.0,238.0,63178.79244524
2020-04-24 19:02:00,239.0,239.0,238.0,239.0,1508.30190167
2020-04-24 19:03:00,238.0,239.0,238.0,239.0,18891.65638233
2020-04-24 19:04:00,239.0,239.0,238.0,239.0,23627.18129989
2020-04-24 19:05:00,239.0,239.0,238.0,239.0,153852.4002416
2020-04-24 19:06:00,239.0,239.0,238.0,238.0,34828.49658814
2020-04-24 19:07:00,238.0,239.0,238.0,239.0,26343.95161833
2020-04-24 19:08:00,239.0,239.0,238.0,238.0,26284.68761268
2020-04-24 19:09:00,238.0,239.0,237.0,237.0,1323443.70738959
2020-04-24 19:10:00,238.0,238.0,237.0,238.0,4852.91003352
2020-04-24 19:11:00,238.0,238.0,237.0,238.0,24833.84075624
2020-04-24 19:12:00,238.0,238.0,237.0,237.0,27619.4857142
2020-04-24 19:13:00,238.0,238.0,237.0,238.0,81371.83203524
2020-04-24 19:14:00,238.0,238.0,237.0,238.0,3065.78308843
2020-04-24 19:15:00,238.0,238.0,237.0,238.0,23460.3455567
2020-04-24 19:16:00,238.0,238.0,237.0,238.0,192309.76339455
2020-04-24 19:17:00,237.0,238.0,237.0,238.0,70578.5462184
2020-04-24 19:18:00,237.0,238.0,237.0,238.0,14115.73484072
2020-04-24 19:19:00,237.0,238.0,237.0,237.0,36720.09183746
2020-04-24 19:20:00,237.0,237.0,237.0,237.0,39279.95053082
2020-04-24 19:21:00,238.0,238.0,238.0,238.0,18.0
2020-04-24 19:22:00,237.0,237.0,237.0,237.0,10956.02905504
2020-04-24 19:23:00,237.0,238.0,237.0,238.0,5982.91864886
2020-04-24 19:24:00,237.0,238.0,237.0,238.0,56577.62265962
2020-04-24 19:25:00,238.0,238.0,238.0,238.0,772.48424364
2020-04-24 19:26:00,238.0,238.0,238.0,238.0,945.90756261
2020-04-24 19:27:00,238.0,238.0,237.0,237.0,44336.2310412
2020-04-24 19:28:00,237.0,238.0,237.0,238.0,268.77637131
2020-04-24 19:30:00,238.0,238.0,237.0,237.0,22987.93821213
2020-04-24 19:31:00,237.0,238.0,237.0,238.0,3808.30328621
2020-04-24 19:32:00,237.0,238.0,237.0,238.0,17051.48808428
2020-04-24 19:33:00,237.0,237.0,237.0,237.0,550017.65593301
2020-04-24 19:34:00,237.0,237.0,236.0,237.0,26676.73738281
2020-04-24 19:35:00,237.0,237.0,236.0,237.0,11666.49498477
2020-04-24 19:36:00,236.0,237.0,236.0,237.0,119265.14727953
2020-04-24 19:37:00,237.0,237.0,237.0,237.0,12390.23910365
2020-04-24 19:38:00,237.0,237.0,237.0,237.0,63.25950948
2020-04-24 19:39:00,237.0,237.0,237.0,237.0,581738.08998592
2020-04-24 19:40:00,237.0,237.0,237.0,237.0,5388.42663134
2020-04-24 19:41:00,237.0,237.0,237.0,237.0,7672.898448
2020-04-24 19:42:00,237.0,237.0,237.0,237.0,9823.55460924
2020-04-24 19:43:00,237.0,237.0,237.0,237.0,83192.71633058
2020-04-24 19:44:00,237.0,237.0,236.0,236.0,140466.50092245
2020-04-24 19:45:00,237.0,237.0,236.0,236.0,62906.59248504
2020-04-24 19:46:00,237.0,237.0,236.0,237.0,60112.54963938
2020-04-24 19:47:00,237.0,237.0,237.0,237.0,21186.44067796
2020-04-24 19:48:00,237.0,237.0,237.0,237.0,5312.27414689
2020-04-24 19:49:00,237.0,237.0,237.0,237.0,5000.0
2020-04-24 19:50:00,237.0,237.0,237.0,237.0,5753.5878759
2020-04-24 19:51:00,238.0,238.0,238.0,238.0,3317.00956243
2020-04-24 19:53:00,238.0,238.0,238.0,238.0,18463.95568916
2020-04-24 19:54:00,238.0,238.0,238.0,238.0,8030.28781512
2020-04-24 19:55:00,238.0,238.0,238.0,238.0,34124.89133584
2020-04-24 19:57:00,237.0,237.0,237.0,237.0,13000.0
2020-04-24 19:58:00,237.0,237.0,237.0,237.0,17417.86138385
2020-04-24 19:59:00,237.0,238.0,237.0,238.0,26208.71324841
2020-04-24 20:00:00,237.0,237.0,237.0,237.0,45946.6695153
2020-04-24 20:01:00,237.0,237.0,237.0,237.0,6917.73932957
2020-04-24 20:02:00,238.0,238.0,237.0,237.0,12105.00249875
2020-04-24 20:03:00,237.0,238.0,237.0,237.0,28326.83540855
2020-04-24 20:04:00,237.0,237.0,237.0,237.0,58418.28943471
2020-04-24 20:05:00,238.0,238.0,237.0,238.0,921510.22393199
2020-04-24 20:06:00,238.0,238.0,238.0,238.0,78151.6493969
2020-04-24 20:07:00,238.0,238.0,238.0,238.0,420.1680672
2020-04-24 20:09:00,237.0,238.0,237.0,238.0,53821.73761589
2020-04-24 20:10:00,238.0,238.0,238.0,238.0,2537.33904962
2020-04-24 20:11:00,238.0,238.0,237.0,237.0,303101.56704348
2020-04-24 20:12:00,237.0,238.0,237.0,237.0,83020.75023155
2020-04-24 20:13:00,237.0,237.0,236.0,236.0,459771.36533621
2020-04-24 20:14:00,236.0,237.0,236.0,236.0,6449.47116576
2020-04-24 20:15:00,237.0,237.0,236.0,236.0,61565.12801124
2020-04-24 20:16:00,236.0,236.0,236.0,236.0,51.0
2020-04-24 20:17:00,236.0,237.0,236.0,237.0,9335.11181329
2020-04-24 20:18:00,237.0,237.0,237.0,237.0,28067.94714994
2020-04-24 20:19:00,237.0,237.0,236.0,236.0,22750.86440678
2020-04-24 20:20:00,236.0,237.0,236.0,237.0,4219.76665674
2020-04-24 20:21:00,237.0,237.0,237.0,237.0,21.097046
2020-04-24 20:22:00,236.0,236.0,236.0,236.0,2143.721753
2020-04-24 20:23:00,237.0,237.0,236.0,236.0,32949.7105874
2020-04-24 20:24:00,236.0,237.0,236.0,236.0,7993.37203439
2020-04-24 20:25:00,236.0,237.0,236.0,236.0,101757.30643143
2020-04-24 20:26:00,237.0,237.0,237.0,237.0,421.5191982
2020-04-24 20:27:00,236.0,237.0,236.0,237.0,9230.9831
2020-04-24 20:28:00,236.0,237.0,236.0,236.0,10700.14870623
2020-04-24 20:29:00,236.0,236.0,236.0,236.0,598.71324841
2020-04-24 20:30:00,236.0,237.0,236.0,237.0,633105.6545221
2020-04-24 20:31:00,237.0,237.0,236.0,236.0,27518.35338406
2020-04-24 20:32:00,237.0,238.0,237.0,237.0,233782.45237555
2020-04-24 20:33:00,238.0,238.0,237.0,237.0,128209.88877239
2020-04-24 20:34:00,237.0,237.0,236.0,236.0,11248.07035839
2020-04-24 20:35:00,236.0,237.0,236.0,236.0,6456.16045401
2020-04-24 20:36:00,237.0,237.0,236.0,237.0,88110.40621249
2020-04-24 20:37:00,237.0,237.0,236.0,236.0,22303.49953926
2020-04-24 20:38:00,236.0,237.0,236.0,237.0,28339.8008807
2020-04-24 20:39:00,237.0,237.0,236.0,236.0,6294.09485625
2020-04-24 20:40:00,236.0,237.0,236.0,237.0,12787.56866246
2020-04-24 20:41:00,237.0,237.0,237.0,237.0,15849.21943669
2020-04-24 20:42:00,237.0,237.0,236.0,237.0,6011.8501391
2020-04-24 20:43:00,237.0,237.0,236.0,237.0,43309.96576019
2020-04-24 20:44:00,237.0,237.0,237.0,237.0,480382.29933043
2020-04-24 20:45:00,237.0,238.0,236.0,236.0,52649.1392638
2020-04-24 20:46:00,237.0,237.0,237.0,237.0,101178.5017796
2020-04-24 20:47:00,237.0,237.0,236.0,237.0,96003.17471289
2020-04-24 20:48:00,237.0,237.0,237.0,237.0,41990.81250473
2020-04-24 20:49:00,237.0,238.0,236.0,236.0,342234.03528768
2020-04-24 20:50:00,237.0,237.0,236.0,237.0,11327.39750693
2020-04-24 20:51:00,237.0,237.0,237.0,237.0,1550.03932632
2020-04-24 20:52:00,237.0,237.0,236.0,237.0,8456.41350574
2020-04-24 20:53:00,237.0,237.0,236.0,237.0,20271.23481496
2020-04-24 20:54:00,237.0,237.0,236.0,236.0,71824.77568676
2020-04-24 20:55:00,236.0,236.0,236.0,236.0,172059.26792007
2020-04-24 20:56:00,236.0,237.0,236.0,237.0,100388.15380982
2020-04-24 20:58:00,237.0,237.0,236.0,236.0,9406.68417214
2020-04-24 20:59:00,236.0,237.0,236.0,237.0,10707.7192055
2020-04-25 04:39:00,235.0,235.0,235.0,235.0,23874.06042164
2020-04-25 04:40:00,235.0,235.0,235.0,235.0,34765.609909
2020-04-25 04:41:00,235.0,235.0,235.0,235.0,1425.664
2020-04-25 04:42:00,235.0,235.0,235.0,235.0,50000.0
2020-04-25 04:44:00,235.0,235.0,235.0,235.0,200.0
2020-04-25 04:45:00,235.0,235.0,235.0,235.0,391.63464522
2020-04-25 04:46:00,235.0,235.0,235.0,235.0,3687.69514851
2020-04-25 04:50:00,235.0,235.0,235.0,235.0,60230.87909425
2020-04-25 04:53:00,235.0,235.0,235.0,235.0,22903.97409723
2020-04-25 04:57:00,236.0,236.0,236.0,236.0,3.0
2020-04-25 04:58:00,236.0,236.0,236.0,236.0,24.186441
2020-04-25 04:59:00,235.0,236.0,235.0,236.0,19881.82954267
2020-04-25 05:00:00,235.0,235.0,235.0,235.0,4.40441689
2020-04-25 05:01:00,236.0,236.0,236.0,236.0,3.0
2020-04-25 05:02:00,235.0,236.0,235.0,236.0,5.20704846
2020-04-25 05:03:00,235.0,236.0,235.0,236.0,19.40441689
2020-04-25 05:05:00,235.0,236.0,235.0,236.0,5.20704846
2020-04-25 05:06:00,235.0,236.0,235.0,236.0,5.20704846
2020-04-25 05:07:00,235.0,236.0,235.0,236.0,617.0182869
2020-04-25 05:08:00,236.0,236.0,235.0,235.0,2734.82431553
2020-04-25 05:09:00,236.0,236.0,235.0,235.0,441.21681416
2020-04-25 05:10:00,236.0,236.0,236.0,236.0,95389.66594915
2020-04-25 05:11:00,236.0,236.0,235.0,235.0,16527.40441689
2020-04-25 05:12:00,236.0,236.0,235.0,235.0,14765.22237617
2020-04-25 05:13:00,235.0,235.0,235.0,235.0,161.39521761
2020-04-25 05:18:00,235.0,235.0,235.0,235.0,5957.44680852
2020-04-25 05:30:00,235.0,235.0,235.0,235.0,20779.24903094
2020-04-25 05:34:00,236.0,236.0,236.0,236.0,38116.53495286
2020-04-25 05:42:00,236.0,236.0,235.0,235.0,392487.01757777
2020-04-25 05:43:00,235.0,235.0,234.0,235.0,103224.98749627
2020-04-25 05:44:00,235.0,235.0,235.0,235.0,32352.02861335
2020-04-25 05:46:00,235.0,235.0,235.0,235.0,36558.07872126
2020-04-25 05:47:00,235.0,235.0,234.0,234.0,32165.78606942
2020-04-25 05:49:00,234.0,234.0,234.0,234.0,4564.74534505
2020-04-25 05:51:00,234.0,235.0,234.0,234.0,2717.05962763
2020-04-25 05:52:00,234.0,235.0,234.0,235.0,5436.48430022
2020-04-25 05:53:00,235.0,235.0,235.0,235.0,21.276596
2020-04-25 05:54:00,234.0,234.0,234.0,234.0,255.88206119
2020-04-25 05:55:00,234.0,235.0,234.0,235.0,17514.20353652
2020-04-25 05:56:00,235.0,235.0,235.0,235.0,10000.0
2020-04-25 05:57:00,235.0,235.0,235.0,235.0,25833.56832222
2020-04-25 05:58:00,234.0,235.0,234.0,235.0,5.22666667
2020-04-25 05:59:00,235.0,235.0,234.0,234.0,212.861495
2020-04-25 06:01:00,235.0,235.0,234.0,234.0,470.29215483
2020-04-25 06:02:00,235.0,235.0,235.0,235.0,68533.87234042
2020-04-25 06:03:00,235.0,235.0,235.0,235.0,41525.87021276
2020-04-25 06:04:00,235.0,236.0,235.0,235.0,14247.34627324
2020-04-25 06:05:00,236.0,236.0,235.0,235.0,65.7281532
2020-04-25 06:07:00,235.0,236.0,235.0,235.0,12863.93013688
2020-04-25 06:09:00,235.0,235.0,235.0,235.0,19572.63675854
2020-04-25 06:10:00,236.0,236.0,236.0,236.0,2300.09995002
2020-04-25 06:11:00,235.0,235.0,235.0,235.0,3.0
2020-04-25 06:14:00,235.0,235.0,235.0,235.0,67554.23570311
2020-04-25 06:16:00,235.0,235.0,235.0,235.0,400.0
2020-04-25 06:18:00,236.0,236.0,236.0,236.0,12.50645863
2020-04-25 06:20:00,235.0,235.0,235.0,235.0,3.0
2020-04-25 06:22:00,236.0,236.0,236.0,236.0,28771.67845775
2020-04-25 06:23:00,236.0,236.0,235.0,235.0,100808.67571616
2020-04-25 06:25:00,236.0,236.0,235.0,235.0,19164.92979252
2020-04-25 06:26:00,236.0,236.0,236.0,236.0,984.31442753
2020-04-25 06:27:00,236.0,236.0,235.0,236.0,136749.46036517
2020-04-25 06:28:00,235.0,235.0,235.0,235.0,13816.90667271
2020-04-25 06:29:00,236.0,236.0,236.0,236.0,4661.01694915
2020-04-25 06:30:00,236.0,236.0,236.0,236.0,8474.57627118
2020-04-25 06:31:00,235.0,235.0,235.0,235.0,3968.59014023
2020-04-25 06:32:00,236.0,236.0,235.0,235.0,66044.41644409
2020-04-25 06:33:00,235.0,235.0,235.0,235.0,1729.098911
2020-04-25 06:35:00,236.0,236.0,236.0,236.0,42370.0
2020-04-25 06:37:00,236.0,236.0,235.0,235.0,22145.35420164
2020-04-25 06:39:00,235.0,235.0,235.0,235.0,2.1502146
2020-04-25 06:41:00,236.0,236.0,235.0,235.0,1911.06165705
2020-04-25 06:43:00,236.0,236.0,235.0,235.0,4791.1588234
2020-04-25 06:44:00,236.0,236.0,236.0,236.0,10906.43237703
2020-04-25 06:45:00,235.0,235.0,235.0,235.0,2.1502146
2020-04-25 06:46:00,235.0,235.0,235.0,235.0,168942.88455245
2020-04-25 06:47:00,235.0,235.0,235.0,235.0,51.207512
2020-04-25 06:50:00,236.0,236.0,236.0,236.0,5062.74352759
2020-04-25 06:51:00,235.0,236.0,235.0,236.0,753.52452744
2020-04-25 06:52:00,236.0,236.0,236.0,236.0,131527.43966997
2020-04-25 06:53:00,236.0,236.0,235.0,235.0,85.27390699
2020-04-25 06:55:00,236.0,236.0,236.0,236.0,1271.18644067
2020-04-25 06:56:00,235.0,235.0,235.0,235.0,4.3004292
2020-04-25 06:57:00,236.0,236.0,236.0,236.0,64.43644067
2020-04-25 06:58:00,235.0,235.0,235.0,235.0,2.1502146
2020-04-25 06:59:00,236.0,236.0,236.0,236.0,12313.2332139
2020-04-25 07:00:00,235.0,235.0,235.0,235.0,3947.3575
2020-04-25 07:01:00,235.0,235.0,235.0,235.0,2867.91278274
2020-04-25 07:05:00,236.0,236.0,236.0,236.0,211.86440677
2020-04-25 07:06:00,235.0,235.0,235.0,235.0,19827.1502146
2020-04-25 07:07:00,235.0,235.0,235.0,235.0,107747.26989182
2020-04-25 07:08:00,235.0,235.0,235.0,235.0,70363.43747739
2020-04-25 07:09:00,236.0,236.0,235.0,235.0,18440.65583874
2020-04-25 07:10:00,235.0,235.0,235.0,235.0,105377.93508602
2020-04-25 07:11:00,235.0,235.0,235.0,235.0,16181.18591623
2020-04-25 07:12:00,235.0,235.0,235.0,235.0,14991.29019148
2020-04-25 07:13:00,235.0,236.0,235.0,235.0,10148.41755035
2020-04-25 07:14:00,235.0,235.0,235.0,235.0,2076.34278387
2020-04-25 07:15:00,235.0,235.0,235.0,235.0,133.2
2020-04-25 07:16:00,235.0,235.0,235.0,235.0,26137.17963337
2020-04-25 07:17:00,235.0,235.0,234.0,234.0,238326.12261902
2020-04-25 07:18:00,235.0,235.0,235.0,235.0,35177.94352247
2020-04-25 07:19:00,235.0,235.0,235.0,235.0,3883.69630672
2020-04-25 07:20:00,234.0,235.0,234.0,234.0,35927.03172437
2020-04-25 07:21:00,235.0,235.0,234.0,235.0,10608.0841623
2020-04-25 07:22:00,234.0,234.0,234.0,234.0,3.0
2020-04-25 07:23:00,235.0,235.0,235.0,235.0,1098.98242368
2020-04-25 07:24:00,234.0,235.0,234.0,235.0,152619.42532179
2020-04-25 07:25:00,235.0,236.0,235.0,235.0,1165.90837293
2020-04-25 07:26:00,236.0,236.0,236.0,236.0,2.54237288
2020-04-25 07:27:00,235.0,236.0,235.0,236.0,7019.66361182
2020-04-25 07:28:00,236.0,236.0,235.0,236.0,16.74616267
2020-04-25 07:29:00,235.0,236.0,235.0,236.0,9.4594942
2020-04-25 07:30:00,236.0,236.0,235.0,235.0,35224.40959656
2020-04-25 07:31:00,236.0,236.0,235.0,236.0,157.50220568
2020-04-25 07:32:00,235.0,236.0,235.0,236.0,59196.29501913
2020-04-25 07:33:00,235.0,235.0,235.0,235.0,57798.79365406
2020-04-25 07:34:00,234.0,234.0,234.0,234.0,740.58646094
2020-04-25 07:35:00,234.0,235.0,234.0,235.0,10857.74468084
2020-04-25 07:36:00,235.0,235.0,234.0,234.0,19004.39204707
2020-04-25 07:37:00,234.0,234.0,234.0,234.0,38950.0
2020-04-25 07:38:00,234.0,235.0,234.0,234.0,11869.93108727
2020-04-25 07:39:00,235.0,235.0,235.0,235.0,2.12711864
2020-04-25 07:40:00,234.0,234.0,234.0,234.0,7133.82954207
2020-04-25 07:41:00,234.0,235.0,234.0,235.0,84980.89616306
2020-04-25 07:42:00,234.0,234.0,234.0,234.0,8765.0326087
2020-04-25 07:43:00,235.0,235.0,235.0,235.0,2.12711864
2020-04-25 07:44:00,235.0,235.0,235.0,235.0,1000.0
2020-04-25 07:45:00,235.0,235.0,234.0,234.0,1161.16175099
2020-04-25 07:46:00,235.0,235.0,235.0,235.0,6094.12021275
2020-04-25 07:47:00,235.0,235.0,235.0,235.0,42.55319148
2020-04-25 07:48:00,235.0,235.0,234.0,235.0,7898.54851563
2020-04-25 07:49:00,234.0,234.0,234.0,234.0,2.1826087
2020-04-25 07:50:00,235.0,235.0,234.0,234.0,34642.88826947
2020-04-25 07:52:00,235.0,235.0,235.0,235.0,10002.10041841
2020-04-25 07:53:00,234.0,235.0,234.0,235.0,4.72635166
2020-04-25 07:54:00,235.0,235.0,234.0,234.0,44.8267257
2020-04-25 07:55:00,235.0,235.0,234.0,234.0,438.74210974
2020-04-25 07:56:00,234.0,234.0,234.0,234.0,419.5338
2020-04-25 07:57:00,235.0,235.0,235.0,235.0,361771.22862026
2020-04-25 07:58:00,234.0,235.0,234.0,234.0,211222.88454707
2020-04-25 07:59:00,234.0,234.0,234.0,234.0,5479.3343748
2020-04-25 08:00:00,235.0,235.0,234.0,235.0,47350.28658359
2020-04-25 08:01:00,234.0,235.0,234.0,234.0,83742.41568237
2020-04-25 08:02:00,235.0,235.0,234.0,234.0,107835.94162811
2020-04-25 08:03:00,234.0,235.0,234.0,234.0,3136.59747453
2020-04-25 08:04:00,235.0,235.0,234.0,235.0,105436.37068146
2020-04-25 08:05:00,235.0,235.0,234.0,234.0,1169.11813326
2020-04-25 08:06:00,235.0,235.0,234.0,234.0,4.30500138
2020-04-25 08:07:00,235.0,235.0,234.0,234.0,151277.82647406
2020-04-25 08:08:00,234.0,235.0,234.0,235.0,12854.46448154
2020-04-25 08:09:00,234.0,235.0,234.0,235.0,177782.59258456
2020-04-25 08:10:00,235.0,236.0,235.0,236.0,3636.78513417
2020-04-25 08:11:00,235.0,235.0,235.0,235.0,2.16883117
2020-04-25 08:12:00,236.0,236.0,235.0,235.0,8.57394924
2020-04-25 08:13:00,235.0,236.0,235.0,236.0,11647.28762328
2020-04-25 08:14:00,235.0,236.0,235.0,235.0,6.46523549
2020-04-25 08:15:00,236.0,236.0,235.0,236.0,19.23165173
2020-04-25 08:16:00,236.0,236.0,235.0,235.0,21.42613006
2020-04-25 08:17:00,235.0,236.0,235.0,236.0,1868.395921
2020-04-25 08:18:00,235.0,236.0,235.0,236.0,4.28697462
2020-04-25 08:19:00,235.0,236.0,235.0,235.0,4448.30583975
2020-04-25 08:20:00,235.0,236.0,235.0,236.0,16085.23826087
2020-04-25 08:21:00,235.0,236.0,235.0,236.0,20.67540597
2020-04-25 08:22:00,235.0,236.0,235.0,235.0,45.96624497
2020-04-25 08:23:00,236.0,236.0,235.0,236.0,17.15948276
2020-04-25 08:24:00,236.0,236.0,234.0,234.0,325697.71885583
2020-04-25 08:25:00,235.0,235.0,235.0,235.0,60.32553191
2020-04-25 08:26:00,235.0,235.0,234.0,234.0,6229.68124285
2020-04-25 08:27:00,234.0,235.0,234.0,235.0,4443.97752583
2020-04-25 08:28:00,235.0,235.0,235.0,235.0,25829.30752123
2020-04-25 08:29:00,235.0,235.0,235.0,235.0,6132.11054046
2020-04-25 08:30:00,234.0,234.0,234.0,234.0,335.59326531
2020-04-25 08:31:00,234.0,234.0,234.0,234.0,299.5676075
2020-04-25 08:32:00,235.0,235.0,235.0,235.0,1782.70638297
2020-04-25 08:33:00,234.0,235.0,234.0,235.0,3634.21888022
2020-04-25 08:34:00,235.0,235.0,235.0,235.0,6.68601869
2020-04-25 08:35:00,234.0,234.0,234.0,234.0,3.0
2020-04-25 08:36:00,235.0,235.0,234.0,235.0,309801.47631209
2020-04-25 08:37:00,235.0,235.0,234.0,234.0,779.2727
2020-04-25 08:38:00,235.0,235.0,234.0,235.0,1114.78870428
2020-04-25 08:39:00,234.0,234.0,234.0,234.0,3.0
2020-04-25 08:40:00,235.0,235.0,235.0,235.0,1000.0
2020-04-25 08:41:00,234.0,235.0,234.0,235.0,13.59119563
2020-04-25 08:42:00,235.0,235.0,235.0,235.0,21382.94961518
2020-04-25 08:43:00,235.0,235.0,235.0,235.0,12313.52408901
2020-04-25 08:44:00,234.0,235.0,234.0,235.0,8721.14658054
2020-04-25 08:45:00,235.0,235.0,234.0,234.0,65.94834922
2020-04-25 08:46:00,235.0,235.0,235.0,235.0,3.0
2020-04-25 08:47:00,234.0,235.0,234.0,235.0,102680.23662826
2020-04-25 08:48:00,235.0,235.0,235.0,235.0,30.0
2020-04-25 08:49:00,235.0,235.0,235.0,235.0,21.276596
2020-04-25 08:50:00,234.0,235.0,234.0,234.0,22259.73404255
2020-04-25 08:51:00,235.0,235.0,234.0,234.0,13569.08271661
2020-04-25 08:52:00,235.0,235.0,235.0,235.0,212.76595744
2020-04-25 08:53:00,235.0,235.0,235.0,235.0,4255.31914893
2020-04-25 08:54:00,234.0,234.0,234.0,234.0,2437.1
2020-04-25 08:55:00,234.0,235.0,234.0,235.0,5.33050847
2020-04-25 08:57:00,235.0,235.0,234.0,234.0,12593.34278634
2020-04-25 08:58:00,235.0,235.0,235.0,235.0,12628.75796142
2020-04-25 08:59:00,235.0,235.0,234.0,235.0,10311.31000563
2020-04-25 16:56:00,236.0,237.0,236.0,237.0,31641.54907778
2020-04-25 16:57:00,236.0,237.0,236.0,236.0,1975.95829089
2020-04-25 16:58:00,237.0,237.0,236.0,236.0,51364.59801248
2020-04-25 16:59:00,236.0,237.0,236.0,237.0,1772.97329574
2020-04-25 17:00:00,237.0,238.0,236.0,238.0,345844.60729636
2020-04-25 17:01:00,238.0,238.0,238.0,238.0,9331.20354108
2020-04-25 17:02:00,238.0,238.0,237.0,238.0,5201.43551868
2020-04-25 17:03:00,238.0,238.0,238.0,238.0,40541.81132122
2020-04-25 17:04:00,238.0,238.0,237.0,238.0,7.24501567
2020-04-25 17:05:00,237.0,237.0,237.0,237.0,309363.59278608
2020-04-25 17:06:00,237.0,238.0,237.0,237.0,184426.70322467
2020-04-25 17:07:00,237.0,237.0,236.0,236.0,29931.73150707
2020-04-25 17:08:00,236.0,237.0,236.0,236.0,620.24927554
2020-04-25 17:09:00,236.0,237.0,236.0,236.0,5509.79496347
2020-04-25 17:10:00,236.0,237.0,236.0,237.0,909.8073832
2020-04-25 17:11:00,237.0,237.0,237.0,237.0,23430.83122362
2020-04-25 17:12:00,237.0,237.0,236.0,236.0,14076.51519608
2020-04-25 17:14:00,237.0,237.0,237.0,237.0,2281.93526232
2020-04-25 17:15:00,237.0,237.0,236.0,236.0,168126.78559834
2020-04-25 17:16:00,236.0,237.0,236.0,236.0,103647.5006899
2020-04-25 17:17:00,236.0,237.0,236.0,237.0,237584.75529361
2020-04-25 17:18:00,237.0,237.0,236.0,236.0,37386.05178822
2020-04-25 17:19:00,236.0,237.0,236.0,236.0,358.9
2020-04-25 17:20:00,236.0,236.0,236.0,236.0,24.0
2020-04-25 17:21:00,237.0,237.0,237.0,237.0,1534.37092827
2020-04-25 17:22:00,237.0,237.0,236.0,236.0,9461.05701871
2020-04-25 17:23:00,237.0,237.0,237.0,237.0,2006.0
2020-04-25 17:25:00,237.0,237.0,237.0,237.0,1352.87748108
2020-04-25 17:26:00,237.0,237.0,237.0,237.0,4226.04683502
2020-04-25 17:27:00,237.0,237.0,237.0,237.0,4384.70476702
2020-04-25 17:28:00,236.0,237.0,236.0,237.0,22821.95809456
2020-04-25 17:31:00,237.0,237.0,236.0,236.0,3486.06258661
2020-04-25 17:32:00,237.0,237.0,236.0,236.0,13417.70706464
2020-04-25 17:33:00,236.0,237.0,236.0,237.0,1006.0
2020-04-25 17:34:00,237.0,237.0,236.0,237.0,11449.08086857
2020-04-25 17:35:00,237.0,237.0,236.0,237.0,13523.93952186
2020-04-25 17:36:00,236.0,236.0,236.0,236.0,34083.06236789
2020-04-25 17:38:00,236.0,237.0,236.0,237.0,30542.8665001
2020-04-25 17:39:00,237.0,237.0,236.0,236.0,2727.86311907
2020-04-25 17:40:00,237.0,237.0,237.0,237.0,12.0
2020-04-25 17:42:00,236.0,236.0,236.0,236.0,6597.30919459
2020-04-25 17:44:00,236.0,237.0,236.0,237.0,1755.82278481
2020-04-25 17:45:00,236.0,236.0,236.0,236.0,62.72807584
2020-04-25 17:46:00,236.0,237.0,236.0,237.0,2028.76234367
2020-04-25 17:47:00,237.0,237.0,237.0,237.0,31.0
2020-04-25 17:48:00,237.0,237.0,236.0,237.0,227.95309052
2020-04-25 17:49:00,237.0,237.0,236.0,237.0,211821.93376545
2020-04-25 17:50:00,237.0,237.0,236.0,237.0,9686.67106782
2020-04-25 17:51:00,237.0,237.0,236.0,237.0,40719.19553962
2020-04-25 17:52:00,237.0,237.0,237.0,237.0,5934.89535252
2020-04-25 17:53:00,237.0,237.0,236.0,236.0,5541.78186011
2020-04-25 17:54:00,237.0,237.0,236.0,236.0,16512.85099087
2020-04-25 17:55:00,237.0,237.0,236.0,236.0,71777.96060991
2020-04-25 17:56:00,237.0,237.0,237.0,237.0,15.0
2020-04-25 17:57:00,236.0,237.0,236.0,236.0,65134.08495797
2020-04-25 17:58:00,236.0,236.0,236.0,236.0,6.0
2020-04-25 17:59:00,236.0,236.0,236.0,236.0,393.51342384
2020-04-25 18:01:00,237.0,237.0,236.0,236.0,12911.2477418
2020-04-25 18:02:00,237.0,237.0,237.0,237.0,11.58792333
2020-04-25 18:03:00,237.0,237.0,237.0,237.0,15.0
2020-04-25 18:04:00,237.0,237.0,237.0,237.0,2077.64622119
2020-04-25 18:07:00,237.0,237.0,237.0,237.0,3265.19018971
2020-04-25 18:08:00,236.0,236.0,236.0,236.0,3.0
2020-04-25 18:09:00,236.0,237.0,236.0,236.0,37245.88439747
2020-04-25 18:10:00,237.0,237.0,236.0,236.0,1903.0
2020-04-25 18:11:00,236.0,237.0,236.0,236.0,10997.582239
2020-04-25 18:12:00,236.0,236.0,236.0,236.0,70379.27844588
2020-04-25 18:13:00,236.0,237.0,236.0,237.0,156.35885561
2020-04-25 18:14:00,237.0,237.0,237.0,237.0,19620.48511609
2020-04-25 18:15:00,237.0,237.0,237.0,237.0,2109.70464135
2020-04-25 18:16:00,237.0,237.0,237.0,237.0,3129.96624472
2020-04-25 18:18:00,236.0,236.0,236.0,236.0,23191.56033797
2020-04-25 18:19:00,236.0,236.0,236.0,236.0,22100.0
2020-04-25 18:20:00,236.0,237.0,236.0,237.0,23092.97460974
2020-04-25 18:21:00,237.0,237.0,237.0,237.0,63.469928
2020-04-25 18:22:00,237.0,237.0,237.0,237.0,969.49415587
2020-04-25 18:24:00,237.0,237.0,236.0,236.0,2204.00129681
2020-04-25 18:25:00,236.0,236.0,236.0,236.0,1350.0
2020-04-25 18:26:00,237.0,237.0,237.0,237.0,2.23734177
2020-04-25 18:30:00,237.0,237.0,236.0,236.0,136405.85406374
2020-04-25 18:32:00,237.0,237.0,237.0,237.0,3389.97168081
2020-04-25 18:33:00,237.0,237.0,237.0,237.0,8987.39659706
2020-04-25 18:34:00,237.0,237.0,237.0,237.0,40.6842992
2020-04-25 18:35:00,237.0,237.0,237.0,237.0,1953.66451795
2020-04-25 18:36:00,237.0,237.0,237.0,237.0,2386.09387273
2020-04-25 18:38:00,236.0,236.0,236.0,236.0,1064.7313379
2020-04-25 18:40:00,236.0,236.0,236.0,236.0,265.34024896
2020-04-25 18:44:00,237.0,237.0,236.0,236.0,507.80569964
2020-04-25 18:45:00,237.0,237.0,236.0,236.0,11541.39917988
2020-04-25 18:46:00,237.0,237.0,237.0,237.0,8.43881856
2020-04-25 18:47:00,236.0,237.0,236.0,237.0,20096.79465391
2020-04-25 18:49:00,237.0,237.0,237.0,237.0,357388.19233421
2020-04-25 18:50:00,237.0,237.0,237.0,237.0,450574.81648357
2020-04-25 18:52:00,237.0,237.0,236.0,236.0,306229.84662395
2020-04-25 18:53:00,238.0,238.0,238.0,238.0,1.0
2020-04-25 18:54:00,238.0,238.0,237.0,238.0,2188.91309031
2020-04-25 18:55:00,237.0,238.0,237.0,237.0,424.12365499
2020-04-25 18:57:00,237.0,238.0,237.0,237.0,16965.26643157
2020-04-25 18:58:00,237.0,238.0,237.0,237.0,147140.23028983
2020-04-25 18:59:00,238.0,238.0,237.0,238.0,302341.2851986
2020-04-25 19:00:00,238.0,238.0,237.0,237.0,5508.4706689
2020-04-25 19:01:00,238.0,238.0,238.0,238.0,246.70587815
2020-04-25 19:02:00,238.0,238.0,238.0,238.0,1069.7214418
2020-04-25 19:03:00,238.0,238.0,237.0,237.0,5559.75206173
2020-04-25 19:05:00,237.0,237.0,237.0,237.0,177106.4559447
2020-04-25 19:06:00,237.0,237.0,236.0,236.0,80005.18812534
2020-04-25 19:07:00,236.0,236.0,236.0,236.0,21.0
2020-04-25 19:08:00,236.0,238.0,236.0,238.0,30080.29349924
2020-04-25 19:09:00,237.0,238.0,237.0,238.0,11049.54074325
2020-04-25 19:10:00,237.0,238.0,237.0,237.0,2301.14964117
2020-04-25 19:11:00,237.0,238.0,237.0,237.0,11996.22214649
2020-04-25 19:12:00,238.0,238.0,237.0,238.0,1882.31813527
2020-04-25 19:13:00,237.0,238.0,237.0,238.0,1406.75308894
2020-04-25 19:14:00,238.0,238.0,238.0,238.0,419.95808818
2020-04-25 19:15:00,237.0,237.0,237.0,237.0,51.0
2020-04-25 19:16:00,237.0,237.0,237.0,237.0,3639.3491
2020-04-25 19:17:00,237.0,238.0,237.0,238.0,7321.15287874
2020-04-25 19:18:00,238.0,238.0,238.0,238.0,48.0
2020-04-25 19:19:00,238.0,238.0,237.0,238.0,453.50700264
2020-04-25 19:20:00,238.0,238.0,237.0,238.0,6321.56209827
2020-04-25 19:21:00,238.0,238.0,237.0,237.0,7654.74076256
2020-04-25 19:22:00,238.0,238.0,238.0,238.0,18.0
2020-04-25 19:23:00,237.0,237.0,237.0,237.0,30470.92943377
2020-04-25 19:24:00,237.0,237.0,237.0,237.0,7570.16079295
2020-04-25 19:25:00,237.0,237.0,237.0,237.0,21627.96451062
2020-04-25 19:26:00,237.0,238.0,237.0,237.0,80779.20405051
2020-04-25 19:27:00,238.0,238.0,238.0,238.0,66.008403
2020-04-25 19:28:00,238.0,238.0,237.0,237.0,17572.979652
2020-04-25 19:29:00,237.0,237.0,236.0,236.0,469537.85967886
2020-04-25 19:30:00,236.0,237.0,236.0,237.0,31217.72814797
2020-04-25 19:31:00,237.0,237.0,236.0,237.0,22589.88241646
2020-04-25 19:32:00,236.0,237.0,236.0,237.0,13676.85054677
2020-04-25 19:33:00,236.0,236.0,236.0,236.0,3.0
2020-04-25 19:34:00,237.0,237.0,236.0,236.0,50003.0
2020-04-25 19:35:00,236.0,236.0,236.0,236.0,5035.09562307
2020-04-25 19:36:00,237.0,237.0,237.0,237.0,10.0
2020-04-25 19:37:00,236.0,237.0,236.0,236.0,4652.33234226
2020-04-25 19:38:00,236.0,237.0,236.0,237.0,9689.04684441
2020-04-25 19:39:00,237.0,237.0,237.0,237.0,4812.73417721
2020-04-25 19:40:00,237.0,237.0,236.0,236.0,1111.63087983
2020-04-25 19:41:00,237.0,237.0,237.0,237.0,10003.0
2020-04-25 19:43:00,237.0,237.0,237.0,237.0,1708.01519071
2020-04-25 19:44:00,237.0,237.0,236.0,236.0,8637.35126476
2020-04-25 19:46:00,237.0,237.0,237.0,237.0,5220.30063238
2020-04-25 19:48:00,236.0,237.0,236.0,237.0,8182.66677754
2020-04-25 19:49:00,237.0,237.0,237.0,237.0,42.283487
2020-04-25 19:51:00,236.0,236.0,236.0,236.0,3482.64705713
2020-04-25 19:54:00,237.0,237.0,237.0,237.0,12.30336519
2020-04-25 19:55:00,236.0,237.0,236.0,237.0,397800.7753253
2020-04-25 19:56:00,237.0,238.0,237.0,238.0,15685.01014591
2020-04-25 19:57:00,238.0,238.0,238.0,238.0,209.97904409
2020-04-25 19:58:00,238.0,238.0,237.0,238.0,306651.00558992
2020-04-25 19:59:00,237.0,238.0,237.0,238.0,136306.00348156
2020-04-25 20:00:00,238.0,238.0,238.0,238.0,2819.32773073
2020-04-25 20:01:00,237.0,237.0,237.0,237.0,22561.75559028
2020-04-25 20:02:00,238.0,238.0,238.0,238.0,44041.75373237
2020-04-25 20:04:00,238.0,238.0,237.0,238.0,92451.25345158
2020-04-25 20:06:00,238.0,238.0,237.0,238.0,14861.31099532
2020-04-25 20:07:00,238.0,238.0,238.0,238.0,3.0
2020-04-25 20:08:00,237.0,237.0,236.0,236.0,80624.98451258
2020-04-25 20:09:00,237.0,237.0,237.0,237.0,6957.59715079
2020-04-25 20:10:00,236.0,237.0,236.0,236.0,26412.44435388
2020-04-25 20:11:00,237.0,238.0,236.0,238.0,37156.20125577
2020-04-25 20:14:00,237.0,238.0,237.0,238.0,603.00000075
2020-04-25 20:15:00,237.0,238.0,236.0,236.0,159678.63061035
2020-04-25 20:16:00,237.0,237.0,236.0,236.0,30044.99409282
2020-04-25 20:17:00,237.0,238.0,237.0,237.0,18203.66853326
2020-04-25 20:18:00,237.0,237.0,237.0,237.0,13585.58709418
2020-04-25 20:19:00,236.0,238.0,236.0,237.0,21078.26443641
2020-04-25 20:20:00,238.0,238.0,237.0,237.0,45939.59930107
2020-04-25 20:21:00,238.0,238.0,237.0,237.0,3875.63123893
2020-04-25 20:22:00,237.0,237.0,237.0,237.0,225.0
2020-04-25 20:23:00,238.0,238.0,237.0,238.0,23235.65598746
2020-04-25 20:24:00,238.0,238.0,237.0,238.0,4199.3154962
2020-04-25 20:25:00,238.0,238.0,238.0,238.0,546.58403361
2020-04-25 20:26:00,237.0,238.0,237.0,237.0,111017.60759097
2020-04-25 20:27:00,237.0,237.0,236.0,236.0,37821.72743796
2020-04-25 20:28:00,236.0,237.0,236.0,236.0,20943.19891811
2020-04-25 20:29:00,237.0,237.0,237.0,237.0,49.81
2020-04-25 20:31:00,237.0,237.0,237.0,237.0,2425.61841442
2020-04-25 20:32:00,236.0,237.0,236.0,237.0,4240.28813559
2020-04-25 20:33:00,236.0,237.0,236.0,237.0,151976.71738928
2020-04-25 20:34:00,237.0,237.0,236.0,237.0,31523.01894758
2020-04-25 20:35:00,237.0,237.0,237.0,237.0,39319.17405063
2020-04-25 20:36:00,236.0,236.0,236.0,236.0,3.0
2020-04-25 20:37:00,237.0,237.0,237.0,237.0,1505.17721518
2020-04-25 20:38:00,237.0,237.0,237.0,237.0,4069.69932755
2020-04-25 20:39:00,236.0,237.0,236.0,237.0,2349.26990302
2020-04-25 20:40:00,236.0,237.0,236.0,237.0,4660.89175975
2020-04-25 20:41:00,237.0,237.0,236.0,237.0,4572.082099
2020-04-25 20:43:00,236.0,236.0,236.0,236.0,5148.0
2020-04-25 20:44:00,237.0,237.0,236.0,236.0,26.24786932
2020-04-25 20:47:00,237.0,237.0,237.0,237.0,3.0
2020-04-25 20:49:00,237.0,237.0,236.0,236.0,45.19409282
2020-04-25 20:50:00,236.0,236.0,236.0,236.0,450.0094
2020-04-25 20:53:00,236.0,236.0,236.0,236.0,999.9
2020-04-25 20:55:00,236.0,236.0,236.0,236.0,1358.489411
2020-04-25 20:56:00,237.0,237.0,237.0,237.0,3794.35326851
2020-04-25 20:58:00,236.0,236.0,236.0,236.0,1020.94291837
2020-04-25 20:59:00,237.0,237.0,237.0,237.0,55171.85679311
2020-04-26 04:07:00,235.0,235.0,235.0,235.0,2.17316018
2020-04-26 04:08:00,236.0,236.0,236.0,236.0,95.0
2020-04-26 04:09:00,235.0,235.0,235.0,235.0,2.16379311
2020-04-26 04:10:00,235.0,236.0,235.0,236.0,2912.45913922
2020-04-26 04:11:00,235.0,235.0,235.0,235.0,2.15840355
2020-04-26 04:12:00,236.0,236.0,236.0,236.0,2.11286761
2020-04-26 04:13:00,235.0,235.0,235.0,235.0,2.15840355
2020-04-26 04:14:00,236.0,236.0,236.0,236.0,2.10399002
2020-04-26 04:15:00,235.0,235.0,235.0,235.0,2.14914002
2020-04-26 04:17:00,236.0,236.0,236.0,236.0,2.12182044
2020-04-26 04:18:00,236.0,236.0,235.0,235.0,31.07876424
2020-04-26 04:20:00,236.0,236.0,236.0,236.0,2.11286761
2020-04-26 04:21:00,236.0,236.0,236.0,236.0,42.463037
2020-04-26 04:22:00,235.0,236.0,235.0,236.0,502.15840355
2020-04-26 04:23:00,235.0,236.0,235.0,236.0,502.11286784
2020-04-26 04:24:00,236.0,236.0,235.0,235.0,1432.63113154
2020-04-26 04:26:00,235.0,236.0,235.0,236.0,11002.12182044
2020-04-26 04:27:00,236.0,236.0,236.0,236.0,961.86440677
2020-04-26 04:28:00,236.0,236.0,235.0,235.0,6.15840355
2020-04-26 04:29:00,236.0,236.0,236.0,236.0,2.12182044
2020-04-26 04:30:00,236.0,236.0,235.0,235.0,5542.5553
2020-04-26 04:31:00,236.0,236.0,236.0,236.0,2.11286761
2020-04-26 04:32:00,236.0,236.0,236.0,236.0,21.186441
2020-04-26 04:33:00,235.0,235.0,235.0,235.0,2.17717228
2020-04-26 04:35:00,236.0,236.0,235.0,235.0,4.27127116
2020-04-26 04:36:00,236.0,236.0,236.0,236.0,2.12182044
2020-04-26 04:37:00,236.0,236.0,236.0,236.0,6317.13380597
2020-04-26 04:38:00,236.0,236.0,235.0,235.0,10086.84336666
2020-04-26 04:39:00,235.0,236.0,235.0,236.0,105166.85724932
2020-04-26 04:41:00,235.0,235.0,235.0,235.0,4.33549458
2020-04-26 04:43:00,236.0,236.0,236.0,236.0,9.84628903
2020-04-26 04:45:00,235.0,235.0,235.0,235.0,2.17717228
2020-04-26 04:46:00,236.0,236.0,236.0,236.0,2.12182044
2020-04-26 04:47:00,236.0,236.0,235.0,235.0,20002.14914002
2020-04-26 04:48:00,236.0,236.0,236.0,236.0,2.11286761
2020-04-26 04:49:00,235.0,235.0,235.0,235.0,10246.20000063
2020-04-26 04:50:00,236.0,236.0,236.0,236.0,2.12182044
2020-04-26 04:51:00,235.0,235.0,235.0,235.0,2.14914002
2020-04-26 04:52:00,236.0,236.0,236.0,236.0,2.12182044
2020-04-26 04:53:00,235.0,235.0,235.0,235.0,2.18667958
2020-04-26 04:54:00,236.0,236.0,236.0,236.0,44.58485744
2020-04-26 04:55:00,235.0,235.0,235.0,235.0,2.15840355
2020-04-26 04:57:00,236.0,236.0,236.0,236.0,2.10399002
2020-04-26 04:58:00,236.0,236.0,235.0,235.0,27352.47717228
2020-04-26 05:00:00,236.0,236.0,236.0,236.0,47093.47486364
2020-04-26 05:01:00,236.0,236.0,236.0,236.0,195489.00880496
2020-04-26 05:02:00,236.0,236.0,236.0,236.0,5320.1396
2020-04-26 05:03:00,235.0,236.0,235.0,235.0,48224.48100999
2020-04-26 05:05:00,236.0,236.0,235.0,236.0,27092.37733479
2020-04-26 05:06:00,236.0,236.0,236.0,236.0,64965.9874786
2020-04-26 05:07:00,237.0,237.0,236.0,236.0,4.29176295
2020-04-26 05:08:00,237.0,237.0,237.0,237.0,2.10399002
2020-04-26 05:09:00,236.0,236.0,236.0,236.0,10695.40123555
2020-04-26 05:10:00,237.0,237.0,236.0,236.0,4.28225089
2020-04-26 05:12:00,237.0,237.0,237.0,237.0,2.10399002
2020-04-26 05:13:00,236.0,237.0,236.0,237.0,105489.44004754
2020-04-26 05:14:00,236.0,236.0,236.0,236.0,2.12182044
2020-04-26 05:15:00,237.0,237.0,237.0,237.0,50.63291139
2020-04-26 05:16:00,237.0,237.0,236.0,237.0,21120.27430896
2020-04-26 05:18:00,237.0,237.0,236.0,236.0,15613.99260686
2020-04-26 05:19:00,236.0,236.0,236.0,236.0,4219.4092827
2020-04-26 05:20:00,236.0,236.0,236.0,236.0,203.38983051
2020-04-26 05:22:00,236.0,236.0,236.0,236.0,5149.68190443
2020-04-26 05:23:00,237.0,237.0,237.0,237.0,2.11286761
2020-04-26 05:27:00,236.0,236.0,236.0,236.0,2.17826087
2020-04-26 05:31:00,237.0,237.0,236.0,236.0,4076.43174699
2020-04-26 05:32:00,237.0,237.0,237.0,237.0,2.11286761
2020-04-26 05:33:00,236.0,236.0,236.0,236.0,2.16883117
2020-04-26 05:34:00,237.0,237.0,237.0,237.0,4.22573522
2020-04-26 05:36:00,236.0,236.0,236.0,236.0,2.16883117
2020-04-26 05:38:00,236.0,236.0,236.0,236.0,5000.0
2020-04-26 05:47:00,236.0,236.0,236.0,236.0,4075.78538317
2020-04-26 05:51:00,236.0,236.0,236.0,236.0,104981.84237462
2020-04-26 05:59:00,236.0,236.0,236.0,236.0,53507.00783756
2020-04-26 06:00:00,236.0,236.0,236.0,236.0,6000.0
2020-04-26 06:01:00,236.0,236.0,236.0,236.0,18968.17414076
2020-04-26 06:02:00,236.0,236.0,236.0,236.0,500.0
2020-04-26 06:05:00,237.0,237.0,237.0,237.0,4.20440843
2020-04-26 06:07:00,237.0,237.0,237.0,237.0,2000.0
2020-04-26 06:08:00,236.0,236.0,236.0,236.0,43998.36736878
2020-04-26 06:09:00,236.0,236.0,236.0,236.0,145593.74421547
2020-04-26 06:13:00,236.0,236.0,236.0,236.0,2000.0
2020-04-26 06:15:00,236.0,236.0,236.0,236.0,13254.78437251
2020-04-26 06:16:00,236.0,236.0,236.0,236.0,1775.79746835
2020-04-26 06:18:00,236.0,236.0,236.0,236.0,50000.0
2020-04-26 06:20:00,236.0,236.0,236.0,236.0,2371.41721725
2020-04-26 06:23:00,236.0,236.0,236.0,236.0,12239.10683835
2020-04-26 06:26:00,236.0,236.0,236.0,236.0,60827.13293941
2020-04-26 06:28:00,236.0,236.0,236.0,236.0,6620.93276373
2020-04-26 06:31:00,236.0,236.0,236.0,236.0,604.3158
2020-04-26 06:33:00,236.0,236.0,236.0,236.0,21.186441
2020-04-26 06:34:00,236.0,236.0,236.0,236.0,1000.0
2020-04-26 06:36:00,236.0,236.0,236.0,236.0,2501.73218475
2020-04-26 06:41:00,236.0,236.0,236.0,236.0,2150.0
2020-04-26 06:42:00,236.0,236.0,235.0,235.0,4.4
2020-04-26 06:43:00,235.0,235.0,235.0,235.0,2450.20654242
2020-04-26 06:44:00,236.0,236.0,236.0,236.0,35.10109351
2020-04-26 06:46:00,236.0,236.0,236.0,236.0,14340.13501723
2020-04-26 06:47:00,235.0,235.0,235.0,235.0,144699.57899129
2020-04-26 06:50:00,236.0,236.0,236.0,236.0,2.10041841
2020-04-26 06:51:00,235.0,235.0,235.0,235.0,698.24261139
2020-04-26 06:54:00,236.0,236.0,236.0,236.0,2.12711864
2020-04-26 06:55:00,236.0,236.0,235.0,236.0,9324.74291562
2020-04-26 06:56:00,235.0,235.0,235.0,235.0,6394.54956066
2020-04-26 06:57:00,236.0,236.0,236.0,236.0,2.11814345
2020-04-26 06:59:00,235.0,235.0,235.0,235.0,7850.03358732
2020-04-26 07:00:00,235.0,235.0,235.0,235.0,150000.0
2020-04-26 07:01:00,235.0,235.0,235.0,235.0,1000.0
2020-04-26 07:03:00,235.0,235.0,235.0,235.0,1625.86621568
2020-04-26 07:04:00,236.0,236.0,236.0,236.0,1273.29568436
2020-04-26 07:06:00,236.0,236.0,236.0,236.0,21.186441
2020-04-26 07:07:00,235.0,235.0,235.0,235.0,2.1826087
2020-04-26 07:08:00,236.0,236.0,236.0,236.0,3000.0
2020-04-26 07:10:00,235.0,235.0,235.0,235.0,2.1826087
2020-04-26 07:11:00,236.0,236.0,236.0,236.0,2.11814345
2020-04-26 07:13:00,235.0,235.0,235.0,235.0,2.1826087
2020-04-26 07:16:00,236.0,236.0,235.0,236.0,19731.21813669
2020-04-26 07:17:00,236.0,236.0,236.0,236.0,21.186441
2020-04-26 07:18:00,236.0,236.0,236.0,236.0,136504.91453955
2020-04-26 07:19:00,236.0,236.0,235.0,235.0,4617.00887301
2020-04-26 07:20:00,236.0,236.0,236.0,236.0,10598.79382342
2020-04-26 07:21:00,236.0,236.0,236.0,236.0,317618.8417037
2020-04-26 07:22:00,236.0,236.0,236.0,236.0,958.0
2020-04-26 07:25:00,236.0,237.0,236.0,236.0,11884.09147244
2020-04-26 07:26:00,237.0,237.0,235.0,235.0,67217.78583154
2020-04-26 07:29:00,235.0,235.0,235.0,235.0,2857.26917843
2020-04-26 07:32:00,235.0,236.0,235.0,236.0,56240.824225
2020-04-26 07:33:00,236.0,236.0,235.0,235.0,2013.1
2020-04-26 07:34:00,235.0,235.0,235.0,235.0,8.4646535
2020-04-26 07:35:00,235.0,235.0,235.0,235.0,16730.05333049
2020-04-26 07:36:00,236.0,236.0,236.0,236.0,313.0
2020-04-26 07:37:00,236.0,236.0,236.0,236.0,5991.09049534
2020-04-26 07:38:00,235.0,236.0,235.0,236.0,24554.23830917
2020-04-26 07:39:00,236.0,236.0,235.0,235.0,3814.81880588
2020-04-26 07:40:00,236.0,236.0,235.0,235.0,2154.57316018
2020-04-26 07:41:00,236.0,236.0,235.0,236.0,19419.43191112
2020-04-26 07:42:00,235.0,235.0,235.0,235.0,2266.99476272
2020-04-26 07:43:00,235.0,236.0,235.0,236.0,8429.11771891
2020-04-26 07:44:00,235.0,235.0,235.0,235.0,16237.50879712
2020-04-26 07:46:00,235.0,236.0,235.0,236.0,163.73500741
2020-04-26 07:47:00,235.0,235.0,235.0,235.0,9233.59869838
2020-04-26 07:48:00,236.0,236.0,236.0,236.0,13.29872881
2020-04-26 07:49:00,235.0,235.0,235.0,235.0,11745.37148669
2020-04-26 07:50:00,236.0,236.0,236.0,236.0,10.59271972
2020-04-26 07:51:00,235.0,236.0,235.0,236.0,428.10197373
2020-04-26 07:52:00,236.0,236.0,235.0,235.0,23.36904937
2020-04-26 07:53:00,236.0,236.0,236.0,236.0,4201.3335
2020-04-26 07:54:00,235.0,236.0,235.0,235.0,2968.96578703
2020-04-26 07:55:00,236.0,236.0,235.0,235.0,1273.55116509
2020-04-26 07:56:00,236.0,236.0,236.0,236.0,5064.23890807
2020-04-26 07:57:00,235.0,235.0,235.0,235.0,3.0
2020-04-26 07:58:00,236.0,236.0,235.0,236.0,4274.25360602
2020-04-26 08:00:00,236.0,236.0,236.0,236.0,3336.89087659
2020-04-26 08:01:00,236.0,236.0,236.0,236.0,10635.68337598
2020-04-26 08:02:00,236.0,236.0,236.0,236.0,7887.52234052
2020-04-26 08:03:00,235.0,235.0,235.0,235.0,79.3655
2020-04-26 08:05:00,236.0,236.0,235.0,235.0,100.69691425
2020-04-26 08:07:00,236.0,236.0,236.0,236.0,3563.0
2020-04-26 08:08:00,236.0,236.0,236.0,236.0,237.95305736
2020-04-26 08:09:00,236.0,236.0,236.0,236.0,4078.24054073
2020-04-26 08:10:00,236.0,236.0,235.0,236.0,5927.84618377
2020-04-26 08:11:00,235.0,236.0,235.0,236.0,3565.8205501
2020-04-26 08:12:00,235.0,236.0,235.0,236.0,1941.10267861
2020-04-26 08:13:00,235.0,235.0,235.0,235.0,3.0
2020-04-26 08:15:00,236.0,236.0,236.0,236.0,8.47457627
2020-04-26 08:16:00,235.0,236.0,235.0,236.0,8473.3453358
2020-04-26 08:17:00,235.0,235.0,235.0,235.0,3.0
2020-04-26 08:19:00,236.0,236.0,235.0,235.0,8989.04177571
2020-04-26 08:21:00,236.0,236.0,236.0,236.0,8041.43267349
2020-04-26 08:22:00,236.0,236.0,235.0,235.0,46133.56249337
2020-04-26 08:23:00,236.0,236.0,236.0,236.0,2407.28083361
2020-04-26 08:24:00,235.0,236.0,235.0,236.0,153.94065693
2020-04-26 08:26:00,236.0,236.0,236.0,236.0,6.1537028
2020-04-26 08:27:00,236.0,236.0,236.0,236.0,6095.47717136
2020-04-26 08:29:00,236.0,236.0,236.0,236.0,8.47457627
2020-04-26 08:30:00,236.0,236.0,235.0,236.0,2763.83847997
2020-04-26 08:32:00,236.0,236.0,236.0,236.0,431.98739613
2020-04-26 08:33:00,235.0,236.0,235.0,236.0,70.65632574
2020-04-26 08:34:00,236.0,236.0,236.0,236.0,21.186441
2020-04-26 08:36:00,236.0,236.0,236.0,236.0,9042.91921834
2020-04-26 08:38:00,235.0,236.0,235.0,236.0,12990.52705593
2020-04-26 08:39:00,236.0,236.0,236.0,236.0,3091.10169491
2020-04-26 08:40:00,236.0,236.0,236.0,236.0,5929.76816675
2020-04-26 08:41:00,236.0,236.0,236.0,236.0,42306.60940716
2020-04-26 08:43:00,235.0,236.0,235.0,235.0,33.8397645
2020-04-26 08:44:00,236.0,236.0,235.0,235.0,262.56340223
2020-04-26 08:45:00,236.0,236.0,235.0,236.0,14720.63054339
2020-04-26 08:46:00,236.0,236.0,235.0,236.0,15096.25173487
2020-04-26 08:47:00,235.0,236.0,235.0,236.0,2005.19736843
2020-04-26 08:49:00,236.0,236.0,236.0,236.0,5.72881355
2020-04-26 08:50:00,236.0,236.0,236.0,236.0,423.72881355
2020-04-26 08:51:00,236.0,236.0,235.0,235.0,2788.59947682
2020-04-26 08:52:00,236.0,236.0,236.0,236.0,507.15995762
2020-04-26 08:53:00,236.0,236.0,236.0,236.0,8.47457627
2020-04-26 08:54:00,236.0,236.0,236.0,236.0,85.79184983
2020-04-26 08:55:00,236.0,236.0,236.0,236.0,2000.0
2020-04-26 08:56:00,236.0,236.0,235.0,236.0,48438.75564749
2020-04-26 08:57:00,236.0,236.0,236.0,236.0,12705.51165095
2020-04-26 08:58:00,235.0,235.0,235.0,235.0,26481.32045311
2020-04-26 08:59:00,236.0,236.0,236.0,236.0,3.0
2020-04-26 17:04:00,236.0,236.0,236.0,236.0,9755.34881232
2020-04-26 17:05:00,236.0,236.0,236.0,236.0,1159.19761533
2020-04-26 17:06:00,236.0,236.0,236.0,236.0,7295.61016968
2020-04-26 17:07:00,236.0,237.0,236.0,237.0,554.11181434
2020-04-26 17:08:00,236.0,236.0,236.0,236.0,4071.3
2020-04-26 17:09:00,237.0,237.0,236.0,236.0,27958.63278984
2020-04-26 17:10:00,236.0,237.0,236.0,237.0,30.16049067
2020-04-26 17:11:00,237.0,237.0,236.0,237.0,10682.633446
2020-04-26 17:12:00,237.0,237.0,237.0,237.0,678.30641641
2020-04-26 17:13:00,237.0,237.0,236.0,236.0,26961.93211481
2020-04-26 17:14:00,236.0,237.0,236.0,236.0,27543.51106909
2020-04-26 17:15:00,236.0,237.0,236.0,236.0,32849.82579684
2020-04-26 17:16:00,236.0,237.0,236.0,236.0,41059.98384172
2020-04-26 17:17:00,236.0,237.0,236.0,237.0,8833.28386914
2020-04-26 17:18:00,236.0,236.0,236.0,236.0,6840.59208738
2020-04-26 17:19:00,236.0,236.0,236.0,236.0,17066.99919736
2020-04-26 17:20:00,235.0,236.0,235.0,235.0,2005.15450644
2020-04-26 17:21:00,236.0,236.0,235.0,236.0,9.01026172
2020-04-26 17:22:00,235.0,236.0,235.0,235.0,6395.43627767
2020-04-26 17:23:00,235.0,235.0,235.0,235.0,500.0
2020-04-26 17:24:00,236.0,236.0,235.0,235.0,308.35554089
2020-04-26 17:26:00,235.0,236.0,235.0,236.0,7217.55696203
2020-04-26 17:28:00,236.0,236.0,235.0,235.0,22625.81759967
2020-04-26 17:29:00,235.0,236.0,235.0,236.0,1201.4134515
2020-04-26 17:30:00,236.0,236.0,236.0,236.0,23305.08474576
2020-04-26 17:31:00,236.0,236.0,235.0,235.0,2036.12447257
2020-04-26 17:33:00,235.0,235.0,235.0,235.0,9055.56753723
2020-04-26 17:34:00,235.0,235.0,235.0,235.0,16492.91123312
2020-04-26 17:36:00,235.0,235.0,235.0,235.0,2272.93526232
2020-04-26 17:37:00,235.0,236.0,235.0,236.0,43331.70510599
2020-04-26 17:39:00,235.0,236.0,235.0,236.0,10638.00125506
2020-04-26 17:40:00,236.0,236.0,236.0,236.0,7.70809322
2020-04-26 17:44:00,236.0,236.0,236.0,236.0,42.463037
2020-04-26 17:45:00,236.0,236.0,236.0,236.0,70467.63906181
2020-04-26 17:46:00,236.0,236.0,236.0,236.0,3082.72135117
2020-04-26 17:47:00,236.0,236.0,236.0,236.0,1836.45774357
2020-04-26 17:48:00,236.0,236.0,235.0,236.0,3438.69740553
2020-04-26 17:49:00,236.0,236.0,236.0,236.0,635.77118644
2020-04-26 17:50:00,236.0,236.0,236.0,236.0,267312.01889483
2020-04-26 17:51:00,236.0,236.0,236.0,236.0,2291.57588132
2020-04-26 17:52:00,236.0,236.0,236.0,236.0,3125.18729752
2020-04-26 17:53:00,236.0,236.0,236.0,236.0,342.72632624
2020-04-26 17:54:00,237.0,237.0,236.0,237.0,5448.80483469
2020-04-26 17:55:00,237.0,237.0,236.0,236.0,2791.097046
2020-04-26 17:56:00,236.0,236.0,236.0,236.0,1035.90318538
2020-04-26 17:57:00,237.0,237.0,237.0,237.0,1265.82278481
2020-04-26 17:58:00,236.0,236.0,236.0,236.0,65837.06901473
2020-04-26 17:59:00,236.0,236.0,236.0,236.0,54585.10613776
2020-04-26 18:00:00,236.0,237.0,236.0,237.0,2389.97614021
2020-04-26 18:01:00,237.0,237.0,236.0,237.0,567.0755236
2020-04-26 18:02:00,237.0,237.0,236.0,237.0,10532.93123559
2020-04-26 18:03:00,236.0,237.0,236.0,237.0,315.0
2020-04-26 18:04:00,237.0,237.0,237.0,237.0,354.8478925
2020-04-26 18:05:00,237.0,237.0,237.0,237.0,2588.66624472
2020-04-26 18:06:00,237.0,237.0,236.0,236.0,51365.22572702
2020-04-26 18:07:00,237.0,237.0,236.0,236.0,45915.07771641
2020-04-26 18:08:00,237.0,237.0,236.0,236.0,883.0
2020-04-26 18:09:00,237.0,237.0,237.0,237.0,9.0
2020-04-26 18:11:00,236.0,236.0,236.0,236.0,4024.1625458
2020-04-26 18:12:00,237.0,237.0,237.0,237.0,23285.05907172
2020-04-26 18:13:00,237.0,237.0,237.0,237.0,42.13926791
2020-04-26 18:14:00,237.0,237.0,237.0,237.0,1226.15316455
2020-04-26 18:15:00,237.0,237.0,237.0,237.0,1382.37632238
2020-04-26 18:16:00,237.0,237.0,236.0,236.0,80546.42027298
2020-04-26 18:18:00,236.0,236.0,236.0,236.0,105746.27383021
2020-04-26 18:19:00,236.0,237.0,236.0,237.0,6990.17057232
2020-04-26 18:21:00,237.0,237.0,236.0,236.0,3377.24025596
2020-04-26 18:22:00,236.0,236.0,236.0,236.0,9361.75201423
2020-04-26 18:24:00,237.0,237.0,237.0,237.0,22631.0
2020-04-26 18:28:00,237.0,237.0,236.0,236.0,382568.1760495
2020-04-26 18:29:00,236.0,236.0,236.0,236.0,41451.00000033
2020-04-26 18:31:00,236.0,236.0,236.0,236.0,70078.21195785
2020-04-26 18:32:00,237.0,237.0,237.0,237.0,4218.43930355
2020-04-26 18:37:00,237.0,237.0,237.0,237.0,1000.0
2020-04-26 18:39:00,236.0,237.0,236.0,236.0,525.17115282
2020-04-26 18:41:00,236.0,236.0,236.0,236.0,12705.98175487
2020-04-26 18:42:00,237.0,237.0,237.0,237.0,3373.8405059
2020-04-26 18:44:00,236.0,236.0,236.0,236.0,58550.49888716
2020-04-26 18:45:00,237.0,237.0,237.0,237.0,18.0
2020-04-26 18:46:00,237.0,237.0,236.0,236.0,21736.88399735
2020-04-26 18:47:00,236.0,237.0,236.0,237.0,37093.67180559
2020-04-26 18:48:00,237.0,237.0,237.0,237.0,364.55030567
2020-04-26 18:49:00,237.0,237.0,237.0,237.0,4.21940928
2020-04-26 18:50:00,237.0,237.0,237.0,237.0,21.097046
2020-04-26 18:51:00,237.0,237.0,236.0,236.0,101006.0
2020-04-26 18:52:00,237.0,237.0,236.0,236.0,1718.13140446
2020-04-26 18:53:00,236.0,236.0,236.0,236.0,9258.941779
2020-04-26 18:54:00,237.0,237.0,237.0,237.0,2758.69092827
2020-04-26 18:55:00,237.0,237.0,236.0,236.0,2256.61911327
2020-04-26 18:56:00,236.0,237.0,236.0,237.0,27108.35802568
2020-04-26 18:57:00,237.0,237.0,237.0,237.0,2542.37288135
2020-04-26 18:58:00,236.0,236.0,236.0,236.0,26238.47797255
2020-04-26 18:59:00,237.0,237.0,237.0,237.0,3702.3
2020-04-26 19:00:00,237.0,237.0,237.0,237.0,850.0
2020-04-26 19:01:00,237.0,237.0,236.0,236.0,5653.69214085
2020-04-26 19:02:00,236.0,237.0,236.0,237.0,8995.47425949
2020-04-26 19:03:00,237.0,237.0,237.0,237.0,1000.0
2020-04-26 19:04:00,237.0,237.0,237.0,237.0,3112.8649789
2020-04-26 19:05:00,236.0,236.0,236.0,236.0,12711.86440678
2020-04-26 19:07:00,236.0,236.0,236.0,236.0,44.44444444
2020-04-26 19:08:00,236.0,236.0,236.0,236.0,8147.0
2020-04-26 19:09:00,236.0,236.0,236.0,236.0,9517.08912342
2020-04-26 19:11:00,236.0,237.0,236.0,237.0,67932.65330067
2020-04-26 19:12:00,237.0,237.0,237.0,237.0,21.097046
2020-04-26 19:14:00,237.0,237.0,237.0,237.0,43792.44976667
2020-04-26 19:16:00,236.0,236.0,236.0,236.0,4.21940928
2020-04-26 19:17:00,236.0,236.0,236.0,236.0,131357.3694614
2020-04-26 19:18:00,236.0,236.0,236.0,236.0,266.11572905
2020-04-26 19:20:00,237.0,237.0,236.0,236.0,10298.06389031
2020-04-26 19:21:00,237.0,237.0,237.0,237.0,3.0
2020-04-26 19:23:00,237.0,237.0,237.0,237.0,29.83951021
2020-04-26 19:24:00,237.0,237.0,237.0,237.0,421.73006323
2020-04-26 19:25:00,236.0,237.0,236.0,237.0,44831.3573827
2020-04-26 19:26:00,236.0,236.0,236.0,236.0,200.0
2020-04-26 19:27:00,237.0,237.0,237.0,237.0,4702.4483117
2020-04-26 19:28:00,237.0,237.0,237.0,237.0,21087.42675075
2020-04-26 19:29:00,236.0,236.0,236.0,236.0,5483.9861315
2020-04-26 19:30:00,236.0,236.0,236.0,236.0,50004.68822784
2020-04-26 19:31:00,236.0,237.0,236.0,236.0,67549.00383962
2020-04-26 19:32:00,236.0,236.0,236.0,236.0,8467.60173726
2020-04-26 19:34:00,237.0,237.0,237.0,237.0,3.0
2020-04-26 19:37:00,236.0,236.0,236.0,236.0,8565.89205397
2020-04-26 19:38:00,236.0,236.0,236.0,236.0,1475.0
2020-04-26 19:39:00,236.0,237.0,236.0,237.0,884.25
2020-04-26 19:40:00,236.0,236.0,236.0,236.0,90768.83574134
2020-04-26 19:41:00,236.0,236.0,236.0,236.0,4852.72997793
2020-04-26 19:42:00,237.0,237.0,237.0,237.0,5.20848101
2020-04-26 19:43:00,237.0,237.0,236.0,236.0,10424.92599084
2020-04-26 19:44:00,236.0,236.0,236.0,236.0,127797.89270187
2020-04-26 19:45:00,236.0,237.0,236.0,237.0,49049.74290013
2020-04-26 19:46:00,237.0,237.0,237.0,237.0,16470.02453256
2020-04-26 19:47:00,236.0,236.0,236.0,236.0,81.29181822
2020-04-26 19:48:00,236.0,236.0,236.0,236.0,3182.0
2020-04-26 19:49:00,237.0,237.0,237.0,237.0,152372.50200861
2020-04-26 19:50:00,237.0,237.0,236.0,236.0,16033.85245654
2020-04-26 19:51:00,237.0,237.0,237.0,237.0,3.0
2020-04-26 19:52:00,236.0,237.0,236.0,237.0,25711.92359279
2020-04-26 19:53:00,237.0,237.0,237.0,237.0,8.43881856
2020-04-26 19:55:00,236.0,237.0,236.0,237.0,2100.0
2020-04-26 19:56:00,236.0,236.0,236.0,236.0,11902.68887612
2020-04-26 19:57:00,237.0,237.0,236.0,237.0,34969.94206263
2020-04-26 19:58:00,236.0,237.0,236.0,237.0,5384.46116714
2020-04-26 19:59:00,237.0,237.0,237.0,237.0,2105.05295875
2020-04-26 20:00:00,237.0,237.0,237.0,237.0,2359.21996806
2020-04-26 20:01:00,236.0,237.0,236.0,237.0,140302.60172361
2020-04-26 20:02:00,237.0,237.0,236.0,236.0,231002.9003868
2020-04-26 20:03:00,236.0,236.0,236.0,236.0,5000.0
2020-04-26 20:04:00,237.0,237.0,237.0,237.0,3.0
2020-04-26 20:05:00,237.0,237.0,237.0,237.0,25.43881856
2020-04-26 20:06:00,237.0,237.0,236.0,237.0,4394.4880583
2020-04-26 20:07:00,237.0,237.0,236.0,237.0,153.540168
2020-04-26 20:08:00,237.0,237.0,236.0,236.0,31338.90492707
2020-04-26 20:09:00,236.0,237.0,236.0,237.0,477873.30805569
2020-04-26 20:10:00,237.0,237.0,237.0,237.0,68091.8818727
2020-04-26 20:11:00,237.0,237.0,236.0,237.0,25739.4619999
2020-04-26 20:12:00,236.0,237.0,236.0,237.0,21211.122019
2020-04-26 20:13:00,237.0,237.0,236.0,237.0,155629.8278369
2020-04-26 20:14:00,237.0,237.0,236.0,237.0,556388.46866817
2020-04-26 20:15:00,237.0,237.0,237.0,237.0,350994.77282414
2020-04-26 20:16:00,237.0,238.0,237.0,238.0,162460.3584
2020-04-26 20:17:00,238.0,238.0,238.0,238.0,420.16806722
2020-04-26 20:18:00,238.0,238.0,238.0,238.0,129571.18487358
2020-04-26 20:19:00,237.0,237.0,237.0,237.0,4982.0219
2020-04-26 20:20:00,237.0,237.0,237.0,237.0,19315.10211864
2020-04-26 20:21:00,237.0,238.0,237.0,238.0,48210.75070793
2020-04-26 20:22:00,238.0,238.0,238.0,238.0,1943.40966386
2020-04-26 20:23:00,238.0,238.0,238.0,238.0,106.38798247
2020-04-26 20:24:00,237.0,237.0,237.0,237.0,593868.35111827
2020-04-26 20:25:00,237.0,237.0,237.0,237.0,25400.60942699
2020-04-26 20:26:00,237.0,237.0,236.0,237.0,16747.38609532
2020-04-26 20:27:00,237.0,237.0,236.0,237.0,50923.17739218
2020-04-26 20:28:00,237.0,237.0,237.0,237.0,120982.284041
2020-04-26 20:29:00,237.0,238.0,237.0,238.0,13.0
2020-04-26 20:31:00,238.0,238.0,237.0,237.0,32495.56608947
2020-04-26 20:32:00,238.0,238.0,238.0,238.0,3.0
2020-04-26 20:33:00,237.0,238.0,237.0,238.0,163070.64047724
2020-04-26 20:34:00,237.0,237.0,237.0,237.0,4333.40617046
2020-04-26 20:35:00,237.0,237.0,237.0,237.0,47399.96562898
2020-04-26 20:36:00,236.0,237.0,236.0,237.0,6377.14315256
2020-04-26 20:37:00,237.0,237.0,236.0,237.0,11725.1929162
2020-04-26 20:38:00,237.0,237.0,237.0,237.0,27354.13384814
2020-04-26 20:39:00,237.0,237.0,237.0,237.0,17449.06238863
2020-04-26 20:40:00,237.0,238.0,237.0,238.0,1731.80499149
2020-04-26 20:42:00,238.0,238.0,238.0,238.0,2897.47689075
2020-04-26 20:43:00,237.0,238.0,237.0,238.0,4021.49730697
2020-04-26 20:44:00,237.0,238.0,237.0,238.0,3554.51663411
2020-04-26 20:45:00,237.0,238.0,237.0,237.0,16988.10463117
2020-04-26 20:46:00,237.0,237.0,237.0,237.0,351.42598192
2020-04-26 20:47:00,238.0,238.0,237.0,237.0,182363.25266469
2020-04-26 20:48:00,237.0,238.0,237.0,238.0,106439.7133634
2020-04-26 20:49:00,238.0,238.0,238.0,238.0,1138.02342526
2020-04-26 20:50:00,237.0,238.0,237.0,238.0,79836.32317267
2020-04-26 20:51:00,238.0,238.0,238.0,238.0,21.008403
2020-04-26 20:53:00,238.0,238.0,238.0,238.0,231.4599003
2020-04-26 20:54:00,238.0,238.0,237.0,237.0,11311.22622238
2020-04-26 20:55:00,237.0,237.0,237.0,237.0,6000.0
2020-04-26 20:56:00,238.0,238.0,238.0,238.0,672.14292012
2020-04-26 20:57:00,237.0,237.0,237.0,237.0,58853.4180766
2020-04-26 20:58:00,237.0,237.0,237.0,237.0,24337.32203389
2020-04-26 20:59:00,238.0,238.0,237.0,237.0,21427.96602147
2020-04-27 05:05:00,238.0,238.0,238.0,238.0,4264.0
2020-04-27 05:06:00,238.0,238.0,238.0,238.0,2831.305449
2020-04-27 05:07:00,237.0,238.0,237.0,238.0,7155.73355265
2020-04-27 05:08:00,238.0,238.0,238.0,238.0,12137.26506943
2020-04-27 05:09:00,238.0,238.0,238.0,238.0,144542.64614666
2020-04-27 05:10:00,238.0,238.0,238.0,238.0,731.153
2020-04-27 05:11:00,237.0,238.0,237.0,238.0,31337.22285831
2020-04-27 05:12:00,238.0,238.0,238.0,238.0,18424.28484123
2020-04-27 05:13:00,238.0,238.0,238.0,238.0,77922.65351577
2020-04-27 05:14:00,238.0,238.0,238.0,238.0,57349.39375787
2020-04-27 05:15:00,238.0,238.0,238.0,238.0,14739.91761094
2020-04-27 05:16:00,238.0,238.0,237.0,238.0,42856.85894318
2020-04-27 05:17:00,238.0,238.0,238.0,238.0,53156.89365413
2020-04-27 05:18:00,238.0,238.0,238.0,238.0,604.2401
2020-04-27 05:19:00,238.0,238.0,238.0,238.0,7195.6099
2020-04-27 05:20:00,238.0,238.0,238.0,238.0,4476.208675
2020-04-27 05:21:00,238.0,238.0,238.0,238.0,10528.68242686
2020-04-27 05:22:00,238.0,238.0,238.0,238.0,534.0
2020-04-27 05:23:00,238.0,238.0,238.0,238.0,46722.02863073
2020-04-27 05:24:00,238.0,238.0,238.0,238.0,2664.3
2020-04-27 05:25:00,238.0,238.0,238.0,238.0,693.0
2020-04-27 05:26:00,238.0,238.0,238.0,238.0,76.771495
2020-04-27 05:27:00,238.0,238.0,238.0,238.0,17397.36034447
2020-04-27 05:28:00,238.0,238.0,238.0,238.0,826.008403
2020-04-27 05:29:00,238.0,238.0,238.0,238.0,10031.8
2020-04-27 05:30:00,238.0,238.0,238.0,238.0,9069.28038421
2020-04-27 05:31:00,238.0,238.0,238.0,238.0,22251.20293843
2020-04-27 05:32:00,238.0,238.0,238.0,238.0,8162.065234
2020-04-27 05:33:00,238.0,238.0,238.0,238.0,41634.084432
2020-04-27 05:34:00,238.0,238.0,238.0,238.0,587.1
2020-04-27 05:35:00,238.0,238.0,238.0,238.0,957.604
2020-04-27 05:36:00,238.0,238.0,238.0,238.0,182.47598889
2020-04-27 05:37:00,238.0,238.0,238.0,238.0,34899.7598521
2020-04-27 05:38:00,238.0,238.0,238.0,238.0,65753.938815
2020-04-27 05:39:00,238.0,238.0,238.0,238.0,36086.25976405
2020-04-27 05:40:00,238.0,238.0,238.0,238.0,2104.900136
2020-04-27 05:44:00,238.0,238.0,237.0,237.0,9896.74334881
2020-04-27 05:51:00,237.0,237.0,237.0,237.0,38.67161016
2020-04-27 05:53:00,237.0,237.0,237.0,237.0,5878.90088569
2020-04-27 05:56:00,238.0,238.0,238.0,238.0,50.0
2020-04-27 05:57:00,238.0,238.0,238.0,238.0,7747.750647
2020-04-27 05:59:00,238.0,238.0,238.0,238.0,18377.53268404
2020-04-27 06:00:00,238.0,238.0,238.0,238.0,72798.5444905
2020-04-27 06:01:00,238.0,238.0,237.0,237.0,80464.91643576
2020-04-27 06:03:00,237.0,238.0,237.0,238.0,24363.86916885
2020-04-27 06:04:00,238.0,238.0,237.0,237.0,28107.90488711
2020-04-27 06:05:00,238.0,238.0,237.0,237.0,51187.99102026
2020-04-27 06:06:00,237.0,238.0,237.0,237.0,8059.3256234
2020-04-27 06:07:00,237.0,238.0,237.0,237.0,8297.69333515
2020-04-27 06:08:00,238.0,238.0,237.0,238.0,29954.0102146
2020-04-27 06:09:00,237.0,238.0,237.0,237.0,34360.03695374
2020-04-27 06:10:00,238.0,238.0,237.0,237.0,171.08751904
2020-04-27 06:11:00,238.0,239.0,237.0,238.0,51691.95213958
2020-04-27 06:12:00,237.0,239.0,237.0,238.0,62761.79775618
2020-04-27 06:13:00,238.0,238.0,238.0,238.0,4.32831393
2020-04-27 06:14:00,238.0,238.0,238.0,238.0,168.0672269
2020-04-27 06:15:00,238.0,239.0,238.0,238.0,22550.90944047
2020-04-27 06:16:00,239.0,239.0,238.0,238.0,21.66437466
2020-04-27 06:17:00,239.0,239.0,238.0,238.0,99.17896552
2020-04-27 06:18:00,238.0,238.0,238.0,238.0,102.0
2020-04-27 06:19:00,238.0,238.0,238.0,238.0,1100.0
2020-04-27 06:21:00,238.0,238.0,238.0,238.0,10849.02548726
2020-04-27 06:22:00,239.0,239.0,238.0,238.0,11465.86277755
2020-04-27 06:24:00,239.0,239.0,238.0,238.0,42009.17951066
2020-04-27 06:25:00,239.0,239.0,238.0,238.0,6445.27702043
2020-04-27 06:28:00,238.0,238.0,238.0,238.0,232.0
2020-04-27 06:29:00,239.0,239.0,239.0,239.0,7.36610878
2020-04-27 06:30:00,238.0,238.0,238.0,238.0,31995.93416759
2020-04-27 06:32:00,239.0,239.0,239.0,239.0,632.02290068
2020-04-27 06:33:00,239.0,239.0,238.0,238.0,40937.65882081
2020-04-27 06:34:00,238.0,238.0,238.0,238.0,8035.07489952
2020-04-27 06:35:00,238.0,238.0,238.0,238.0,43052.1174898
2020-04-27 06:36:00,238.0,238.0,238.0,238.0,27207.13380597
2020-04-27 06:37:00,238.0,238.0,237.0,238.0,320454.63875449
2020-04-27 06:38:00,238.0,238.0,237.0,237.0,245041.88908014
2020-04-27 06:39:00,238.0,238.0,238.0,238.0,14953.83025213
2020-04-27 06:40:00,239.0,239.0,237.0,238.0,26584.05341486
2020-04-27 06:41:00,238.0,238.0,237.0,237.0,20645.5688527
2020-04-27 06:42:00,238.0,238.0,237.0,237.0,13291.21566234
2020-04-27 06:43:00,238.0,238.0,237.0,237.0,2907.34455711
2020-04-27 06:44:00,237.0,238.0,237.0,237.0,9141.45063556
2020-04-27 06:45:00,238.0,238.0,237.0,237.0,33363.85885851
2020-04-27 06:47:00,238.0,238.0,237.0,238.0,25960.57066092
2020-04-27 06:48:00,237.0,238.0,237.0,237.0,5027.33766234
2020-04-27 06:49:00,238.0,238.0,237.0,237.0,2327.48078856
2020-04-27 06:50:00,238.0,238.0,237.0,237.0,26.16883117
2020-04-27 06:51:00,238.0,238.0,237.0,237.0,70727.7082906
2020-04-27 06:52:00,238.0,238.0,237.0,237.0,4201.59526796
2020-04-27 06:53:00,238.0,238.0,237.0,238.0,40583.39600517
2020-04-27 06:54:00,238.0,238.0,237.0,238.0,25344.66067501
2020-04-27 06:55:00,237.0,238.0,237.0,237.0,31165.08866369
2020-04-27 06:56:00,238.0,238.0,237.0,237.0,1596.50897306
2020-04-27 06:59:00,238.0,238.0,238.0,238.0,30998.85397816
2020-04-27 07:00:00,238.0,238.0,238.0,238.0,9543.50052046
2020-04-27 07:01:00,238.0,239.0,238.0,239.0,22060.83500992
2020-04-27 07:02:00,239.0,239.0,238.0,238.0,6040.58254251
2020-04-27 07:03:00,238.0,238.0,238.0,238.0,92.8667
2020-04-27 07:05:00,238.0,238.0,238.0,238.0,12299.32427141
2020-04-27 07:06:00,238.0,238.0,238.0,238.0,4874.15925711
2020-04-27 07:07:00,238.0,239.0,238.0,239.0,21987.13505041
2020-04-27 07:08:00,238.0,238.0,237.0,238.0,38578.17213505
2020-04-27 07:09:00,238.0,238.0,238.0,238.0,50540.80994884
2020-04-27 07:11:00,238.0,238.0,238.0,238.0,435.12394957
2020-04-27 07:12:00,238.0,238.0,237.0,237.0,10258.90168067
2020-04-27 07:14:00,237.0,237.0,237.0,237.0,4000.0
2020-04-27 07:15:00,238.0,238.0,238.0,238.0,894.09076973
2020-04-27 07:16:00,238.0,238.0,238.0,238.0,5463.37544672
2020-04-27 07:17:00,238.0,238.0,238.0,238.0,8438.81840591
2020-04-27 07:18:00,237.0,238.0,237.0,237.0,8140.87891873
2020-04-27 07:19:00,238.0,238.0,238.0,238.0,6686.85084033
2020-04-27 07:21:00,238.0,238.0,237.0,237.0,8982.01829284
2020-04-27 07:22:00,237.0,237.0,237.0,237.0,163.73208573
2020-04-27 07:23:00,238.0,238.0,237.0,237.0,2658.66939151
2020-04-27 07:24:00,237.0,237.0,237.0,237.0,1379.86561558
2020-04-27 07:25:00,238.0,238.0,237.0,237.0,3814.55211333
2020-04-27 07:26:00,238.0,238.0,237.0,237.0,128.20990292
2020-04-27 07:27:00,237.0,238.0,237.0,238.0,911.36441276
2020-04-27 07:28:00,237.0,238.0,237.0,237.0,20646.13610466
2020-04-27 07:29:00,238.0,238.0,237.0,237.0,14835.66642567
2020-04-27 07:30:00,237.0,238.0,237.0,238.0,24514.28771655
2020-04-27 07:31:00,238.0,238.0,237.0,237.0,26735.53995711
2020-04-27 07:32:00,238.0,238.0,238.0,238.0,396.0
2020-04-27 07:33:00,238.0,238.0,238.0,238.0,11985.31871255
2020-04-27 07:34:00,238.0,238.0,238.0,238.0,3549.65369876
2020-04-27 07:35:00,238.0,238.0,237.0,237.0,102390.10621725
2020-04-27 07:36:00,238.0,238.0,237.0,237.0,34264.52624532
2020-04-27 07:37:00,238.0,238.0,237.0,237.0,47095.00246746
2020-04-27 07:38:00,238.0,238.0,237.0,237.0,10906.66568433
2020-04-27 07:39:00,237.0,237.0,237.0,237.0,4281.72238666
2020-04-27 07:40:00,238.0,238.0,237.0,237.0,1262.64522733
2020-04-27 07:42:00,237.0,237.0,237.0,237.0,2109.70464205
2020-04-27 07:44:00,237.0,237.0,237.0,237.0,649.55590717
2020-04-27 07:45:00,237.0,237.0,237.0,237.0,2177.8336
2020-04-27 07:46:00,237.0,237.0,237.0,237.0,407.35890722
2020-04-27 07:47:00,237.0,238.0,237.0,238.0,10995.42449603
2020-04-27 07:48:00,237.0,237.0,237.0,237.0,2.15948276
2020-04-27 07:49:00,237.0,238.0,237.0,237.0,4066.7151832
2020-04-27 07:52:00,238.0,238.0,237.0,237.0,308.1502146
2020-04-27 07:53:00,238.0,238.0,237.0,237.0,71841.38269751
2020-04-27 07:54:00,238.0,238.0,237.0,237.0,6501.65861796
2020-04-27 07:56:00,238.0,238.0,237.0,238.0,44736.51683245
2020-04-27 07:57:00,238.0,238.0,238.0,238.0,11960.01998999
2020-04-27 07:58:00,238.0,238.0,238.0,238.0,283.83287347
2020-04-27 07:59:00,237.0,237.0,237.0,237.0,2.15948276
2020-04-27 08:00:00,237.0,237.0,237.0,237.0,233.3478
2020-04-27 08:02:00,237.0,237.0,237.0,237.0,3682.67009326
2020-04-27 08:03:00,237.0,237.0,237.0,237.0,17197.51097578
2020-04-27 08:04:00,238.0,238.0,237.0,237.0,3027.96600709
2020-04-27 08:05:00,238.0,238.0,238.0,238.0,3412.73571428
2020-04-27 08:06:00,238.0,238.0,237.0,238.0,62559.00733805
2020-04-27 08:07:00,238.0,238.0,237.0,238.0,521586.35385175
2020-04-27 08:08:00,238.0,238.0,238.0,238.0,45249.76509042
2020-04-27 08:10:00,238.0,238.0,238.0,238.0,434.60696308
2020-04-27 08:11:00,238.0,238.0,238.0,238.0,1500.0
2020-04-27 08:12:00,238.0,238.0,238.0,238.0,8189.97771862
2020-04-27 08:13:00,238.0,238.0,238.0,238.0,11340.72415965
2020-04-27 08:14:00,238.0,239.0,238.0,239.0,15118.485627
2020-04-27 08:15:00,239.0,239.0,239.0,239.0,34028.03309272
2020-04-27 08:16:00,239.0,239.0,239.0,239.0,8056.76097843
2020-04-27 08:17:00,239.0,239.0,239.0,239.0,27781.90602857
2020-04-27 08:20:00,239.0,239.0,239.0,239.0,518.70502092
2020-04-27 08:21:00,239.0,239.0,239.0,239.0,41840.0
2020-04-27 08:22:00,239.0,239.0,239.0,239.0,1850.40115925
2020-04-27 08:23:00,238.0,238.0,238.0,238.0,100.0
2020-04-27 08:24:00,238.0,239.0,238.0,238.0,92439.33477257
2020-04-27 08:25:00,239.0,239.0,239.0,239.0,123851.11210085
2020-04-27 08:26:00,239.0,239.0,239.0,239.0,3244.63709567
2020-04-27 08:27:00,239.0,239.0,239.0,239.0,41911.13840959
2020-04-27 08:28:00,239.0,239.0,239.0,239.0,163763.38248941
2020-04-27 08:29:00,239.0,239.0,239.0,239.0,185494.2293601
2020-04-27 08:30:00,239.0,239.0,239.0,239.0,28586.05603011
2020-04-27 08:31:00,239.0,239.0,239.0,239.0,14228.42732534
2020-04-27 08:32:00,239.0,239.0,239.0,239.0,69.94351464
2020-04-27 08:33:00,238.0,238.0,238.0,238.0,700.0
2020-04-27 08:34:00,239.0,239.0,239.0,239.0,610.17514255
2020-04-27 08:35:00,239.0,239.0,238.0,238.0,3625.97130732
2020-04-27 08:36:00,238.0,238.0,238.0,238.0,1194.5103825
2020-04-27 08:37:00,239.0,239.0,238.0,239.0,18834.94704875
2020-04-27 08:38:00,239.0,239.0,238.0,239.0,28914.5459133
2020-04-27 08:39:00,239.0,240.0,239.0,240.0,665376.6404194
2020-04-27 08:40:00,240.0,240.0,240.0,240.0,62018.35735776
2020-04-27 08:41:00,240.0,240.0,239.0,239.0,177332.98728575
2020-04-27 08:42:00,240.0,240.0,240.0,240.0,37865.57554555
2020-04-27 08:43:00,240.0,240.0,239.0,239.0,124848.55535094
2020-04-27 08:44:00,239.0,240.0,239.0,239.0,3620.1863007
2020-04-27 08:45:00,239.0,239.0,239.0,239.0,127368.62608259
2020-04-27 08:46:00,239.0,240.0,239.0,239.0,95489.12252732
2020-04-27 08:47:00,240.0,240.0,239.0,239.0,8767.56865768
2020-04-27 08:48:00,239.0,240.0,239.0,239.0,213197.03650887
2020-04-27 08:49:00,239.0,239.0,239.0,239.0,1777.76724286
2020-04-27 08:50:00,239.0,239.0,239.0,239.0,654.89844328
2020-04-27 08:51:00,240.0,240.0,239.0,239.0,3604.59520103
2020-04-27 08:52:00,239.0,239.0,239.0,239.0,5347.58093527
2020-04-27 08:53:00,239.0,240.0,239.0,240.0,13786.54356707
2020-04-27 08:54:00,239.0,239.0,239.0,239.0,53810.76889869
2020-04-27 08:55:00,239.0,240.0,239.0,239.0,33796.87239713
2020-04-27 08:56:00,239.0,239.0,239.0,239.0,9905.19315972
2020-04-27 08:57:00,239.0,239.0,239.0,239.0,61992.62093414
2020-04-27 08:58:00,239.0,239.0,239.0,239.0,294194.40136592
2020-04-27 08:59:00,238.0,240.0,238.0,240.0,326461.80855272
2020-04-27 17:16:00,241.0,241.0,240.0,241.0,12774.55490017
2020-04-27 17:17:00,241.0,241.0,240.0,241.0,166.14073906
2020-04-27 17:18:00,241.0,241.0,241.0,241.0,5167.23266167
2020-04-27 17:19:00,241.0,241.0,241.0,241.0,29884.03458644
2020-04-27 17:20:00,241.0,241.0,240.0,241.0,64171.72053605
2020-04-27 17:22:00,241.0,241.0,240.0,240.0,6952.31372488
2020-04-27 17:23:00,240.0,240.0,240.0,240.0,20754.1213
2020-04-27 17:24:00,240.0,240.0,240.0,240.0,12399.8286
2020-04-27 17:26:00,241.0,241.0,240.0,240.0,20372.2946058
2020-04-27 17:27:00,240.0,241.0,240.0,241.0,5182.59557864
2020-04-27 17:28:00,240.0,241.0,240.0,241.0,1040.63120491
2020-04-27 17:29:00,241.0,241.0,240.0,241.0,23428.56473067
2020-04-27 17:30:00,241.0,241.0,241.0,241.0,8166.97510372
2020-04-27 17:32:00,241.0,241.0,241.0,241.0,82.98755186
2020-04-27 17:33:00,241.0,241.0,240.0,240.0,84544.75163302
2020-04-27 17:34:00,240.0,240.0,240.0,240.0,335061.8417836
2020-04-27 17:35:00,240.0,241.0,239.0,239.0,195847.72304344
2020-04-27 17:36:00,239.0,240.0,239.0,240.0,2399.47376366
2020-04-27 17:37:00,240.0,240.0,239.0,239.0,800.0
2020-04-27 17:38:00,239.0,239.0,239.0,239.0,1000.0
2020-04-27 17:39:00,240.0,240.0,239.0,239.0,3164.58760649
2020-04-27 17:40:00,240.0,240.0,240.0,240.0,1001.6710603
2020-04-27 17:41:00,240.0,240.0,239.0,239.0,142.56878531
2020-04-27 17:42:00,239.0,239.0,239.0,239.0,1065.10407562
2020-04-27 17:43:00,240.0,240.0,239.0,239.0,31129.70328689
2020-04-27 17:44:00,239.0,240.0,239.0,240.0,31709.9960478
2020-04-27 17:46:00,239.0,240.0,239.0,240.0,2599.42458569
2020-04-27 17:47:00,240.0,240.0,239.0,239.0,7737.19669432
2020-04-27 17:48:00,239.0,240.0,239.0,240.0,5614.18268878
2020-04-27 17:49:00,239.0,240.0,239.0,240.0,106.0
2020-04-27 17:50:00,240.0,240.0,240.0,240.0,26.833333
2020-04-27 17:51:00,240.0,240.0,239.0,240.0,14611.19282029
2020-04-27 17:52:00,240.0,240.0,240.0,240.0,6.0
2020-04-27 17:53:00,240.0,240.0,239.0,240.0,12061.16408462
2020-04-27 17:54:00,240.0,240.0,240.0,240.0,3.0
2020-04-27 17:55:00,239.0,240.0,239.0,240.0,5736.44401755
2020-04-27 17:56:00,239.0,239.0,239.0,239.0,1901.023999
2020-04-27 17:57:00,240.0,240.0,240.0,240.0,13607.06354166
2020-04-27 17:58:00,240.0,240.0,240.0,240.0,56333.30081104
2020-04-27 17:59:00,239.0,239.0,239.0,239.0,6197.0
2020-04-27 18:00:00,239.0,240.0,239.0,239.0,153132.37115342
2020-04-27 18:01:00,240.0,240.0,240.0,240.0,20833.33333333
2020-04-27 18:03:00,239.0,239.0,239.0,239.0,2036.738
2020-04-27 18:04:00,240.0,240.0,239.0,239.0,7250.0
2020-04-27 18:05:00,239.0,239.0,239.0,239.0,450.0
2020-04-27 18:06:00,240.0,240.0,239.0,239.0,503.0
2020-04-27 18:07:00,240.0,240.0,239.0,239.0,23985.48960626
2020-04-27 18:08:00,239.0,239.0,239.0,239.0,1328.30593219
2020-04-27 18:09:00,239.0,239.0,239.0,239.0,1679.19371121
2020-04-27 18:10:00,239.0,240.0,239.0,239.0,34630.80226194
2020-04-27 18:11:00,239.0,240.0,239.0,240.0,16370.4213
2020-04-27 18:12:00,240.0,240.0,240.0,240.0,541.50395993
2020-04-27 18:14:00,239.0,239.0,239.0,239.0,13620.68965517
2020-04-27 18:15:00,239.0,239.0,239.0,239.0,16917.28521443
2020-04-27 18:16:00,239.0,239.0,239.0,239.0,2982.5551598
2020-04-27 18:17:00,240.0,240.0,240.0,240.0,3.0
2020-04-27 18:18:00,240.0,240.0,239.0,239.0,18516.53197419
2020-04-27 18:19:00,240.0,240.0,239.0,240.0,7169.66666666
2020-04-27 18:20:00,240.0,240.0,240.0,240.0,38821.4267866
2020-04-27 18:21:00,240.0,240.0,240.0,240.0,3805.85957021
2020-04-27 18:22:00,240.0,240.0,240.0,240.0,15911.33333333
2020-04-27 18:23:00,240.0,240.0,239.0,239.0,741.75327924
2020-04-27 18:26:00,239.0,239.0,239.0,239.0,1209.78984192
2020-04-27 18:27:00,240.0,240.0,240.0,240.0,34695.12477094
2020-04-27 18:29:00,239.0,240.0,239.0,240.0,248967.32917081
2020-04-27 18:30:00,240.0,240.0,240.0,240.0,10955.23488255
2020-04-27 18:32:00,240.0,240.0,239.0,239.0,37563.25125
2020-04-27 18:34:00,239.0,240.0,239.0,240.0,162910.74447556
2020-04-27 18:35:00,240.0,240.0,240.0,240.0,32270.81975573
2020-04-27 18:36:00,240.0,240.0,239.0,240.0,15817.05655239
2020-04-27 18:37:00,239.0,239.0,239.0,239.0,6.0
2020-04-27 18:38:00,240.0,240.0,240.0,240.0,118.21589205
2020-04-27 18:39:00,240.0,240.0,240.0,240.0,88705.02950711
2020-04-27 18:40:00,240.0,240.0,240.0,240.0,158109.7784441
2020-04-27 18:41:00,240.0,240.0,239.0,239.0,41785.74646009
2020-04-27 18:42:00,239.0,240.0,239.0,240.0,328020.86944808
2020-04-27 18:43:00,239.0,240.0,239.0,240.0,24438.97134764
2020-04-27 18:44:00,240.0,240.0,240.0,240.0,2181.70537142
2020-04-27 18:45:00,240.0,241.0,240.0,241.0,4080.35736281
2020-04-27 18:46:00,240.0,240.0,240.0,240.0,13488.5869
2020-04-27 18:47:00,240.0,240.0,240.0,240.0,6097.67897355
2020-04-27 18:48:00,240.0,241.0,240.0,240.0,308292.90962589
2020-04-27 18:49:00,239.0,240.0,239.0,239.0,12973.590837
2020-04-27 18:50:00,240.0,240.0,239.0,240.0,6124.3165
2020-04-27 18:51:00,239.0,240.0,239.0,240.0,6640.49267853
2020-04-27 18:53:00,240.0,240.0,240.0,240.0,54.0
2020-04-27 18:54:00,240.0,241.0,240.0,241.0,1361.92168934
2020-04-27 18:56:00,241.0,241.0,240.0,240.0,2435.23878265
2020-04-27 18:57:00,241.0,241.0,240.0,240.0,66.0
2020-04-27 18:58:00,241.0,241.0,241.0,241.0,9.0
2020-04-27 18:59:00,241.0,241.0,240.0,240.0,64291.92161801
2020-04-27 19:00:00,240.0,241.0,240.0,241.0,123.35634314
2020-04-27 19:01:00,240.0,240.0,240.0,240.0,8774.44170026
2020-04-27 19:02:00,240.0,241.0,239.0,239.0,134226.4464595
2020-04-27 19:03:00,240.0,240.0,239.0,239.0,70356.37003666
2020-04-27 19:04:00,239.0,240.0,239.0,240.0,26721.1657944
2020-04-27 19:05:00,239.0,239.0,239.0,239.0,18.0
2020-04-27 19:06:00,239.0,239.0,239.0,239.0,44569.0458
2020-04-27 19:08:00,239.0,239.0,239.0,239.0,23588.1392637
2020-04-27 19:09:00,239.0,239.0,239.0,239.0,6262.598333
2020-04-27 19:10:00,239.0,239.0,239.0,239.0,2368.14713569
2020-04-27 19:11:00,240.0,240.0,240.0,240.0,3331.66749958
2020-04-27 19:12:00,240.0,240.0,240.0,240.0,50664.7884391
2020-04-27 19:13:00,239.0,239.0,239.0,239.0,61.69474106
2020-04-27 19:14:00,239.0,240.0,239.0,239.0,9069.427261
2020-04-27 19:15:00,240.0,240.0,240.0,240.0,211.22916666
2020-04-27 19:16:00,239.0,240.0,239.0,239.0,17402.92227794
2020-04-27 19:19:00,240.0,240.0,239.0,239.0,857.02215558
2020-04-27 19:20:00,240.0,240.0,239.0,239.0,5148.873266
2020-04-27 19:21:00,240.0,240.0,240.0,240.0,15316.19958833
2020-04-27 19:22:00,239.0,240.0,239.0,239.0,21679.90551228
2020-04-27 19:23:00,240.0,240.0,240.0,240.0,114240.90859177
2020-04-27 19:24:00,240.0,240.0,240.0,240.0,3898.7639342
2020-04-27 19:25:00,240.0,240.0,240.0,240.0,114225.06833806
2020-04-27 19:26:00,240.0,240.0,239.0,239.0,12762.82214646
2020-04-27 19:27:00,239.0,240.0,239.0,239.0,20040.9498805
2020-04-27 19:28:00,240.0,240.0,240.0,240.0,45637.02393352
2020-04-27 19:29:00,240.0,240.0,239.0,240.0,6150.4903112
2020-04-27 19:30:00,240.0,240.0,239.0,239.0,4544.37791692
2020-04-27 19:31:00,240.0,240.0,239.0,239.0,7580.17158087
2020-04-27 19:32:00,239.0,240.0,239.0,239.0,9756.702868
2020-04-27 19:33:00,240.0,240.0,239.0,239.0,92.6
2020-04-27 19:34:00,239.0,240.0,239.0,240.0,6.0
2020-04-27 19:35:00,240.0,240.0,239.0,239.0,7017.34654973
2020-04-27 19:36:00,240.0,240.0,239.0,239.0,9485.7557
2020-04-27 19:37:00,240.0,240.0,240.0,240.0,23133.36315374
2020-04-27 19:38:00,240.0,240.0,240.0,240.0,83.33333333
2020-04-27 19:39:00,239.0,240.0,239.0,240.0,1409.87807528
2020-04-27 19:40:00,240.0,240.0,239.0,239.0,963.976827
2020-04-27 19:41:00,240.0,240.0,240.0,240.0,100511.46093619
2020-04-27 19:42:00,239.0,240.0,239.0,240.0,3117.63515471
2020-04-27 19:43:00,239.0,239.0,239.0,239.0,8076.57792735
2020-04-27 19:44:00,239.0,239.0,239.0,239.0,103.0
2020-04-27 19:45:00,240.0,240.0,239.0,239.0,3927.01872266
2020-04-27 19:46:00,240.0,240.0,240.0,240.0,3.0
2020-04-27 19:48:00,239.0,240.0,239.0,240.0,14363.7045327
2020-04-27 19:49:00,240.0,240.0,240.0,240.0,717.86606696
2020-04-27 19:50:00,240.0,240.0,240.0,240.0,9093.76561719
2020-04-27 19:51:00,240.0,240.0,240.0,240.0,18463.02653198
2020-04-27 19:52:00,240.0,240.0,240.0,240.0,50.0
2020-04-27 19:53:00,240.0,240.0,239.0,239.0,26882.85006349
2020-04-27 19:54:00,239.0,240.0,239.0,240.0,16968.58877585
2020-04-27 19:55:00,240.0,240.0,240.0,240.0,5.59720139
2020-04-27 19:56:00,240.0,240.0,240.0,240.0,3100.0
2020-04-27 19:57:00,240.0,240.0,240.0,240.0,10.0
2020-04-27 19:58:00,240.0,240.0,240.0,240.0,32643.53031244
2020-04-27 19:59:00,240.0,240.0,240.0,240.0,31414.94916666
2020-04-27 20:00:00,240.0,240.0,240.0,240.0,24637.78020728
2020-04-27 20:02:00,240.0,240.0,239.0,239.0,133.833333
2020-04-27 20:03:00,239.0,240.0,239.0,240.0,202820.82111632
2020-04-27 20:04:00,240.0,240.0,240.0,240.0,112470.30474144
2020-04-27 20:05:00,240.0,240.0,239.0,239.0,11582.39860233
2020-04-27 20:06:00,239.0,239.0,239.0,239.0,68052.364904
2020-04-27 20:07:00,239.0,240.0,239.0,240.0,18082.2022322
2020-04-27 20:08:00,239.0,239.0,239.0,239.0,771.51698924
2020-04-27 20:09:00,240.0,240.0,240.0,240.0,166.66666666
2020-04-27 20:10:00,239.0,239.0,239.0,239.0,2324.95149027
2020-04-27 20:12:00,240.0,240.0,240.0,240.0,4400.9037148
2020-04-27 20:13:00,240.0,240.0,239.0,239.0,3223.96791633
2020-04-27 20:15:00,239.0,240.0,239.0,240.0,38806.9296768
2020-04-27 20:16:00,240.0,240.0,240.0,240.0,5870.52853634
2020-04-27 20:17:00,239.0,239.0,239.0,239.0,3.0
2020-04-27 20:18:00,240.0,240.0,239.0,239.0,11557.06791178
2020-04-27 20:19:00,240.0,240.0,239.0,239.0,4722.9397728
2020-04-27 20:20:00,239.0,239.0,239.0,239.0,3218.47059663
2020-04-27 20:21:00,239.0,239.0,239.0,239.0,4219.4092827
2020-04-27 20:23:00,239.0,240.0,239.0,239.0,23336.27114784
2020-04-27 20:24:00,239.0,239.0,239.0,239.0,25916.0
2020-04-27 20:25:00,240.0,240.0,240.0,240.0,8329.16874895
2020-04-27 20:26:00,240.0,240.0,239.0,239.0,26636.44492904
2020-04-27 20:27:00,240.0,240.0,240.0,240.0,416.20173246
2020-04-27 20:28:00,240.0,240.0,240.0,240.0,119.99416958
2020-04-27 20:29:00,239.0,240.0,239.0,240.0,2219.28141363
2020-04-27 20:30:00,239.0,240.0,239.0,240.0,7166.90539932
2020-04-27 20:31:00,239.0,239.0,239.0,239.0,925.433
2020-04-27 20:32:00,240.0,240.0,240.0,240.0,12779.99899999
2020-04-27 20:33:00,240.0,240.0,239.0,239.0,14814.12275034
2020-04-27 20:34:00,240.0,240.0,239.0,240.0,110792.41373347
2020-04-27 20:35:00,240.0,240.0,239.0,239.0,130173.96781783
2020-04-27 20:36:00,239.0,241.0,239.0,241.0,94234.3810699
2020-04-27 20:37:00,241.0,241.0,241.0,241.0,554.92531116
2020-04-27 20:38:00,241.0,241.0,240.0,241.0,523.77788147
2020-04-27 20:39:00,241.0,241.0,241.0,241.0,4159.34656316
2020-04-27 20:40:00,241.0,241.0,240.0,241.0,12280.19118241
2020-04-27 20:41:00,241.0,241.0,240.0,241.0,7350.26308829
2020-04-27 20:42:00,241.0,241.0,241.0,241.0,998.85062232
2020-04-27 20:44:00,241.0,241.0,241.0,241.0,1000.0
2020-04-27 20:46:00,241.0,241.0,241.0,241.0,38323.92310071
2020-04-27 20:47:00,240.0,240.0,240.0,240.0,11877.0
2020-04-27 20:48:00,241.0,241.0,241.0,241.0,10580.91286307
2020-04-27 20:49:00,241.0,241.0,240.0,240.0,450.73039413
2020-04-27 20:51:00,240.0,240.0,240.0,240.0,10287.26763485
2020-04-27 20:52:00,241.0,241.0,240.0,240.0,492.92956
2020-04-27 20:53:00,241.0,241.0,241.0,241.0,3.0
2020-04-27 20:54:00,240.0,241.0,240.0,241.0,93782.38284042
2020-04-27 20:55:00,241.0,241.0,241.0,241.0,3443.42710075
2020-04-27 20:56:00,240.0,240.0,240.0,240.0,7429.0
2020-04-27 20:57:00,241.0,241.0,241.0,241.0,732.75602865
2020-04-27 20:58:00,240.0,241.0,240.0,241.0,16824.53551323
2020-04-27 20:59:00,241.0,241.0,241.0,241.0,432.51403343
2020-04-28 04:15:00,238.0,238.0,238.0,238.0,2.12182044
2020-04-28 04:25:00,239.0,239.0,239.0,239.0,8726.59904357
2020-04-28 04:28:00,238.0,238.0,238.0,238.0,2.13084946
2020-04-28 04:32:00,238.0,238.0,238.0,238.0,1470.91790239
2020-04-28 04:35:00,238.0,238.0,238.0,238.0,10000.0
2020-04-28 04:39:00,239.0,239.0,239.0,239.0,4182.0094137
2020-04-28 04:41:00,238.0,238.0,238.0,238.0,2.11286761
2020-04-28 04:42:00,239.0,239.0,239.0,239.0,4682.12343096
2020-04-28 04:43:00,238.0,238.0,238.0,238.0,2.11286761
2020-04-28 04:50:00,238.0,238.0,238.0,238.0,1429.24606092
2020-04-28 04:54:00,239.0,239.0,239.0,239.0,62.7301412
2020-04-28 04:56:00,239.0,239.0,239.0,239.0,9446.13258224
2020-04-28 04:57:00,239.0,239.0,239.0,239.0,16728.03765481
2020-04-28 05:00:00,239.0,239.0,239.0,239.0,602.08389529
2020-04-28 05:01:00,239.0,239.0,239.0,239.0,483.932062
2020-04-28 05:03:00,238.0,238.0,238.0,238.0,111.3275
2020-04-28 05:04:00,238.0,238.0,238.0,238.0,8569.0
2020-04-28 05:05:00,239.0,239.0,239.0,239.0,9434.83906582
2020-04-28 05:09:00,239.0,239.0,239.0,239.0,5226.88075313
2020-04-28 05:11:00,239.0,239.0,239.0,239.0,6670.82776603
2020-04-28 05:12:00,239.0,239.0,239.0,239.0,20.920502
2020-04-28 05:13:00,239.0,239.0,239.0,239.0,1354.2893825
2020-04-28 05:17:00,239.0,239.0,239.0,239.0,13987.08158995
2020-04-28 05:23:00,239.0,239.0,239.0,239.0,20.920502
2020-04-28 05:26:00,239.0,239.0,239.0,239.0,800.0
2020-04-28 05:29:00,239.0,239.0,239.0,239.0,8.36146443
2020-04-28 05:31:00,239.0,239.0,239.0,239.0,4383.56485355
2020-04-28 05:33:00,239.0,239.0,239.0,239.0,8364.0167364
2020-04-28 05:34:00,239.0,239.0,239.0,239.0,20.920502
2020-04-28 05:35:00,239.0,239.0,239.0,239.0,835.98368179
2020-04-28 05:40:00,239.0,239.0,239.0,239.0,4487.08700043
2020-04-28 05:45:00,239.0,239.0,239.0,239.0,20.920502
2020-04-28 05:46:00,239.0,239.0,239.0,239.0,112.0
2020-04-28 05:48:00,239.0,239.0,239.0,239.0,313.80753138
2020-04-28 05:49:00,239.0,239.0,238.0,238.0,49804.96875793
2020-04-28 05:50:00,238.0,238.0,238.0,238.0,10000.0
2020-04-28 05:52:00,239.0,239.0,238.0,238.0,36174.0993189
2020-04-28 05:53:00,239.0,239.0,239.0,239.0,21.0
2020-04-28 05:56:00,239.0,239.0,239.0,239.0,20.920502
2020-04-28 05:58:00,239.0,239.0,239.0,239.0,849.37238493
2020-04-28 05:59:00,239.0,239.0,239.0,239.0,309.32232628
2020-04-28 06:00:00,239.0,239.0,239.0,239.0,1576.3248083
2020-04-28 06:01:00,239.0,239.0,239.0,239.0,521.21219724
2020-04-28 06:03:00,238.0,238.0,238.0,238.0,111.3275
2020-04-28 06:04:00,238.0,238.0,238.0,238.0,21873.36432
2020-04-28 06:07:00,239.0,239.0,239.0,239.0,100020.920502
2020-04-28 06:08:00,239.0,239.0,239.0,239.0,147385.45998967
2020-04-28 06:09:00,239.0,239.0,239.0,239.0,2092.0502092
2020-04-28 06:10:00,239.0,239.0,239.0,239.0,31.6787213
2020-04-28 06:13:00,239.0,239.0,239.0,239.0,12532.06032966
2020-04-28 06:14:00,239.0,239.0,239.0,239.0,8364.0188274
2020-04-28 06:15:00,239.0,239.0,239.0,239.0,5000.0
2020-04-28 06:16:00,239.0,239.0,239.0,239.0,418.41004184
2020-04-28 06:17:00,239.0,239.0,239.0,239.0,5079.91610886
2020-04-28 06:18:00,239.0,239.0,239.0,239.0,1692.46966465
2020-04-28 06:19:00,239.0,239.0,239.0,239.0,14302.30125523
2020-04-28 06:20:00,239.0,239.0,238.0,239.0,17.0
2020-04-28 06:21:00,239.0,239.0,238.0,239.0,11559.32217573
2020-04-28 06:22:00,239.0,239.0,239.0,239.0,3.0
2020-04-28 06:23:00,239.0,239.0,239.0,239.0,502.09205016
2020-04-28 06:24:00,239.0,239.0,239.0,239.0,3000.0
2020-04-28 06:26:00,238.0,238.0,238.0,238.0,2.14529915
2020-04-28 06:29:00,239.0,239.0,238.0,238.0,85.8365148
2020-04-28 06:30:00,239.0,239.0,239.0,239.0,60347.01673639
2020-04-28 06:31:00,239.0,239.0,238.0,239.0,1619.41517361
2020-04-28 06:33:00,239.0,239.0,238.0,238.0,6507.70722912
2020-04-28 06:34:00,239.0,239.0,239.0,239.0,13965.30935975
2020-04-28 06:35:00,238.0,238.0,238.0,238.0,2.14529915
2020-04-28 06:36:00,239.0,239.0,238.0,239.0,56391.37412257
2020-04-28 06:37:00,239.0,239.0,238.0,239.0,106950.12334853
2020-04-28 06:38:00,238.0,239.0,238.0,239.0,1425.30931624
2020-04-28 06:39:00,239.0,239.0,239.0,239.0,11809.22181899
2020-04-28 06:40:00,239.0,239.0,239.0,239.0,11199.98350136
2020-04-28 06:42:00,239.0,239.0,239.0,239.0,1260.50420168
2020-04-28 06:44:00,239.0,239.0,239.0,239.0,105.515992
2020-04-28 06:45:00,239.0,239.0,239.0,239.0,212000.0
2020-04-28 06:48:00,239.0,239.0,239.0,239.0,100000.0
2020-04-28 06:49:00,239.0,239.0,239.0,239.0,23418.68799268
2020-04-28 06:51:00,240.0,240.0,239.0,240.0,81905.02991329
2020-04-28 06:52:00,239.0,239.0,239.0,239.0,40097.0114228
2020-04-28 06:53:00,239.0,239.0,239.0,239.0,53580.69896316
2020-04-28 06:54:00,240.0,240.0,239.0,239.0,20010.2
2020-04-28 06:55:00,239.0,239.0,238.0,239.0,21681.48227943
2020-04-28 06:56:00,239.0,239.0,239.0,239.0,30410.460936
2020-04-28 06:57:00,239.0,240.0,238.0,239.0,103150.16798865
2020-04-28 06:58:00,239.0,239.0,239.0,239.0,90002.19736843
2020-04-28 06:59:00,239.0,239.0,239.0,239.0,72372.19096615
2020-04-28 07:00:00,239.0,239.0,238.0,239.0,93948.07088498
2020-04-28 07:01:00,239.0,239.0,239.0,239.0,31397.63297364
2020-04-28 07:02:00,239.0,239.0,239.0,239.0,6778.60652323
2020-04-28 07:03:00,239.0,239.0,239.0,239.0,23002.38795061
2020-04-28 07:04:00,239.0,239.0,239.0,239.0,1555.75576801
2020-04-28 07:06:00,239.0,239.0,239.0,239.0,40.668875
2020-04-28 07:07:00,239.0,239.0,239.0,239.0,1050.0
2020-04-28 07:08:00,240.0,240.0,239.0,239.0,24256.16200055
2020-04-28 07:09:00,239.0,240.0,239.0,240.0,6467.15670995
2020-04-28 07:10:00,240.0,240.0,240.0,240.0,59416.78916665
2020-04-28 07:11:00,239.0,239.0,239.0,239.0,290000.0
2020-04-28 07:12:00,239.0,239.0,239.0,239.0,15541.39822133
2020-04-28 07:13:00,239.0,239.0,239.0,239.0,57003.19829549
2020-04-28 07:15:00,239.0,239.0,239.0,239.0,47043.7136204
2020-04-28 07:16:00,239.0,239.0,238.0,238.0,21944.73723569
2020-04-28 07:17:00,239.0,239.0,238.0,239.0,11119.58194542
2020-04-28 07:18:00,239.0,239.0,239.0,239.0,25492.81678784
2020-04-28 07:19:00,239.0,239.0,239.0,239.0,95306.77351631
2020-04-28 07:20:00,239.0,239.0,239.0,239.0,164104.06206439
2020-04-28 07:21:00,238.0,239.0,238.0,239.0,51260.55524075
2020-04-28 07:22:00,239.0,239.0,239.0,239.0,55796.4622662
2020-04-28 07:23:00,239.0,240.0,239.0,240.0,75942.1570016
2020-04-28 07:24:00,240.0,240.0,239.0,239.0,3089.08276417
2020-04-28 07:25:00,239.0,239.0,239.0,239.0,20000.0
2020-04-28 07:26:00,239.0,239.0,239.0,239.0,774.66327515
2020-04-28 07:27:00,239.0,239.0,239.0,239.0,2145.27258621
2020-04-28 07:28:00,239.0,239.0,239.0,239.0,111.943105
2020-04-28 07:30:00,239.0,240.0,239.0,240.0,640.77559272
2020-04-28 07:31:00,239.0,240.0,239.0,240.0,10066.86883117
2020-04-28 07:32:00,240.0,240.0,239.0,239.0,243.15008116
2020-04-28 07:33:00,239.0,239.0,239.0,239.0,4124.2944
2020-04-28 07:34:00,239.0,239.0,239.0,239.0,160376.41504532
2020-04-28 07:35:00,239.0,239.0,239.0,239.0,166572.97005356
2020-04-28 07:36:00,239.0,239.0,239.0,239.0,2120.0
2020-04-28 07:37:00,239.0,239.0,239.0,239.0,5619.13875092
2020-04-28 07:38:00,240.0,240.0,240.0,240.0,4896.28102615
2020-04-28 07:39:00,239.0,239.0,239.0,239.0,2.09518671
2020-04-28 07:40:00,240.0,240.0,239.0,240.0,46967.3961582
2020-04-28 07:41:00,240.0,240.0,239.0,239.0,6251.61980619
2020-04-28 07:42:00,240.0,240.0,239.0,239.0,8952.09882017
2020-04-28 07:43:00,239.0,239.0,239.0,239.0,44796.79802006
2020-04-28 07:44:00,240.0,240.0,240.0,240.0,50.0
2020-04-28 07:45:00,239.0,239.0,239.0,239.0,2.16883117
2020-04-28 07:46:00,240.0,240.0,239.0,239.0,450963.3071675
2020-04-28 07:47:00,240.0,240.0,239.0,240.0,641221.39209323
2020-04-28 07:48:00,241.0,241.0,240.0,240.0,15081.27896087
2020-04-28 07:49:00,240.0,240.0,240.0,240.0,65606.43753655
2020-04-28 07:50:00,240.0,240.0,240.0,240.0,23104.77941176
2020-04-28 07:51:00,241.0,241.0,240.0,240.0,11010.35652174
2020-04-28 07:53:00,240.0,240.0,240.0,240.0,40000.0
2020-04-28 07:54:00,241.0,241.0,240.0,240.0,5953.16461836
2020-04-28 07:55:00,241.0,241.0,240.0,240.0,16874.4467645
2020-04-28 07:56:00,241.0,241.0,240.0,241.0,35929.32552466
2020-04-28 07:57:00,241.0,241.0,240.0,240.0,3553.6675541
2020-04-28 07:58:00,240.0,241.0,240.0,240.0,86348.69304325
2020-04-28 07:59:00,241.0,241.0,240.0,240.0,25347.31583157
2020-04-28 08:00:00,240.0,241.0,240.0,241.0,290714.00991446
2020-04-28 08:01:00,241.0,241.0,241.0,241.0,24686.67949516
2020-04-28 08:02:00,241.0,241.0,241.0,241.0,750.98550304
2020-04-28 08:03:00,240.0,241.0,240.0,241.0,42601.1495875
2020-04-28 08:04:00,241.0,241.0,240.0,241.0,44055.43496163
2020-04-28 08:05:00,240.0,241.0,240.0,241.0,40004.55064771
2020-04-28 08:06:00,241.0,241.0,241.0,241.0,21651.56865304
2020-04-28 08:07:00,241.0,241.0,241.0,241.0,750.91286303
2020-04-28 08:08:00,241.0,241.0,241.0,241.0,850.62240667
2020-04-28 08:09:00,240.0,240.0,240.0,240.0,40323.9768
2020-04-28 08:11:00,240.0,240.0,240.0,240.0,5216.49750105
2020-04-28 08:13:00,240.0,240.0,240.0,240.0,140379.0601065
2020-04-28 08:14:00,240.0,240.0,240.0,240.0,37596.80332419
2020-04-28 08:15:00,240.0,240.0,240.0,240.0,1313.79253112
2020-04-28 08:16:00,240.0,240.0,240.0,240.0,425.10805084
2020-04-28 08:17:00,240.0,241.0,240.0,240.0,11237.00414949
2020-04-28 08:18:00,241.0,241.0,241.0,241.0,21278.57224458
2020-04-28 08:19:00,241.0,241.0,241.0,241.0,20.746888
2020-04-28 08:20:00,240.0,240.0,240.0,240.0,12078.5288
2020-04-28 08:21:00,240.0,241.0,240.0,241.0,1966.78260039
2020-04-28 08:22:00,240.0,241.0,240.0,241.0,72412.67369561
2020-04-28 08:23:00,241.0,241.0,241.0,241.0,11415.0632049
2020-04-28 08:25:00,240.0,240.0,240.0,240.0,2909.74391964
2020-04-28 08:26:00,240.0,241.0,240.0,240.0,50302.55713309
2020-04-28 08:27:00,240.0,240.0,240.0,240.0,77660.2557339
2020-04-28 08:28:00,240.0,241.0,240.0,241.0,17214.13413803
2020-04-28 08:29:00,241.0,241.0,241.0,241.0,1244.813278
2020-04-28 08:30:00,241.0,241.0,241.0,241.0,25.746888
2020-04-28 08:31:00,240.0,240.0,240.0,240.0,9300.0
2020-04-28 08:32:00,240.0,240.0,240.0,240.0,57001.26089347
2020-04-28 08:33:00,240.0,240.0,240.0,240.0,802.4647405
2020-04-28 08:34:00,240.0,240.0,240.0,240.0,3110.0
2020-04-28 08:35:00,240.0,240.0,240.0,240.0,27294.50738065
2020-04-28 08:36:00,240.0,240.0,240.0,240.0,86510.13058935
2020-04-28 08:37:00,240.0,241.0,240.0,240.0,9305.14638945
2020-04-28 08:38:00,241.0,241.0,241.0,241.0,498468.93980394
2020-04-28 08:39:00,241.0,241.0,240.0,241.0,60782.30697927
2020-04-28 08:40:00,241.0,241.0,241.0,241.0,6964.72298912
2020-04-28 08:41:00,241.0,241.0,241.0,241.0,17373.54403152
2020-04-28 08:42:00,241.0,241.0,240.0,240.0,5497.53245519
2020-04-28 08:43:00,240.0,240.0,240.0,240.0,6.11279487
2020-04-28 08:44:00,241.0,241.0,241.0,241.0,2745.7099585
2020-04-28 08:45:00,241.0,241.0,240.0,241.0,36990.81283939
2020-04-28 08:46:00,241.0,241.0,241.0,241.0,4356.84647302
2020-04-28 08:47:00,241.0,241.0,241.0,241.0,41713.77593361
2020-04-28 08:48:00,241.0,241.0,240.0,240.0,4735.37658229
2020-04-28 08:49:00,240.0,240.0,240.0,240.0,1592.70921759
2020-04-28 08:50:00,240.0,240.0,240.0,240.0,1845.21592017
2020-04-28 08:51:00,241.0,241.0,241.0,241.0,1313.81197368
2020-04-28 08:52:00,241.0,241.0,241.0,241.0,258.11208506
2020-04-28 08:53:00,241.0,241.0,241.0,241.0,8659.17261409
2020-04-28 08:54:00,241.0,241.0,241.0,241.0,56734.93377634
2020-04-28 08:55:00,241.0,241.0,241.0,241.0,500.0
2020-04-28 08:56:00,241.0,241.0,241.0,241.0,1566.73993758
2020-04-28 08:57:00,241.0,241.0,240.0,240.0,13047.0660935
2020-04-28 08:58:00,241.0,241.0,241.0,241.0,10976.17419836
2020-04-28 08:59:00,240.0,241.0,240.0,241.0,33983.78051605
2020-04-28 17:23:00,239.0,240.0,239.0,240.0,941.66666666
2020-04-28 17:24:00,239.0,240.0,239.0,240.0,7795.37758245
2020-04-28 17:25:00,240.0,240.0,240.0,240.0,6663.54322836
2020-04-28 17:30:00,240.0,240.0,239.0,239.0,24166.81932527
2020-04-28 17:32:00,240.0,240.0,240.0,240.0,1299.35
2020-04-28 17:34:00,240.0,240.0,240.0,240.0,7.0
2020-04-28 17:35:00,240.0,240.0,239.0,239.0,8803.6125
2020-04-28 17:36:00,239.0,239.0,239.0,239.0,10310.70126333
2020-04-28 17:37:00,240.0,240.0,240.0,240.0,252.99999999
2020-04-28 17:38:00,240.0,240.0,240.0,240.0,583.33333333
2020-04-28 17:39:00,240.0,240.0,240.0,240.0,2177.19454852
2020-04-28 17:41:00,240.0,240.0,240.0,240.0,23.99999967
2020-04-28 17:43:00,240.0,240.0,240.0,240.0,31298.54656004
2020-04-28 17:44:00,240.0,240.0,240.0,240.0,54139.59686823
2020-04-28 17:45:00,240.0,240.0,239.0,240.0,69113.3322335
2020-04-28 17:46:00,239.0,239.0,239.0,239.0,15185.15861666
2020-04-28 17:47:00,239.0,239.0,239.0,239.0,54.58125001
2020-04-28 17:48:00,239.0,240.0,239.0,239.0,50030.76682015
2020-04-28 17:49:00,240.0,240.0,240.0,240.0,1124.4375
2020-04-28 17:50:00,239.0,239.0,239.0,239.0,179.994338
2020-04-28 17:51:00,239.0,239.0,239.0,239.0,20920.50209204
2020-04-28 17:54:00,239.0,239.0,239.0,239.0,609.9194
2020-04-28 17:55:00,240.0,240.0,240.0,240.0,416.45843744
2020-04-28 17:56:00,240.0,240.0,240.0,240.0,41.66666666
2020-04-28 17:58:00,240.0,240.0,239.0,240.0,15179.3278114
2020-04-28 17:59:00,239.0,239.0,239.0,239.0,136.50711813
2020-04-28 18:01:00,239.0,240.0,239.0,240.0,3833.33333331
2020-04-28 18:02:00,240.0,240.0,240.0,240.0,4849.05880393
2020-04-28 18:03:00,240.0,240.0,240.0,240.0,1208.04568905
2020-04-28 18:04:00,239.0,239.0,239.0,239.0,1197.0
2020-04-28 18:05:00,240.0,240.0,240.0,240.0,8.66233549
2020-04-28 18:07:00,240.0,240.0,239.0,239.0,53810.37730437
2020-04-28 18:08:00,240.0,240.0,240.0,240.0,6040.52140596
2020-04-28 18:09:00,240.0,240.0,240.0,240.0,5864.93419956
2020-04-28 18:10:00,239.0,239.0,239.0,239.0,5308.65200308
2020-04-28 18:11:00,239.0,240.0,239.0,240.0,60954.24597895
2020-04-28 18:12:00,240.0,240.0,240.0,240.0,4664.33449941
2020-04-28 18:14:00,240.0,240.0,239.0,240.0,8198.26158386
2020-04-28 18:15:00,240.0,240.0,240.0,240.0,269208.03275733
2020-04-28 18:16:00,240.0,240.0,240.0,240.0,606553.91495825
2020-04-28 18:17:00,240.0,240.0,240.0,240.0,25928.91149864
2020-04-28 18:18:00,240.0,240.0,240.0,240.0,30514.00878012
2020-04-28 18:19:00,240.0,241.0,240.0,241.0,145841.51187511
2020-04-28 18:21:00,240.0,240.0,240.0,240.0,65360.68304584
2020-04-28 18:24:00,240.0,241.0,240.0,241.0,30583.47790346
2020-04-28 18:25:00,241.0,241.0,241.0,241.0,22768.24774225
2020-04-28 18:26:00,241.0,241.0,240.0,241.0,4984.89834018
2020-04-28 18:27:00,241.0,241.0,240.0,241.0,80535.02162937
2020-04-28 18:28:00,241.0,241.0,240.0,241.0,269174.31661049
2020-04-28 18:29:00,241.0,242.0,241.0,242.0,1339128.28541456
2020-04-28 18:30:00,242.0,242.0,242.0,242.0,165.28925618
2020-04-28 18:31:00,241.0,242.0,241.0,242.0,25968.75528781
2020-04-28 18:32:00,242.0,242.0,242.0,242.0,37238.339025
2020-04-28 18:33:00,242.0,243.0,242.0,243.0,892865.40785844
2020-04-28 18:34:00,243.0,243.0,243.0,243.0,1210554.53851976
2020-04-28 18:35:00,243.0,243.0,243.0,243.0,419371.69694277
2020-04-28 18:36:00,243.0,244.0,242.0,244.0,2668269.29099507
2020-04-28 18:37:00,244.0,247.0,244.0,246.0,2468188.45881784
2020-04-28 18:38:00,247.0,247.0,245.0,246.0,1670683.15944507
2020-04-28 18:39:00,246.0,247.0,246.0,247.0,854914.35910475
2020-04-28 18:40:00,247.0,247.0,246.0,246.0,1107481.84134303
2020-04-28 18:41:00,247.0,247.0,246.0,246.0,112043.71352748
2020-04-28 18:42:00,247.0,249.0,246.0,248.0,2380761.07117042
2020-04-28 18:43:00,248.0,249.0,247.0,248.0,745551.28548478
2020-04-28 18:44:00,249.0,249.0,248.0,248.0,648777.73882077
2020-04-28 18:45:00,248.0,250.0,248.0,250.0,685420.95276454
2020-04-28 18:46:00,249.0,250.0,248.0,249.0,705598.51964183
2020-04-28 18:47:00,250.0,250.0,248.0,248.0,291383.42856096
2020-04-28 18:48:00,249.0,249.0,247.0,247.0,718867.40730307
2020-04-28 18:49:00,247.0,249.0,247.0,249.0,238768.78030424
2020-04-28 18:50:00,249.0,249.0,248.0,249.0,579603.61811454
2020-04-28 18:51:00,249.0,249.0,248.0,249.0,66066.17812377
2020-04-28 18:52:00,249.0,249.0,248.0,248.0,190457.89622231
2020-04-28 18:53:00,248.0,250.0,248.0,249.0,756302.27831079
2020-04-28 18:54:00,250.0,250.0,248.0,249.0,671367.52078729
2020-04-28 18:55:00,249.0,250.0,249.0,250.0,636106.94993608
2020-04-28 18:56:00,250.0,251.0,249.0,251.0,1520241.24565657
2020-04-28 18:57:00,250.0,252.0,250.0,252.0,963478.19864687
2020-04-28 18:58:00,252.0,252.0,250.0,250.0,557399.40656605
2020-04-28 18:59:00,250.0,251.0,250.0,250.0,174178.32138199
2020-04-28 19:00:00,251.0,251.0,250.0,251.0,388232.87580008
2020-04-28 19:01:00,250.0,251.0,249.0,249.0,768607.77697445
2020-04-28 19:02:00,249.0,250.0,249.0,250.0,250834.6675867
2020-04-28 19:03:00,250.0,250.0,249.0,250.0,240982.97525598
2020-04-28 19:04:00,250.0,250.0,249.0,250.0,159424.06834091
2020-04-28 19:05:00,250.0,250.0,249.0,250.0,65339.54445197
2020-04-28 19:06:00,250.0,250.0,249.0,249.0,49991.16026418
2020-04-28 19:07:00,250.0,250.0,249.0,250.0,11525.91450109
2020-04-28 19:08:00,250.0,250.0,249.0,249.0,340732.80773784
2020-04-28 19:09:00,250.0,250.0,249.0,249.0,394247.66106216
2020-04-28 19:10:00,249.0,250.0,249.0,249.0,192483.54649269
2020-04-28 19:11:00,249.0,250.0,248.0,249.0,548479.47048501
2020-04-28 19:12:00,249.0,250.0,249.0,249.0,219014.24530037
2020-04-28 19:13:00,249.0,250.0,249.0,249.0,150743.74400681
2020-04-28 19:14:00,249.0,250.0,249.0,249.0,71576.08711243
2020-04-28 19:15:00,249.0,249.0,249.0,249.0,58283.98633087
2020-04-28 19:16:00,250.0,250.0,249.0,250.0,94503.02059841
2020-04-28 19:17:00,249.0,250.0,249.0,249.0,16389.76866396
2020-04-28 19:18:00,250.0,250.0,249.0,250.0,82285.33874565
2020-04-28 19:19:00,249.0,250.0,249.0,249.0,191551.00132751
2020-04-28 19:20:00,249.0,250.0,249.0,249.0,87466.15886667
2020-04-28 19:21:00,249.0,250.0,249.0,250.0,1922.55472263
2020-04-28 19:22:00,250.0,250.0,249.0,249.0,58875.6723983
2020-04-28 19:23:00,250.0,250.0,249.0,250.0,77179.01869609
2020-04-28 19:24:00,249.0,250.0,249.0,250.0,17160.89307627
2020-04-28 19:25:00,250.0,250.0,249.0,249.0,88518.82541613
2020-04-28 19:26:00,250.0,250.0,249.0,249.0,365514.36502269
2020-04-28 19:27:00,249.0,250.0,249.0,249.0,438105.70002029
2020-04-28 19:28:00,249.0,249.0,249.0,249.0,121345.39379023
2020-04-28 19:29:00,249.0,250.0,249.0,249.0,500779.09205355
2020-04-28 19:30:00,250.0,250.0,249.0,249.0,205135.01113451
2020-04-28 19:31:00,250.0,250.0,249.0,250.0,57942.28185906
2020-04-28 19:32:00,250.0,250.0,250.0,250.0,48452.42004997
2020-04-28 19:33:00,250.0,250.0,249.0,250.0,907583.27311361
2020-04-28 19:34:00,250.0,251.0,250.0,251.0,91338.52335288
2020-04-28 19:35:00,251.0,251.0,250.0,251.0,81905.40778775
2020-04-28 19:36:00,251.0,251.0,250.0,250.0,45928.9874749
2020-04-28 19:37:00,250.0,252.0,250.0,252.0,488174.97562447
2020-04-28 19:38:00,252.0,253.0,252.0,253.0,1217805.54038568
2020-04-28 19:39:00,253.0,253.0,252.0,253.0,469168.05347887
2020-04-28 19:40:00,253.0,253.0,251.0,252.0,1074343.06168235
2020-04-28 19:41:00,252.0,252.0,251.0,252.0,130695.18963512
2020-04-28 19:42:00,252.0,253.0,252.0,252.0,28484.10274302
2020-04-28 19:43:00,252.0,253.0,252.0,252.0,80195.58436844
2020-04-28 19:44:00,252.0,253.0,252.0,252.0,478179.0182404
2020-04-28 19:45:00,252.0,252.0,251.0,252.0,144068.96796268
2020-04-28 19:46:00,252.0,252.0,252.0,252.0,175187.79005325
2020-04-28 19:47:00,252.0,252.0,252.0,252.0,52298.44448322
2020-04-28 19:48:00,252.0,253.0,252.0,253.0,31374.93342159
2020-04-28 19:49:00,253.0,253.0,252.0,253.0,27001.51104948
2020-04-28 19:50:00,253.0,253.0,252.0,253.0,191538.53420833
2020-04-28 19:51:00,253.0,255.0,253.0,254.0,1373806.32169775
2020-04-28 19:52:00,254.0,255.0,254.0,255.0,242037.92442801
2020-04-28 19:53:00,255.0,255.0,254.0,254.0,735956.14769715
2020-04-28 19:54:00,255.0,255.0,254.0,254.0,222570.60615044
2020-04-28 19:55:00,255.0,255.0,254.0,255.0,590799.04468227
2020-04-28 19:56:00,255.0,256.0,254.0,254.0,1081739.40572906
2020-04-28 19:57:00,254.0,254.0,253.0,253.0,1062282.58355316
2020-04-28 19:58:00,253.0,254.0,253.0,254.0,161937.18285468
2020-04-28 19:59:00,254.0,254.0,253.0,254.0,111117.15895648
2020-04-28 20:00:00,254.0,255.0,254.0,254.0,485379.462496
2020-04-28 20:01:00,254.0,254.0,254.0,254.0,131563.26486445
2020-04-28 20:02:00,254.0,255.0,254.0,255.0,30931.7079031
2020-04-28 20:03:00,255.0,255.0,254.0,255.0,60495.03141984
2020-04-28 20:04:00,255.0,255.0,253.0,254.0,694542.2436919
2020-04-28 20:05:00,254.0,254.0,253.0,253.0,724173.83704623
2020-04-28 20:06:00,253.0,253.0,252.0,253.0,204439.96130415
2020-04-28 20:07:00,253.0,254.0,253.0,253.0,151389.95234615
2020-04-28 20:08:00,253.0,254.0,253.0,253.0,9980.48582615
2020-04-28 20:09:00,253.0,253.0,253.0,253.0,139659.55222342
2020-04-28 20:10:00,253.0,254.0,253.0,253.0,394767.38677613
2020-04-28 20:11:00,253.0,253.0,252.0,253.0,225379.67856885
2020-04-28 20:12:00,253.0,254.0,252.0,254.0,55132.24442457
2020-04-28 20:13:00,254.0,254.0,253.0,253.0,207823.22430904
2020-04-28 20:14:00,253.0,254.0,253.0,253.0,138625.20496609
2020-04-28 20:15:00,253.0,253.0,253.0,253.0,74240.80214231
2020-04-28 20:16:00,253.0,253.0,252.0,253.0,301148.17174082
2020-04-28 20:17:00,252.0,253.0,252.0,253.0,20598.36143779
2020-04-28 20:18:00,253.0,253.0,253.0,253.0,15528.14106778
2020-04-28 20:19:00,252.0,253.0,252.0,253.0,116981.83177558
2020-04-28 20:20:00,253.0,253.0,252.0,252.0,48422.3108646
2020-04-28 20:21:00,252.0,253.0,252.0,252.0,19413.98476936
2020-04-28 20:22:00,252.0,252.0,252.0,252.0,155895.84628507
2020-04-28 20:23:00,252.0,253.0,252.0,253.0,8153.41265262
2020-04-28 20:24:00,252.0,253.0,252.0,252.0,18068.81067196
2020-04-28 20:25:00,252.0,252.0,251.0,251.0,944942.81336936
2020-04-28 20:26:00,251.0,252.0,251.0,252.0,9175.88704414
2020-04-28 20:27:00,251.0,252.0,251.0,251.0,132692.37315917
2020-04-28 20:28:00,251.0,252.0,251.0,251.0,385353.9292598
2020-04-28 20:29:00,251.0,252.0,251.0,251.0,74873.27899966
2020-04-28 20:30:00,252.0,252.0,251.0,252.0,98922.60778598
2020-04-28 20:31:00,251.0,252.0,251.0,252.0,41417.78498149
2020-04-28 20:32:00,251.0,252.0,251.0,251.0,28534.850446
2020-04-28 20:33:00,251.0,252.0,251.0,251.0,64185.43993215
2020-04-28 20:34:00,252.0,252.0,252.0,252.0,42841.00579198
2020-04-28 20:35:00,252.0,252.0,251.0,251.0,29874.23799082
2020-04-28 20:36:00,252.0,252.0,251.0,252.0,2714.4425739
2020-04-28 20:37:00,252.0,252.0,252.0,252.0,3115.98407145
2020-04-28 20:38:00,252.0,252.0,252.0,252.0,3.0
2020-04-28 20:39:00,251.0,252.0,251.0,251.0,54780.10885959
2020-04-28 20:40:00,251.0,251.0,251.0,251.0,6655.56981236
2020-04-28 20:41:00,251.0,252.0,251.0,252.0,172722.12400957
2020-04-28 20:42:00,252.0,253.0,252.0,253.0,690589.81869124
2020-04-28 20:43:00,253.0,253.0,252.0,253.0,36051.64384053
2020-04-28 20:44:00,253.0,253.0,253.0,253.0,104168.73726178
2020-04-28 20:45:00,252.0,253.0,252.0,253.0,105137.02777589
2020-04-28 20:46:00,253.0,253.0,252.0,252.0,24899.32948504
2020-04-28 20:47:00,252.0,253.0,252.0,253.0,59528.67804505
2020-04-28 20:48:00,253.0,253.0,252.0,253.0,10239.32758865
2020-04-28 20:49:00,253.0,253.0,253.0,253.0,2344.29149061
2020-04-28 20:50:00,253.0,253.0,252.0,252.0,10295.51856258
2020-04-28 20:51:00,252.0,252.0,251.0,252.0,427466.5218867
2020-04-28 20:52:00,252.0,252.0,251.0,251.0,38931.86418723
2020-04-28 20:53:00,252.0,252.0,251.0,252.0,29878.48282861
2020-04-28 20:54:00,251.0,252.0,251.0,252.0,1158.65812082
2020-04-28 20:55:00,252.0,252.0,251.0,252.0,125534.46936673
2020-04-28 20:56:00,252.0,252.0,251.0,252.0,334874.28173069
2020-04-28 20:57:00,252.0,252.0,252.0,252.0,213962.39433585
2020-04-28 20:58:00,252.0,252.0,251.0,251.0,47486.66816306
2020-04-28 20:59:00,251.0,251.0,251.0,251.0,13061.30351083
2020-04-29 05:35:00,257.0,257.0,256.0,256.0,1749.96428571
2020-04-29 05:36:00,256.0,257.0,256.0,256.0,6589.68796622
2020-04-29 05:37:00,256.0,257.0,256.0,256.0,475016.99276471
2020-04-29 05:38:00,257.0,257.0,256.0,256.0,137150.5680438
2020-04-29 05:39:00,257.0,257.0,256.0,257.0,112364.92460094
2020-04-29 05:40:00,257.0,257.0,257.0,257.0,5618.67096949
2020-04-29 05:41:00,257.0,257.0,257.0,257.0,120544.45580557
2020-04-29 05:42:00,258.0,258.0,257.0,258.0,195.114701
2020-04-29 05:43:00,257.0,258.0,257.0,257.0,800.49948072
2020-04-29 05:44:00,258.0,258.0,257.0,258.0,16709.39732883
2020-04-29 05:45:00,258.0,258.0,258.0,258.0,227542.39810923
2020-04-29 05:46:00,258.0,258.0,258.0,258.0,105155.67704345
2020-04-29 05:47:00,258.0,258.0,257.0,258.0,17205.22126883
2020-04-29 05:48:00,258.0,258.0,257.0,258.0,8464.95846101
2020-04-29 05:49:00,257.0,257.0,257.0,257.0,137.68698157
2020-04-29 05:50:00,257.0,258.0,257.0,257.0,8922.84951252
2020-04-29 05:51:00,258.0,258.0,257.0,258.0,58245.55494498
2020-04-29 05:52:00,257.0,258.0,257.0,258.0,18301.27380956
2020-04-29 05:53:00,257.0,257.0,257.0,257.0,225.84107152
2020-04-29 05:54:00,257.0,257.0,257.0,257.0,12091.84782608
2020-04-29 05:55:00,257.0,258.0,257.0,257.0,30358.23986248
2020-04-29 05:56:00,257.0,257.0,257.0,257.0,2574.84095221
2020-04-29 05:57:00,258.0,258.0,257.0,257.0,143.15575776
2020-04-29 05:59:00,257.0,257.0,257.0,257.0,52.52100841
2020-04-29 06:00:00,257.0,258.0,257.0,258.0,213.55340411
2020-04-29 06:01:00,258.0,258.0,257.0,257.0,312.20975486
2020-04-29 06:02:00,257.0,257.0,257.0,257.0,3848.21493323
2020-04-29 06:03:00,257.0,258.0,257.0,257.0,15285.18875535
2020-04-29 06:04:00,258.0,258.0,257.0,257.0,12527.94679054
2020-04-29 06:05:00,257.0,257.0,257.0,257.0,3078.45972411
2020-04-29 06:06:00,257.0,257.0,257.0,257.0,7299.30776592
2020-04-29 06:07:00,257.0,257.0,257.0,257.0,7773.18449028
2020-04-29 06:08:00,257.0,257.0,257.0,257.0,377.73225432
2020-04-29 06:09:00,257.0,257.0,257.0,257.0,244.02805996
2020-04-29 06:10:00,257.0,257.0,257.0,257.0,8444.5738503
2020-04-29 06:11:00,257.0,257.0,257.0,257.0,850.63851053
2020-04-29 06:12:00,258.0,258.0,257.0,257.0,6150.41321913
2020-04-29 06:14:00,257.0,257.0,257.0,257.0,40982.62955144
2020-04-29 06:15:00,257.0,257.0,257.0,257.0,10954.77929746
2020-04-29 06:16:00,258.0,258.0,257.0,257.0,11702.81604358
2020-04-29 06:17:00,258.0,258.0,257.0,257.0,5433.61965771
2020-04-29 06:18:00,257.0,258.0,257.0,258.0,85559.43526812
2020-04-29 06:19:00,258.0,258.0,257.0,258.0,261811.71672134
2020-04-29 06:20:00,258.0,258.0,257.0,257.0,63193.94116414
2020-04-29 06:21:00,257.0,257.0,257.0,257.0,43116.28923632
2020-04-29 06:23:00,258.0,258.0,258.0,258.0,116.73151751
2020-04-29 06:24:00,257.0,258.0,257.0,258.0,10289.13798669
2020-04-29 06:25:00,258.0,258.0,258.0,258.0,11851.69497652
2020-04-29 06:26:00,258.0,258.0,257.0,258.0,7343.56097487
2020-04-29 06:27:00,258.0,258.0,258.0,258.0,23525.37684645
2020-04-29 06:28:00,258.0,258.0,258.0,258.0,366.44844961
2020-04-29 06:29:00,257.0,258.0,257.0,258.0,2331.51612644
2020-04-29 06:30:00,258.0,258.0,257.0,257.0,1619.32062132
2020-04-29 06:31:00,258.0,258.0,257.0,258.0,7316.1190795
2020-04-29 06:32:00,258.0,258.0,257.0,257.0,21558.70731729
2020-04-29 06:33:00,257.0,258.0,257.0,258.0,54510.58790268
2020-04-29 06:34:00,258.0,258.0,258.0,258.0,16406.83932063
2020-04-29 06:35:00,258.0,258.0,257.0,258.0,5030.62396846
2020-04-29 06:36:00,258.0,258.0,257.0,258.0,62910.59391833
2020-04-29 06:37:00,258.0,258.0,257.0,258.0,11480.41352372
2020-04-29 06:38:00,258.0,258.0,257.0,258.0,176445.92978616
2020-04-29 06:39:00,258.0,258.0,257.0,258.0,80512.0501992
2020-04-29 06:40:00,258.0,258.0,257.0,258.0,146105.17191796
2020-04-29 06:41:00,258.0,259.0,257.0,258.0,45716.15148969
2020-04-29 06:42:00,258.0,259.0,258.0,258.0,19806.98378518
2020-04-29 06:43:00,258.0,259.0,258.0,258.0,3410.88052134
2020-04-29 06:44:00,258.0,259.0,258.0,258.0,283739.83212069
2020-04-29 06:45:00,258.0,259.0,258.0,258.0,3965.16467728
2020-04-29 06:48:00,258.0,258.0,258.0,258.0,200.0
2020-04-29 06:49:00,258.0,259.0,258.0,258.0,35226.01663454
2020-04-29 06:50:00,258.0,258.0,258.0,258.0,38516.05362453
2020-04-29 06:51:00,258.0,259.0,258.0,258.0,64828.94101659
2020-04-29 06:52:00,258.0,258.0,258.0,258.0,47081.87410727
2020-04-29 06:53:00,258.0,259.0,258.0,258.0,3355.58756696
2020-04-29 06:54:00,258.0,259.0,258.0,258.0,45580.41239883
2020-04-29 06:55:00,258.0,259.0,258.0,258.0,135042.57097418
2020-04-29 06:56:00,259.0,259.0,258.0,259.0,178779.7674454
2020-04-29 06:57:00,259.0,259.0,258.0,258.0,169897.08668816
2020-04-29 06:58:00,259.0,259.0,258.0,259.0,90545.10290276
2020-04-29 06:59:00,259.0,260.0,258.0,260.0,330974.00047399
2020-04-29 07:00:00,260.0,260.0,258.0,258.0,185339.60205374
2020-04-29 07:01:00,260.0,260.0,258.0,258.0,285182.44898518
2020-04-29 07:02:00,258.0,260.0,258.0,258.0,110605.15424672
2020-04-29 07:03:00,258.0,260.0,258.0,259.0,51493.43207982
2020-04-29 07:04:00,260.0,260.0,259.0,259.0,6311.17360182
2020-04-29 07:05:00,260.0,260.0,259.0,260.0,633.0
2020-04-29 07:06:00,259.0,260.0,259.0,260.0,3682.80970923
2020-04-29 07:07:00,260.0,260.0,259.0,259.0,265616.83684755
2020-04-29 07:08:00,258.0,259.0,258.0,259.0,4623.5425608
2020-04-29 07:09:00,258.0,259.0,258.0,259.0,44461.75437441
2020-04-29 07:10:00,259.0,259.0,258.0,259.0,13566.11152576
2020-04-29 07:11:00,259.0,259.0,258.0,259.0,63094.09131124
2020-04-29 07:12:00,258.0,260.0,258.0,260.0,207104.04079645
2020-04-29 07:13:00,259.0,260.0,259.0,259.0,15110.46099727
2020-04-29 07:14:00,259.0,260.0,259.0,259.0,25660.42739079
2020-04-29 07:15:00,259.0,259.0,259.0,259.0,3050.86042461
2020-04-29 07:16:00,259.0,259.0,258.0,259.0,330392.95647977
2020-04-29 07:17:00,260.0,260.0,259.0,259.0,162401.57415664
2020-04-29 07:18:00,259.0,259.0,258.0,258.0,3770.941074
2020-04-29 07:19:00,258.0,258.0,258.0,258.0,919.0
2020-04-29 07:20:00,259.0,259.0,258.0,259.0,16248.80184158
2020-04-29 07:21:00,258.0,259.0,258.0,258.0,13552.1937555
2020-04-29 07:22:00,259.0,259.0,258.0,258.0,57821.57499221
2020-04-29 07:23:00,259.0,259.0,259.0,259.0,257390.5401686
2020-04-29 07:24:00,258.0,259.0,258.0,259.0,24531.32625178
2020-04-29 07:25:00,259.0,260.0,259.0,260.0,8896.33632097
2020-04-29 07:26:00,260.0,260.0,259.0,259.0,23737.69522662
2020-04-29 07:27:00,259.0,259.0,259.0,259.0,8244.79140274
2020-04-29 07:28:00,259.0,259.0,259.0,259.0,25378.15762231
2020-04-29 07:29:00,259.0,259.0,259.0,259.0,32147.51524058
2020-04-29 07:30:00,259.0,259.0,259.0,259.0,2041.06222895
2020-04-29 07:31:00,259.0,259.0,259.0,259.0,654.44015445
2020-04-29 07:32:00,259.0,259.0,259.0,259.0,2306.65200603
2020-04-29 07:33:00,259.0,259.0,259.0,259.0,22350.32663577
2020-04-29 07:34:00,259.0,260.0,259.0,259.0,90183.85657141
2020-04-29 07:35:00,259.0,260.0,259.0,260.0,3193.66011586
2020-04-29 07:36:00,260.0,260.0,260.0,260.0,7647.1091375
2020-04-29 07:37:00,260.0,260.0,259.0,260.0,10748.97784952
2020-04-29 07:38:00,260.0,260.0,259.0,259.0,19430.48842914
2020-04-29 07:39:00,259.0,260.0,259.0,260.0,3748.51612245
2020-04-29 07:40:00,260.0,260.0,260.0,260.0,115456.10623816
2020-04-29 07:41:00,260.0,260.0,259.0,259.0,130743.69216339
2020-04-29 07:42:00,260.0,260.0,259.0,259.0,255339.50750297
2020-04-29 07:43:00,259.0,259.0,259.0,259.0,27130.80989425
2020-04-29 07:44:00,259.0,259.0,258.0,259.0,4289.0226878
2020-04-29 07:45:00,259.0,259.0,258.0,258.0,46123.94233191
2020-04-29 07:46:00,258.0,259.0,258.0,259.0,212209.62441003
2020-04-29 07:47:00,259.0,259.0,258.0,259.0,68119.65603074
2020-04-29 07:48:00,259.0,260.0,259.0,259.0,169496.78132526
2020-04-29 07:49:00,259.0,259.0,259.0,259.0,10183.46195731
2020-04-29 07:50:00,259.0,259.0,259.0,259.0,23632.67484797
2020-04-29 07:51:00,260.0,261.0,259.0,260.0,413850.93834329
2020-04-29 07:52:00,261.0,261.0,260.0,260.0,16688.47750898
2020-04-29 07:53:00,261.0,261.0,260.0,261.0,15623.62164534
2020-04-29 07:54:00,261.0,261.0,260.0,261.0,87382.86745322
2020-04-29 07:55:00,261.0,261.0,260.0,260.0,33186.06220465
2020-04-29 07:56:00,260.0,260.0,260.0,260.0,40577.44645463
2020-04-29 07:57:00,260.0,260.0,260.0,260.0,29323.99227373
2020-04-29 07:58:00,261.0,261.0,261.0,261.0,13614.49501915
2020-04-29 07:59:00,261.0,261.0,260.0,261.0,25458.47824564
2020-04-29 08:00:00,261.0,261.0,260.0,261.0,132919.28628169
2020-04-29 08:01:00,261.0,262.0,261.0,262.0,637344.82693984
2020-04-29 08:02:00,262.0,262.0,261.0,261.0,417335.1408394
2020-04-29 08:03:00,262.0,262.0,261.0,261.0,117263.79318887
2020-04-29 08:04:00,262.0,262.0,261.0,262.0,12706.34264417
2020-04-29 08:05:00,262.0,263.0,261.0,263.0,445936.55798166
2020-04-29 08:06:00,263.0,263.0,262.0,263.0,148886.47807733
2020-04-29 08:07:00,263.0,264.0,263.0,263.0,747153.07514251
2020-04-29 08:08:00,263.0,263.0,263.0,263.0,56436.84989547
2020-04-29 08:09:00,263.0,263.0,262.0,263.0,146446.13364253
2020-04-29 08:10:00,263.0,263.0,262.0,263.0,280684.68704023
2020-04-29 08:11:00,263.0,264.0,262.0,263.0,161004.97321614
2020-04-29 08:12:00,263.0,265.0,263.0,265.0,604026.39487667
2020-04-29 08:13:00,265.0,265.0,263.0,264.0,307279.83878477
2020-04-29 08:14:00,263.0,264.0,263.0,264.0,8728.76432373
2020-04-29 08:15:00,264.0,264.0,263.0,264.0,121587.94540586
2020-04-29 08:16:00,264.0,264.0,263.0,263.0,52521.21086839
2020-04-29 08:17:00,263.0,264.0,263.0,264.0,290348.23062419
2020-04-29 08:18:00,264.0,264.0,264.0,264.0,20876.98574953
2020-04-29 08:19:00,264.0,264.0,263.0,263.0,7712.45700798
2020-04-29 08:20:00,263.0,263.0,263.0,263.0,9575.26780047
2020-04-29 08:21:00,264.0,264.0,263.0,263.0,101295.615691
2020-04-29 08:22:00,263.0,264.0,263.0,263.0,21768.7735382
2020-04-29 08:23:00,263.0,264.0,263.0,264.0,25522.26166933
2020-04-29 08:24:00,263.0,263.0,263.0,263.0,24178.19878152
2020-04-29 08:25:00,263.0,263.0,263.0,263.0,157723.81217061
2020-04-29 08:26:00,264.0,264.0,263.0,264.0,21040.94159121
2020-04-29 08:27:00,264.0,264.0,264.0,264.0,77547.93752135
2020-04-29 08:28:00,263.0,265.0,263.0,264.0,192832.41717029
2020-04-29 08:29:00,264.0,265.0,264.0,265.0,2036.62371032
2020-04-29 08:30:00,264.0,265.0,264.0,265.0,316776.74488786
2020-04-29 08:31:00,265.0,265.0,264.0,264.0,191769.2579208
2020-04-29 08:32:00,264.0,264.0,263.0,263.0,575999.46435833
2020-04-29 08:33:00,263.0,263.0,262.0,263.0,170242.57356247
2020-04-29 08:34:00,263.0,264.0,263.0,263.0,100168.49456163
2020-04-29 08:35:00,263.0,263.0,263.0,263.0,103752.78216502
2020-04-29 08:36:00,262.0,263.0,262.0,262.0,537698.9951643
2020-04-29 08:37:00,262.0,262.0,262.0,262.0,53721.77774876
2020-04-29 08:38:00,262.0,262.0,261.0,261.0,235040.598256
2020-04-29 08:39:00,261.0,262.0,261.0,262.0,110667.51120757
2020-04-29 08:40:00,262.0,262.0,262.0,262.0,111.99236641
2020-04-29 08:41:00,262.0,262.0,261.0,262.0,27367.28891232
2020-04-29 08:42:00,261.0,261.0,261.0,261.0,73261.74642973
2020-04-29 08:43:00,261.0,261.0,261.0,261.0,448652.14082078
2020-04-29 08:44:00,261.0,262.0,261.0,261.0,416701.26352497
2020-04-29 08:45:00,261.0,262.0,261.0,261.0,78600.13227637
2020-04-29 08:46:00,261.0,262.0,261.0,262.0,99641.35309642
2020-04-29 08:47:00,262.0,262.0,261.0,261.0,5262.63640604
2020-04-29 08:48:00,261.0,262.0,261.0,261.0,16844.41698536
2020-04-29 08:49:00,261.0,261.0,261.0,261.0,6906.66022553
2020-04-29 08:50:00,262.0,262.0,261.0,261.0,17935.26529964
2020-04-29 08:51:00,261.0,261.0,261.0,261.0,84314.69342423
2020-04-29 08:52:00,262.0,262.0,260.0,261.0,721830.44699119
2020-04-29 08:53:00,261.0,262.0,260.0,261.0,235931.15158754
2020-04-29 08:54:00,261.0,261.0,261.0,261.0,181874.56460282
2020-04-29 08:55:00,261.0,261.0,261.0,261.0,135188.98887268
2020-04-29 08:56:00,261.0,261.0,261.0,261.0,40802.2688374
2020-04-29 08:57:00,261.0,261.0,260.0,260.0,3073.3975158
2020-04-29 08:58:00,260.0,261.0,260.0,261.0,61207.39112655
2020-04-29 08:59:00,260.0,261.0,260.0,261.0,18387.58876839
2020-04-29 17:38:00,260.0,260.0,260.0,260.0,20401.3866749
2020-04-29 17:39:00,260.0,260.0,260.0,260.0,482.30993751
2020-04-29 17:40:00,260.0,260.0,260.0,260.0,43539.8656549
2020-04-29 17:41:00,260.0,260.0,259.0,259.0,543.89941871
2020-04-29 17:42:00,259.0,260.0,259.0,260.0,55909.80930438
2020-04-29 17:43:00,260.0,260.0,260.0,260.0,25160.04589962
2020-04-29 17:44:00,260.0,260.0,260.0,260.0,63324.242
2020-04-29 17:45:00,259.0,259.0,259.0,259.0,18432.98589905
2020-04-29 17:46:00,260.0,260.0,259.0,260.0,33445.4580402
2020-04-29 17:47:00,259.0,260.0,259.0,260.0,85558.35244312
2020-04-29 17:48:00,260.0,260.0,260.0,260.0,10183.12766693
2020-04-29 17:49:00,260.0,260.0,259.0,259.0,68839.58640817
2020-04-29 17:50:00,259.0,260.0,259.0,259.0,20098.92059344
2020-04-29 17:51:00,260.0,260.0,259.0,260.0,19930.44849794
2020-04-29 17:52:00,260.0,260.0,259.0,259.0,4539.19262445
2020-04-29 17:53:00,260.0,260.0,260.0,260.0,1153.26923076
2020-04-29 17:54:00,259.0,260.0,259.0,260.0,1108.38426939
2020-04-29 17:55:00,260.0,260.0,259.0,260.0,11521.08376276
2020-04-29 17:56:00,260.0,260.0,259.0,259.0,10812.57371935
2020-04-29 17:57:00,259.0,260.0,259.0,259.0,96197.01265119
2020-04-29 17:58:00,260.0,260.0,260.0,260.0,71958.29025582
2020-04-29 17:59:00,260.0,260.0,260.0,260.0,4453.04655364
2020-04-29 18:00:00,260.0,260.0,260.0,260.0,195286.32333909
2020-04-29 18:01:00,260.0,260.0,259.0,260.0,116489.60917869
2020-04-29 18:02:00,259.0,260.0,259.0,260.0,42326.36016771
2020-04-29 18:03:00,259.0,260.0,259.0,260.0,2891.56094943
2020-04-29 18:04:00,260.0,261.0,260.0,261.0,38617.53940487
2020-04-29 18:05:00,260.0,261.0,260.0,261.0,2442.746901
2020-04-29 18:06:00,260.0,261.0,260.0,260.0,14183.83333384
2020-04-29 18:07:00,260.0,261.0,260.0,261.0,101.27972545
2020-04-29 18:08:00,261.0,261.0,261.0,261.0,15.87711891
2020-04-29 18:09:00,261.0,261.0,261.0,261.0,1896.02516749
2020-04-29 18:10:00,260.0,261.0,260.0,261.0,9399.87372213
2020-04-29 18:11:00,260.0,261.0,260.0,260.0,37397.0877507
2020-04-29 18:12:00,261.0,261.0,260.0,260.0,24752.99019046
2020-04-29 18:13:00,261.0,261.0,260.0,260.0,2815.57077375
2020-04-29 18:14:00,260.0,261.0,260.0,261.0,47999.13736246
2020-04-29 18:15:00,261.0,261.0,260.0,260.0,167399.99134319
2020-04-29 18:16:00,261.0,261.0,260.0,260.0,53533.99181378
2020-04-29 18:17:00,260.0,260.0,260.0,260.0,54398.91412633
2020-04-29 18:18:00,260.0,260.0,259.0,259.0,49667.55073315
2020-04-29 18:19:00,260.0,260.0,259.0,259.0,12706.45583621
2020-04-29 18:20:00,260.0,260.0,259.0,259.0,77528.43165393
2020-04-29 18:21:00,260.0,261.0,260.0,260.0,10482.84437673
2020-04-29 18:22:00,260.0,261.0,260.0,261.0,28974.34481659
2020-04-29 18:23:00,260.0,261.0,260.0,261.0,59659.4227184
2020-04-29 18:24:00,260.0,261.0,260.0,260.0,3808.49256359
2020-04-29 18:25:00,261.0,261.0,260.0,261.0,22774.44925579
2020-04-29 18:26:00,260.0,261.0,260.0,260.0,1571.32985465
2020-04-29 18:27:00,261.0,261.0,260.0,260.0,5.2610932
2020-04-29 18:28:00,261.0,261.0,260.0,260.0,21931.31913216
2020-04-29 18:29:00,260.0,261.0,260.0,260.0,4383.41453499
2020-04-29 18:30:00,260.0,261.0,260.0,260.0,535.08111635
2020-04-29 18:31:00,260.0,260.0,260.0,260.0,50587.29929382
2020-04-29 18:32:00,260.0,261.0,260.0,260.0,4823.18014772
2020-04-29 18:33:00,261.0,261.0,260.0,260.0,39204.37900824
2020-04-29 18:34:00,260.0,261.0,260.0,260.0,158656.97108744
2020-04-29 18:35:00,260.0,261.0,260.0,261.0,5637.73753968
2020-04-29 18:36:00,261.0,261.0,260.0,260.0,4440.18244919
2020-04-29 18:37:00,261.0,261.0,260.0,260.0,29674.33704626
2020-04-29 18:38:00,260.0,261.0,260.0,260.0,64942.41746115
2020-04-29 18:39:00,261.0,261.0,260.0,260.0,1053.56376415
2020-04-29 18:40:00,261.0,261.0,261.0,261.0,20.26808812
2020-04-29 18:41:00,261.0,261.0,261.0,261.0,8617.29386973
2020-04-29 18:42:00,260.0,261.0,260.0,261.0,38286.2136705
2020-04-29 18:43:00,260.0,261.0,260.0,261.0,78676.93525349
2020-04-29 18:44:00,260.0,260.0,260.0,260.0,401557.76981439
2020-04-29 18:45:00,261.0,261.0,261.0,261.0,10327.58333476
2020-04-29 18:46:00,261.0,261.0,260.0,260.0,466.157088
2020-04-29 18:47:00,260.0,261.0,260.0,261.0,11539.47153847
2020-04-29 18:48:00,260.0,260.0,260.0,260.0,45303.33049055
2020-04-29 18:50:00,261.0,261.0,260.0,260.0,19028.24146957
2020-04-29 18:51:00,260.0,260.0,260.0,260.0,135338.59713811
2020-04-29 18:52:00,260.0,260.0,260.0,260.0,64145.76299636
2020-04-29 18:53:00,261.0,261.0,261.0,261.0,600.0
2020-04-29 18:54:00,261.0,261.0,260.0,261.0,22183.89843362
2020-04-29 18:55:00,261.0,261.0,260.0,260.0,26625.66945232
2020-04-29 18:56:00,260.0,261.0,260.0,261.0,4367.73959226
2020-04-29 18:57:00,261.0,261.0,260.0,261.0,6394.86358914
2020-04-29 18:58:00,260.0,260.0,260.0,260.0,20709.39854647
2020-04-29 18:59:00,260.0,261.0,260.0,261.0,3843.19087308
2020-04-29 19:00:00,261.0,261.0,260.0,261.0,56971.80707896
2020-04-29 19:01:00,261.0,261.0,260.0,260.0,161677.49218252
2020-04-29 19:02:00,260.0,261.0,260.0,260.0,39236.50862955
2020-04-29 19:03:00,260.0,261.0,260.0,260.0,181742.86136365
2020-04-29 19:05:00,260.0,261.0,260.0,260.0,38593.45577171
2020-04-29 19:06:00,261.0,261.0,260.0,260.0,18540.58431666
2020-04-29 19:07:00,260.0,260.0,260.0,260.0,36522.05412815
2020-04-29 19:08:00,260.0,260.0,260.0,260.0,5147.57805698
2020-04-29 19:09:00,260.0,260.0,260.0,260.0,168077.77420875
2020-04-29 19:10:00,261.0,261.0,260.0,261.0,2395.63261805
2020-04-29 19:11:00,261.0,261.0,260.0,260.0,13170.00824887
2020-04-29 19:12:00,261.0,261.0,260.0,260.0,22589.07414818
2020-04-29 19:13:00,260.0,260.0,260.0,260.0,26895.90387558
2020-04-29 19:14:00,260.0,260.0,260.0,260.0,65079.10633751
2020-04-29 19:15:00,261.0,261.0,260.0,260.0,17518.3503556
2020-04-29 19:16:00,261.0,261.0,260.0,260.0,37814.29436202
2020-04-29 19:17:00,261.0,261.0,260.0,260.0,78113.48668585
2020-04-29 19:18:00,261.0,261.0,260.0,260.0,11840.15764723
2020-04-29 19:19:00,261.0,261.0,260.0,260.0,14367.34647645
2020-04-29 19:20:00,260.0,260.0,260.0,260.0,39677.73853217
2020-04-29 19:21:00,260.0,261.0,260.0,261.0,84335.56767912
2020-04-29 19:22:00,260.0,261.0,260.0,260.0,370933.78391734
2020-04-29 19:23:00,261.0,261.0,260.0,261.0,164931.22124174
2020-04-29 19:24:00,260.0,261.0,260.0,261.0,30241.09291477
2020-04-29 19:25:00,261.0,262.0,260.0,262.0,1294022.80745197
2020-04-29 19:26:00,262.0,262.0,261.0,261.0,458406.81211994
2020-04-29 19:27:00,262.0,262.0,261.0,261.0,152018.19390062
2020-04-29 19:28:00,261.0,262.0,261.0,262.0,130876.63619353
2020-04-29 19:29:00,261.0,262.0,261.0,262.0,81870.80500199
2020-04-29 19:30:00,262.0,262.0,261.0,262.0,116913.99710623
2020-04-29 19:31:00,262.0,262.0,261.0,262.0,44435.27292662
2020-04-29 19:32:00,262.0,262.0,261.0,261.0,371875.36452621
2020-04-29 19:33:00,261.0,261.0,261.0,261.0,54477.30614611
2020-04-29 19:34:00,261.0,262.0,260.0,262.0,294374.98621034
2020-04-29 19:35:00,262.0,262.0,262.0,262.0,23217.00867023
2020-04-29 19:36:00,262.0,262.0,262.0,262.0,30845.94823847
2020-04-29 19:37:00,262.0,262.0,262.0,262.0,11518.01938304
2020-04-29 19:38:00,262.0,262.0,261.0,262.0,21796.99672105
2020-04-29 19:39:00,262.0,262.0,261.0,262.0,23563.92827124
2020-04-29 19:40:00,261.0,262.0,261.0,262.0,8664.22712794
2020-04-29 19:41:00,262.0,262.0,261.0,262.0,1073.46828024
2020-04-29 19:42:00,262.0,262.0,262.0,262.0,95303.79994256
2020-04-29 19:43:00,262.0,262.0,261.0,262.0,10766.05706799
2020-04-29 19:44:00,262.0,262.0,261.0,261.0,1556.29711004
2020-04-29 19:45:00,261.0,261.0,261.0,261.0,158.79580152
2020-04-29 19:46:00,261.0,262.0,261.0,262.0,8979.03386208
2020-04-29 19:47:00,262.0,262.0,261.0,262.0,51553.25462571
2020-04-29 19:48:00,262.0,262.0,261.0,262.0,27247.02568846
2020-04-29 19:49:00,262.0,262.0,262.0,262.0,23831.58943239
2020-04-29 19:50:00,262.0,262.0,262.0,262.0,921.71824969
2020-04-29 19:51:00,262.0,262.0,261.0,262.0,6535.73394542
2020-04-29 19:52:00,262.0,262.0,261.0,261.0,3055.06561091
2020-04-29 19:53:00,262.0,262.0,261.0,262.0,29151.28763014
2020-04-29 19:54:00,262.0,262.0,262.0,262.0,10235.60738714
2020-04-29 19:55:00,262.0,262.0,262.0,262.0,190401.74675119
2020-04-29 19:56:00,262.0,262.0,262.0,262.0,6776.26943063
2020-04-29 19:57:00,262.0,262.0,262.0,262.0,19419.54839356
2020-04-29 19:58:00,261.0,263.0,261.0,262.0,239593.64606259
2020-04-29 19:59:00,262.0,263.0,262.0,262.0,143397.88662225
2020-04-29 20:00:00,262.0,262.0,261.0,262.0,119838.46327727
2020-04-29 20:01:00,263.0,263.0,262.0,262.0,7614.04694805
2020-04-29 20:02:00,263.0,263.0,263.0,263.0,45618.68206179
2020-04-29 20:03:00,262.0,263.0,262.0,263.0,181926.34014407
2020-04-29 20:04:00,263.0,264.0,263.0,264.0,480990.17664678
2020-04-29 20:05:00,263.0,263.0,263.0,263.0,358697.76518504
2020-04-29 20:06:00,263.0,263.0,263.0,263.0,11021.11065737
2020-04-29 20:07:00,264.0,264.0,263.0,264.0,27589.92683694
2020-04-29 20:08:00,264.0,264.0,264.0,264.0,270125.66831561
2020-04-29 20:09:00,264.0,264.0,263.0,264.0,156281.34094203
2020-04-29 20:10:00,264.0,265.0,263.0,264.0,380882.16921566
2020-04-29 20:11:00,265.0,265.0,264.0,264.0,1040100.88097068
2020-04-29 20:12:00,264.0,265.0,264.0,264.0,226244.0537384
2020-04-29 20:13:00,265.0,266.0,264.0,266.0,267631.07592562
2020-04-29 20:14:00,266.0,266.0,264.0,265.0,387412.76431155
2020-04-29 20:15:00,265.0,265.0,264.0,264.0,41245.6855847
2020-04-29 20:16:00,264.0,266.0,264.0,265.0,440081.11811098
2020-04-29 20:17:00,265.0,266.0,264.0,265.0,300433.70667734
2020-04-29 20:18:00,265.0,265.0,264.0,265.0,264472.3708833
2020-04-29 20:19:00,265.0,265.0,264.0,265.0,64524.14392686
2020-04-29 20:20:00,265.0,266.0,264.0,264.0,752077.06454595
2020-04-29 20:21:00,265.0,265.0,264.0,264.0,21154.91896533
2020-04-29 20:22:00,265.0,266.0,264.0,264.0,85629.29568304
2020-04-29 20:23:00,264.0,265.0,264.0,265.0,14649.32648323
2020-04-29 20:24:00,265.0,265.0,264.0,265.0,66306.19246368
2020-04-29 20:25:00,264.0,265.0,264.0,264.0,13548.96029479
2020-04-29 20:26:00,265.0,266.0,264.0,265.0,649561.75512104
2020-04-29 20:27:00,265.0,266.0,265.0,265.0,26588.17548216
2020-04-29 20:28:00,266.0,266.0,265.0,265.0,103532.10498776
2020-04-29 20:29:00,265.0,266.0,265.0,265.0,236578.66474506
2020-04-29 20:30:00,266.0,266.0,265.0,265.0,78684.72208389
2020-04-29 20:31:00,265.0,266.0,264.0,265.0,367872.00868448
2020-04-29 20:32:00,265.0,265.0,264.0,264.0,17187.56210969
2020-04-29 20:33:00,265.0,265.0,264.0,265.0,52488.42980234
2020-04-29 20:34:00,265.0,265.0,265.0,265.0,1473.85604931
2020-04-29 20:35:00,265.0,265.0,265.0,265.0,19351.13264167
2020-04-29 20:36:00,264.0,265.0,264.0,265.0,1925.22119859
2020-04-29 20:37:00,265.0,265.0,264.0,265.0,10676.96090954
2020-04-29 20:38:00,264.0,265.0,264.0,265.0,38380.423166
2020-04-29 20:39:00,265.0,265.0,265.0,265.0,13540.41520086
2020-04-29 20:40:00,264.0,265.0,264.0,265.0,12430.69038581
2020-04-29 20:41:00,265.0,265.0,264.0,264.0,223869.3985013
2020-04-29 20:42:00,265.0,265.0,265.0,265.0,140.6277993
2020-04-29 20:43:00,265.0,266.0,265.0,265.0,276169.30268168
2020-04-29 20:44:00,266.0,266.0,265.0,266.0,78589.14639814
2020-04-29 20:45:00,267.0,267.0,266.0,266.0,787616.494006
2020-04-29 20:46:00,267.0,267.0,266.0,266.0,279833.97167545
2020-04-29 20:47:00,266.0,266.0,265.0,266.0,147555.98463277
2020-04-29 20:48:00,266.0,267.0,266.0,266.0,61442.57568609
2020-04-29 20:49:00,266.0,267.0,266.0,266.0,93790.99856194
2020-04-29 20:50:00,266.0,267.0,266.0,266.0,117980.8202187
2020-04-29 20:51:00,266.0,267.0,266.0,266.0,96688.7349607
2020-04-29 20:52:00,266.0,266.0,265.0,266.0,306407.7946007
2020-04-29 20:53:00,266.0,266.0,265.0,265.0,63411.73885488
2020-04-29 20:54:00,266.0,266.0,265.0,265.0,48716.98138074
2020-04-29 20:55:00,265.0,266.0,265.0,266.0,30358.38825149
2020-04-29 20:56:00,265.0,266.0,265.0,265.0,41740.75926927
2020-04-29 20:57:00,265.0,265.0,265.0,265.0,30000.0
2020-04-29 20:58:00,265.0,265.0,265.0,265.0,359365.5816506
2020-04-29 20:59:00,265.0,266.0,265.0,265.0,545752.11016904
2020-04-30 05:30:00,271.0,272.0,271.0,271.0,70304.37433041
2020-04-30 05:32:00,271.0,271.0,271.0,271.0,15712.46977243
2020-04-30 05:34:00,272.0,272.0,271.0,271.0,5450.35300779
2020-04-30 05:35:00,272.0,272.0,272.0,272.0,13962.02266513
2020-04-30 05:36:00,271.0,271.0,271.0,271.0,5320.40396822
2020-04-30 05:37:00,271.0,271.0,271.0,271.0,50.0
2020-04-30 05:38:00,272.0,272.0,272.0,272.0,138175.11872312
2020-04-30 05:39:00,272.0,272.0,272.0,272.0,55782.16772461
2020-04-30 05:40:00,272.0,273.0,271.0,273.0,5417.60290013
2020-04-30 05:41:00,273.0,273.0,273.0,273.0,105183.39564207
2020-04-30 05:42:00,273.0,273.0,272.0,272.0,11624.29797912
2020-04-30 05:43:00,272.0,272.0,272.0,272.0,716.9164
2020-04-30 05:44:00,272.0,272.0,272.0,272.0,3774.833527
2020-04-30 05:46:00,272.0,272.0,272.0,272.0,20000.0
2020-04-30 05:47:00,272.0,272.0,272.0,272.0,52244.885
2020-04-30 05:48:00,272.0,272.0,272.0,272.0,5523.44959595
2020-04-30 05:49:00,272.0,272.0,272.0,272.0,430185.38114885
2020-04-30 05:50:00,272.0,272.0,272.0,272.0,68935.98584977
2020-04-30 05:51:00,272.0,272.0,272.0,272.0,141562.88895064
2020-04-30 05:52:00,272.0,272.0,272.0,272.0,11342.58797237
2020-04-30 05:53:00,272.0,272.0,271.0,272.0,87966.87186517
2020-04-30 05:54:00,272.0,272.0,271.0,271.0,31219.94252667
2020-04-30 05:55:00,271.0,273.0,271.0,273.0,240431.94996481
2020-04-30 05:56:00,272.0,272.0,272.0,272.0,64.97215295
2020-04-30 05:57:00,272.0,273.0,272.0,272.0,4869.67642376
2020-04-30 05:58:00,273.0,273.0,273.0,273.0,5034.98351648
2020-04-30 05:59:00,273.0,273.0,273.0,273.0,43881.99344466
2020-04-30 06:00:00,272.0,272.0,272.0,272.0,795.00003
2020-04-30 06:01:00,273.0,273.0,272.0,272.0,126408.53557799
2020-04-30 06:02:00,272.0,273.0,271.0,272.0,350146.86322019
2020-04-30 06:03:00,272.0,272.0,272.0,272.0,29974.36879093
2020-04-30 06:04:00,272.0,272.0,272.0,272.0,40417.26333712
2020-04-30 06:05:00,272.0,272.0,271.0,271.0,46816.70101241
2020-04-30 06:06:00,271.0,272.0,271.0,271.0,63197.05673311
2020-04-30 06:07:00,271.0,271.0,271.0,271.0,118619.14899841
2020-04-30 06:08:00,272.0,272.0,271.0,271.0,4682.40740517
2020-04-30 06:10:00,271.0,272.0,271.0,272.0,3162.40942616
2020-04-30 06:11:00,272.0,272.0,272.0,272.0,1356.51011029
2020-04-30 06:12:00,272.0,272.0,272.0,272.0,1007.35294118
2020-04-30 06:13:00,271.0,271.0,271.0,271.0,53977.06601167
2020-04-30 06:14:00,272.0,272.0,271.0,271.0,2131.37723395
2020-04-30 06:15:00,272.0,272.0,272.0,272.0,1054.48378751
2020-04-30 06:16:00,272.0,272.0,272.0,272.0,82205.06658435
2020-04-30 06:17:00,272.0,272.0,272.0,272.0,41099.15004627
2020-04-30 06:18:00,271.0,272.0,271.0,271.0,19038.71844358
2020-04-30 06:19:00,271.0,271.0,271.0,271.0,625.24012255
2020-04-30 06:20:00,272.0,272.0,272.0,272.0,350.0
2020-04-30 06:21:00,272.0,272.0,271.0,272.0,1430.17769711
2020-04-30 06:22:00,272.0,272.0,272.0,272.0,27139.27888996
2020-04-30 06:23:00,272.0,272.0,272.0,272.0,1102.94117647
2020-04-30 06:25:00,272.0,272.0,271.0,272.0,8414.21096713
2020-04-30 06:26:00,271.0,272.0,271.0,272.0,37764.70588235
2020-04-30 06:27:00,272.0,272.0,271.0,272.0,44040.03973542
2020-04-30 06:28:00,272.0,272.0,271.0,272.0,43178.72782242
2020-04-30 06:29:00,272.0,272.0,271.0,272.0,70854.22288429
2020-04-30 06:30:00,272.0,272.0,272.0,272.0,48828.51764634
2020-04-30 06:31:00,272.0,272.0,272.0,272.0,26613.69490387
2020-04-30 06:32:00,272.0,272.0,272.0,272.0,6215.79871323
2020-04-30 06:33:00,272.0,272.0,272.0,272.0,5694.28952204
2020-04-30 06:34:00,272.0,272.0,272.0,272.0,7274.89196578
2020-04-30 06:35:00,272.0,272.0,272.0,272.0,7590.95955882
2020-04-30 06:36:00,272.0,272.0,271.0,271.0,207.46531977
2020-04-30 06:37:00,271.0,271.0,271.0,271.0,42472.7344051
2020-04-30 06:38:00,271.0,272.0,271.0,272.0,3025.63650345
2020-04-30 06:39:00,272.0,272.0,271.0,271.0,49249.31978775
2020-04-30 06:40:00,272.0,273.0,272.0,272.0,122353.09883455
2020-04-30 06:41:00,272.0,272.0,272.0,272.0,25861.11066483
2020-04-30 06:42:00,272.0,272.0,272.0,272.0,65579.64322719
2020-04-30 06:43:00,272.0,272.0,272.0,272.0,46668.10001808
2020-04-30 06:45:00,272.0,272.0,272.0,272.0,105235.5575592
2020-04-30 06:46:00,272.0,272.0,271.0,271.0,7805.90498744
2020-04-30 06:47:00,272.0,273.0,272.0,273.0,10757.19196747
2020-04-30 06:48:00,273.0,273.0,273.0,273.0,0.17498168
2020-04-30 06:49:00,273.0,273.0,272.0,272.0,1205.62591841
2020-04-30 06:50:00,273.0,273.0,272.0,273.0,16242.63135494
2020-04-30 06:51:00,273.0,273.0,273.0,273.0,164.29775862
2020-04-30 06:52:00,273.0,273.0,273.0,273.0,7150.70376348
2020-04-30 06:53:00,273.0,273.0,273.0,273.0,11003.73073504
2020-04-30 06:54:00,273.0,273.0,273.0,273.0,1098.35192293
2020-04-30 06:55:00,273.0,273.0,273.0,273.0,7657.82326006
2020-04-30 06:56:00,273.0,273.0,273.0,273.0,21626.33728
2020-04-30 06:57:00,273.0,273.0,272.0,272.0,177110.36448808
2020-04-30 06:58:00,273.0,273.0,272.0,273.0,1780.02938847
2020-04-30 06:59:00,273.0,273.0,272.0,273.0,40997.02165129
2020-04-30 07:00:00,273.0,273.0,272.0,273.0,152137.5755916
2020-04-30 07:01:00,273.0,273.0,272.0,272.0,48317.05068871
2020-04-30 07:02:00,272.0,272.0,272.0,272.0,738.1019261
2020-04-30 07:03:00,272.0,272.0,272.0,272.0,8136.43971743
2020-04-30 07:04:00,272.0,272.0,272.0,272.0,940.9482725
2020-04-30 07:05:00,272.0,273.0,272.0,273.0,77912.496927
2020-04-30 07:06:00,272.0,273.0,272.0,273.0,38481.22743921
2020-04-30 07:07:00,272.0,272.0,272.0,272.0,11673.45913992
2020-04-30 07:08:00,272.0,272.0,272.0,272.0,42644.7552043
2020-04-30 07:09:00,272.0,272.0,271.0,271.0,18193.07930736
2020-04-30 07:10:00,271.0,272.0,271.0,272.0,28813.4522916
2020-04-30 07:11:00,271.0,271.0,271.0,271.0,4186.12236287
2020-04-30 07:12:00,272.0,272.0,270.0,271.0,267641.82079841
2020-04-30 07:13:00,271.0,271.0,271.0,271.0,13177.7580219
2020-04-30 07:14:00,271.0,271.0,270.0,271.0,12944.90064538
2020-04-30 07:15:00,270.0,271.0,270.0,270.0,28841.29755409
2020-04-30 07:16:00,271.0,271.0,270.0,271.0,16360.87420139
2020-04-30 07:17:00,271.0,271.0,271.0,271.0,49064.5784119
2020-04-30 07:18:00,271.0,271.0,271.0,271.0,80470.27408804
2020-04-30 07:19:00,270.0,271.0,270.0,270.0,42019.38143782
2020-04-30 07:20:00,271.0,271.0,271.0,271.0,23519.75119451
2020-04-30 07:21:00,271.0,271.0,271.0,271.0,16719.75082569
2020-04-30 07:22:00,271.0,271.0,271.0,271.0,647.8118081
2020-04-30 07:23:00,271.0,271.0,271.0,271.0,1039.83185366
2020-04-30 07:25:00,271.0,271.0,270.0,271.0,116696.75937949
2020-04-30 07:26:00,271.0,271.0,270.0,270.0,40431.25331686
2020-04-30 07:27:00,270.0,270.0,270.0,270.0,106344.66168009
2020-04-30 07:28:00,270.0,271.0,270.0,270.0,63609.9129734
2020-04-30 07:29:00,270.0,271.0,270.0,270.0,351104.36884435
2020-04-30 07:30:00,269.0,270.0,269.0,269.0,100200.30438366
2020-04-30 07:31:00,270.0,270.0,270.0,270.0,31231.82981436
2020-04-30 07:32:00,270.0,270.0,269.0,270.0,109617.1663396
2020-04-30 07:33:00,270.0,270.0,269.0,269.0,202726.96547201
2020-04-30 07:34:00,270.0,270.0,269.0,270.0,14380.78556891
2020-04-30 07:35:00,270.0,270.0,270.0,270.0,47380.19526248
2020-04-30 07:36:00,270.0,270.0,270.0,270.0,1978.29930129
2020-04-30 07:37:00,270.0,270.0,269.0,269.0,48781.62800102
2020-04-30 07:38:00,269.0,269.0,269.0,269.0,3656.72771772
2020-04-30 07:39:00,269.0,270.0,269.0,270.0,23260.176
2020-04-30 07:40:00,270.0,270.0,270.0,270.0,211603.23659032
2020-04-30 07:41:00,270.0,270.0,270.0,270.0,8483.72746712
2020-04-30 07:42:00,270.0,270.0,270.0,270.0,3388.65493723
2020-04-30 07:43:00,270.0,271.0,270.0,271.0,52490.26053326
2020-04-30 07:44:00,271.0,271.0,271.0,271.0,4356.30424306
2020-04-30 07:45:00,271.0,271.0,271.0,271.0,11795.68440132
2020-04-30 07:46:00,271.0,271.0,271.0,271.0,4427.0
2020-04-30 07:47:00,271.0,271.0,271.0,271.0,170542.11411307
2020-04-30 07:48:00,271.0,272.0,271.0,272.0,4157.56057199
2020-04-30 07:49:00,272.0,272.0,271.0,271.0,9775.56208992
2020-04-30 07:50:00,271.0,271.0,271.0,271.0,2690.66137096
2020-04-30 07:51:00,271.0,271.0,271.0,271.0,38222.21974514
2020-04-30 07:52:00,271.0,271.0,271.0,271.0,19449.17629368
2020-04-30 07:53:00,271.0,271.0,271.0,271.0,10657.38483146
2020-04-30 07:54:00,271.0,272.0,271.0,272.0,3743.56642934
2020-04-30 07:55:00,272.0,272.0,271.0,272.0,92320.08299364
2020-04-30 07:56:00,272.0,272.0,272.0,272.0,1480.48034806
2020-04-30 07:57:00,272.0,272.0,271.0,271.0,10634.23932664
2020-04-30 07:58:00,271.0,271.0,271.0,271.0,5985.98101011
2020-04-30 07:59:00,271.0,272.0,271.0,271.0,110719.40588514
2020-04-30 08:00:00,271.0,271.0,271.0,271.0,47954.71641657
2020-04-30 08:01:00,271.0,272.0,271.0,272.0,91025.73058259
2020-04-30 08:02:00,272.0,272.0,272.0,272.0,1526.1431784
2020-04-30 08:03:00,272.0,272.0,272.0,272.0,108060.74322483
2020-04-30 08:04:00,272.0,272.0,272.0,272.0,38609.32352941
2020-04-30 08:05:00,272.0,272.0,272.0,272.0,88608.87794704
2020-04-30 08:06:00,272.0,272.0,272.0,272.0,2932.86445012
2020-04-30 08:07:00,272.0,272.0,272.0,272.0,50586.0
2020-04-30 08:08:00,272.0,272.0,271.0,271.0,5.50496859
2020-04-30 08:09:00,272.0,272.0,272.0,272.0,157337.88606365
2020-04-30 08:10:00,272.0,273.0,272.0,273.0,36683.26571716
2020-04-30 08:11:00,272.0,272.0,272.0,272.0,1600.0
2020-04-30 08:12:00,272.0,273.0,272.0,273.0,11983.75
2020-04-30 08:13:00,273.0,273.0,272.0,272.0,484.22985347
2020-04-30 08:14:00,272.0,273.0,272.0,273.0,128352.71544712
2020-04-30 08:15:00,273.0,273.0,273.0,273.0,12417.05494505
2020-04-30 08:16:00,273.0,273.0,272.0,272.0,38810.96528225
2020-04-30 08:17:00,272.0,272.0,272.0,272.0,91.94319364
2020-04-30 08:18:00,272.0,273.0,272.0,273.0,18548.16849816
2020-04-30 08:20:00,273.0,273.0,272.0,272.0,108883.51862142
2020-04-30 08:21:00,272.0,273.0,271.0,272.0,269005.00980336
2020-04-30 08:22:00,271.0,271.0,271.0,271.0,1032.02112666
2020-04-30 08:23:00,272.0,272.0,271.0,272.0,8723.33405055
2020-04-30 08:24:00,271.0,271.0,271.0,271.0,214.29591583
2020-04-30 08:25:00,271.0,271.0,271.0,271.0,1956.03216758
2020-04-30 08:26:00,272.0,272.0,272.0,272.0,287.72378516
2020-04-30 08:27:00,271.0,271.0,271.0,271.0,6134.02800547
2020-04-30 08:28:00,271.0,271.0,271.0,271.0,22001.88446614
2020-04-30 08:29:00,271.0,271.0,271.0,271.0,2557.53731784
2020-04-30 08:30:00,271.0,272.0,271.0,271.0,212114.0353385
2020-04-30 08:31:00,271.0,271.0,271.0,271.0,893.38619973
2020-04-30 08:32:00,271.0,271.0,271.0,271.0,34494.0651238
2020-04-30 08:33:00,271.0,271.0,270.0,271.0,119747.78062725
2020-04-30 08:34:00,270.0,271.0,270.0,271.0,1441.49963273
2020-04-30 08:35:00,271.0,271.0,270.0,270.0,6061.66185533
2020-04-30 08:36:00,270.0,271.0,270.0,271.0,233419.40958549
2020-04-30 08:37:00,270.0,271.0,270.0,271.0,19904.21155552
2020-04-30 08:38:00,271.0,271.0,271.0,271.0,45645.75074874
2020-04-30 08:39:00,271.0,271.0,271.0,271.0,49345.97872006
2020-04-30 08:40:00,272.0,272.0,271.0,272.0,26042.74374576
2020-04-30 08:41:00,272.0,272.0,271.0,271.0,6640.83857203
2020-04-30 08:42:00,271.0,272.0,271.0,272.0,2293.33585595
2020-04-30 08:43:00,272.0,272.0,272.0,272.0,18.382353
2020-04-30 08:45:00,272.0,272.0,271.0,271.0,15686.22416931
2020-04-30 08:47:00,271.0,271.0,271.0,271.0,35347.70459849
2020-04-30 08:48:00,271.0,272.0,271.0,272.0,36432.57065755
2020-04-30 08:49:00,272.0,272.0,272.0,272.0,5788.96948582
2020-04-30 08:50:00,271.0,272.0,271.0,272.0,10260.97045385
2020-04-30 08:51:00,272.0,272.0,272.0,272.0,9046.51350794
2020-04-30 08:52:00,271.0,271.0,271.0,271.0,650.77842921
2020-04-30 08:53:00,272.0,272.0,271.0,272.0,3040.73183127
2020-04-30 08:54:00,271.0,272.0,271.0,271.0,80309.75655245
2020-04-30 08:55:00,271.0,271.0,271.0,271.0,42025.70394026
2020-04-30 08:56:00,271.0,271.0,271.0,271.0,47867.91945731
2020-04-30 08:57:00,271.0,272.0,271.0,272.0,2303.20388754
2020-04-30 08:58:00,271.0,272.0,271.0,271.0,22411.29024978
2020-04-30 08:59:00,271.0,272.0,271.0,272.0,23818.67786033
2020-04-30 17:40:00,272.0,273.0,271.0,272.0,613414.69985152
2020-04-30 17:41:00,272.0,272.0,272.0,272.0,17845.41980297
2020-04-30 17:42:00,272.0,273.0,272.0,273.0,33361.82846973
2020-04-30 17:43:00,273.0,273.0,272.0,272.0,488387.86082832
2020-04-30 17:44:00,272.0,272.0,272.0,272.0,36617.16622501
2020-04-30 17:45:00,273.0,273.0,272.0,272.0,16407.97485683
2020-04-30 17:46:00,272.0,273.0,272.0,272.0,81657.55311487
2020-04-30 17:47:00,272.0,273.0,272.0,272.0,11915.12575293
2020-04-30 17:48:00,272.0,272.0,272.0,272.0,1057937.34883584
2020-04-30 17:49:00,272.0,272.0,271.0,272.0,43117.23137773
2020-04-30 17:50:00,272.0,272.0,271.0,271.0,5973.89707549
2020-04-30 17:51:00,271.0,272.0,271.0,271.0,153216.85318461
2020-04-30 17:52:00,271.0,271.0,271.0,271.0,455856.17388393
2020-04-30 17:53:00,271.0,272.0,270.0,270.0,643309.28491129
2020-04-30 17:54:00,270.0,271.0,269.0,269.0,301932.84900888
2020-04-30 17:55:00,269.0,269.0,269.0,269.0,66092.93905646
2020-04-30 17:56:00,269.0,269.0,268.0,268.0,1008296.52732637
2020-04-30 17:57:00,268.0,269.0,268.0,268.0,533005.55026361
2020-04-30 17:58:00,268.0,268.0,265.0,266.0,1756358.85434056
2020-04-30 17:59:00,266.0,268.0,266.0,266.0,1009158.22237578
2020-04-30 18:00:00,266.0,266.0,264.0,264.0,1037043.2626306
2020-04-30 18:01:00,264.0,265.0,263.0,263.0,1777020.87473222
2020-04-30 18:02:00,263.0,264.0,262.0,262.0,1365602.91918693
2020-04-30 18:03:00,263.0,264.0,262.0,263.0,1515504.67514608
2020-04-30 18:04:00,262.0,264.0,262.0,264.0,1854605.27158511
2020-04-30 18:05:00,264.0,264.0,261.0,262.0,1866847.09506311
2020-04-30 18:06:00,262.0,263.0,260.0,261.0,2405832.37213344
2020-04-30 18:07:00,261.0,262.0,258.0,260.0,3372764.13364592
2020-04-30 18:08:00,261.0,261.0,259.0,260.0,1673678.45849446
2020-04-30 18:09:00,260.0,260.0,258.0,260.0,1852544.45905337
2020-04-30 18:10:00,260.0,261.0,260.0,261.0,1716451.81234514
2020-04-30 18:11:00,261.0,262.0,260.0,262.0,1161239.82485092
2020-04-30 18:12:00,262.0,262.0,261.0,262.0,371330.77539068
2020-04-30 18:13:00,261.0,262.0,260.0,260.0,1003547.62846505
2020-04-30 18:14:00,260.0,262.0,260.0,262.0,438574.64601888
2020-04-30 18:15:00,262.0,262.0,260.0,261.0,1026404.44635354
2020-04-30 18:16:00,261.0,261.0,260.0,260.0,192057.75855761
2020-04-30 18:17:00,261.0,261.0,259.0,259.0,1093519.46478031
2020-04-30 18:18:00,259.0,261.0,259.0,260.0,1509494.81934193
2020-04-30 18:19:00,260.0,261.0,259.0,260.0,383114.89719685
2020-04-30 18:20:00,261.0,261.0,260.0,260.0,133075.95019131
2020-04-30 18:21:00,261.0,261.0,259.0,260.0,488109.32719946
2020-04-30 18:22:00,260.0,261.0,259.0,261.0,161668.74166288
2020-04-30 18:23:00,261.0,262.0,260.0,261.0,1061860.35016894
2020-04-30 18:24:00,262.0,262.0,261.0,262.0,75829.97889649
2020-04-30 18:25:00,261.0,263.0,261.0,262.0,2033949.00852787
2020-04-30 18:26:00,262.0,263.0,262.0,263.0,546298.4143237
2020-04-30 18:27:00,262.0,263.0,262.0,263.0,248344.58756403
2020-04-30 18:28:00,263.0,263.0,262.0,262.0,250034.03086326
2020-04-30 18:29:00,263.0,263.0,261.0,261.0,609576.52173134
2020-04-30 18:30:00,262.0,262.0,261.0,261.0,161630.48122052
2020-04-30 18:31:00,262.0,262.0,261.0,262.0,74923.37201983
2020-04-30 18:32:00,262.0,262.0,261.0,261.0,24219.32313062
2020-04-30 18:33:00,262.0,262.0,262.0,262.0,545246.14148815
2020-04-30 18:34:00,262.0,262.0,262.0,262.0,21513.84465487
2020-04-30 18:35:00,263.0,263.0,262.0,262.0,37520.54363568
2020-04-30 18:36:00,262.0,263.0,262.0,262.0,111075.03301189
2020-04-30 18:37:00,263.0,263.0,262.0,262.0,54705.86316729
2020-04-30 18:38:00,262.0,263.0,262.0,263.0,34379.59127868
2020-04-30 18:39:00,263.0,263.0,262.0,263.0,139424.15462627
2020-04-30 18:40:00,263.0,263.0,262.0,262.0,103022.21360967
2020-04-30 18:41:00,262.0,263.0,261.0,261.0,1141750.01592198
2020-04-30 18:42:00,261.0,262.0,261.0,262.0,223304.4427155
2020-04-30 18:43:00,261.0,262.0,260.0,261.0,387759.72609642
2020-04-30 18:44:00,261.0,261.0,260.0,261.0,1143893.41393601
2020-04-30 18:45:00,261.0,261.0,260.0,261.0,48980.65498104
2020-04-30 18:46:00,260.0,261.0,260.0,260.0,254792.78492408
2020-04-30 18:47:00,260.0,261.0,259.0,260.0,551031.19673753
2020-04-30 18:48:00,260.0,261.0,260.0,260.0,50269.96413091
2020-04-30 18:49:00,261.0,261.0,259.0,259.0,397769.02501697
2020-04-30 18:50:00,259.0,260.0,259.0,259.0,956018.63436956
2020-04-30 18:51:00,259.0,260.0,258.0,258.0,1436887.68848637
2020-04-30 18:52:00,259.0,259.0,257.0,258.0,1238385.77812691
2020-04-30 18:53:00,258.0,259.0,258.0,259.0,403744.3655064
2020-04-30 18:54:00,259.0,260.0,258.0,260.0,596191.94788715
2020-04-30 18:55:00,260.0,260.0,259.0,259.0,439646.46552853
2020-04-30 18:56:00,259.0,259.0,258.0,258.0,172750.13390269
2020-04-30 18:57:00,258.0,259.0,258.0,258.0,498683.50915725
2020-04-30 18:58:00,259.0,259.0,257.0,258.0,582152.41851988
2020-04-30 18:59:00,257.0,258.0,257.0,257.0,1168275.3661662
2020-04-30 19:00:00,257.0,258.0,254.0,255.0,2712250.27410947
2020-04-30 19:01:00,254.0,256.0,254.0,255.0,1264117.08472455
2020-04-30 19:02:00,255.0,258.0,255.0,257.0,1365022.0465329
2020-04-30 19:03:00,258.0,258.0,256.0,256.0,915797.15332434
2020-04-30 19:04:00,256.0,257.0,256.0,256.0,348973.21843816
2020-04-30 19:05:00,257.0,258.0,256.0,258.0,479762.56860436
2020-04-30 19:06:00,258.0,259.0,257.0,257.0,1320489.86210564
2020-04-30 19:07:00,258.0,259.0,257.0,258.0,207198.867654
2020-04-30 19:08:00,259.0,259.0,257.0,258.0,593746.12791612
2020-04-30 19:09:00,257.0,259.0,257.0,257.0,330444.92127947
2020-04-30 19:10:00,258.0,259.0,257.0,258.0,535504.7573287
2020-04-30 19:11:00,259.0,259.0,258.0,258.0,84682.92279411
2020-04-30 19:12:00,259.0,260.0,258.0,259.0,730527.76224116
2020-04-30 19:13:00,260.0,261.0,259.0,260.0,1733021.69804062
2020-04-30 19:14:00,261.0,262.0,260.0,261.0,1009660.84642476
2020-04-30 19:15:00,261.0,263.0,261.0,262.0,681323.56224235
2020-04-30 19:16:00,263.0,263.0,262.0,262.0,869294.18046927
2020-04-30 19:17:00,263.0,263.0,261.0,262.0,1284260.34247696
2020-04-30 19:18:00,262.0,263.0,261.0,263.0,421997.86898375
2020-04-30 19:19:00,263.0,264.0,262.0,263.0,788929.90615962
2020-04-30 19:20:00,264.0,264.0,263.0,263.0,692008.08996854
2020-04-30 19:21:00,263.0,263.0,262.0,263.0,127249.74831201
2020-04-30 19:22:00,263.0,263.0,263.0,263.0,460660.96229582
2020-04-30 19:23:00,263.0,263.0,262.0,262.0,212555.79120182
2020-04-30 19:24:00,262.0,263.0,262.0,263.0,133554.5065666
2020-04-30 19:25:00,263.0,264.0,263.0,264.0,225404.57784664
2020-04-30 19:26:00,263.0,264.0,263.0,264.0,7829.03145088
2020-04-30 19:27:00,264.0,264.0,263.0,264.0,40170.28594645
2020-04-30 19:28:00,264.0,264.0,263.0,263.0,684336.69028932
2020-04-30 19:29:00,263.0,264.0,263.0,263.0,424221.15447067
2020-04-30 19:30:00,263.0,263.0,262.0,263.0,72251.3078084
2020-04-30 19:31:00,262.0,262.0,260.0,261.0,629238.61675422
2020-04-30 19:32:00,261.0,262.0,260.0,261.0,550034.60717222
2020-04-30 19:33:00,261.0,262.0,261.0,262.0,112821.90408642
2020-04-30 19:34:00,261.0,262.0,261.0,262.0,187870.35610916
2020-04-30 19:35:00,262.0,263.0,262.0,263.0,45114.4616493
2020-04-30 19:36:00,262.0,263.0,262.0,263.0,4123.82594949
2020-04-30 19:37:00,263.0,263.0,262.0,263.0,18082.10603144
2020-04-30 19:38:00,263.0,263.0,262.0,262.0,41117.28487448
2020-04-30 19:39:00,262.0,263.0,262.0,262.0,24721.40878871
2020-04-30 19:40:00,263.0,263.0,262.0,262.0,197821.11485714
2020-04-30 19:41:00,263.0,263.0,262.0,263.0,16468.1661863
2020-04-30 19:42:00,263.0,263.0,262.0,263.0,177782.42607256
2020-04-30 19:43:00,264.0,264.0,262.0,263.0,264052.70814088
2020-04-30 19:44:00,263.0,263.0,262.0,262.0,126507.34294461
2020-04-30 19:45:00,262.0,263.0,262.0,262.0,180431.51941735
2020-04-30 19:46:00,262.0,262.0,262.0,262.0,67252.14649486
2020-04-30 19:47:00,262.0,264.0,262.0,263.0,98369.87418231
2020-04-30 19:48:00,263.0,263.0,263.0,263.0,51244.761909
2020-04-30 19:49:00,263.0,263.0,263.0,263.0,31892.97009247
2020-04-30 19:50:00,264.0,264.0,263.0,263.0,191510.87820496
2020-04-30 19:51:00,263.0,263.0,263.0,263.0,3061.89981932
2020-04-30 19:52:00,263.0,264.0,263.0,264.0,28303.38660995
2020-04-30 19:53:00,264.0,264.0,263.0,264.0,46142.21650664
2020-04-30 19:54:00,264.0,264.0,263.0,263.0,28885.05781771
2020-04-30 19:55:00,263.0,263.0,263.0,263.0,230402.13669814
2020-04-30 19:56:00,263.0,264.0,263.0,264.0,30740.25297529
2020-04-30 19:57:00,263.0,263.0,263.0,263.0,5482.30271461
2020-04-30 19:58:00,264.0,264.0,263.0,264.0,467697.32886638
2020-04-30 19:59:00,264.0,266.0,264.0,266.0,487962.8156436
2020-04-30 20:00:00,266.0,266.0,265.0,266.0,936955.97185248
2020-04-30 20:01:00,267.0,267.0,265.0,266.0,122723.62019413
2020-04-30 20:02:00,266.0,266.0,266.0,266.0,640516.94097053
2020-04-30 20:03:00,266.0,267.0,265.0,266.0,641417.04688563
2020-04-30 20:04:00,267.0,268.0,267.0,268.0,896271.25709259
2020-04-30 20:05:00,268.0,268.0,267.0,268.0,300325.42010107
2020-04-30 20:06:00,268.0,269.0,267.0,268.0,924432.97987988
2020-04-30 20:07:00,267.0,268.0,267.0,268.0,491998.84096928
2020-04-30 20:08:00,268.0,269.0,268.0,268.0,372261.06027744
2020-04-30 20:09:00,268.0,269.0,268.0,268.0,214618.11354478
2020-04-30 20:10:00,268.0,268.0,268.0,268.0,243351.43460207
2020-04-30 20:11:00,268.0,269.0,268.0,268.0,203820.62938846
2020-04-30 20:12:00,268.0,269.0,268.0,268.0,637085.59797432
2020-04-30 20:13:00,269.0,269.0,267.0,269.0,524908.29609165
2020-04-30 20:14:00,268.0,269.0,268.0,269.0,11859.8071559
2020-04-30 20:15:00,269.0,269.0,267.0,267.0,529677.29035013
2020-04-30 20:16:00,268.0,269.0,267.0,268.0,182461.48654611
2020-04-30 20:17:00,268.0,269.0,268.0,269.0,188794.8894028
2020-04-30 20:18:00,269.0,269.0,267.0,267.0,437543.18610036
2020-04-30 20:19:00,267.0,267.0,266.0,266.0,586336.31192007
2020-04-30 20:20:00,266.0,267.0,266.0,266.0,120906.46914088
2020-04-30 20:21:00,266.0,267.0,265.0,266.0,282476.75356779
2020-04-30 20:22:00,266.0,266.0,265.0,265.0,21526.48124506
2020-04-30 20:23:00,266.0,266.0,264.0,265.0,1266462.90827891
2020-04-30 20:24:00,265.0,265.0,264.0,265.0,367565.42126196
2020-04-30 20:25:00,265.0,266.0,265.0,266.0,234490.35958268
2020-04-30 20:26:00,266.0,267.0,265.0,266.0,423925.41287008
2020-04-30 20:27:00,265.0,267.0,265.0,267.0,102942.8449645
2020-04-30 20:28:00,267.0,267.0,266.0,266.0,7507.92498063
2020-04-30 20:29:00,266.0,267.0,266.0,266.0,11151.02988273
2020-04-30 20:30:00,266.0,266.0,266.0,266.0,69865.3092041
2020-04-30 20:31:00,267.0,267.0,266.0,266.0,295013.11214148
2020-04-30 20:32:00,267.0,268.0,266.0,267.0,171636.71328571
2020-04-30 20:33:00,268.0,268.0,267.0,268.0,567973.43407677
2020-04-30 20:34:00,268.0,268.0,267.0,267.0,215880.51645659
2020-04-30 20:35:00,267.0,267.0,267.0,267.0,1500.0
2020-04-30 20:36:00,267.0,268.0,267.0,268.0,90805.36970628
2020-04-30 20:37:00,268.0,268.0,267.0,268.0,43326.39552517
2020-04-30 20:38:00,267.0,268.0,267.0,267.0,4694.17438863
2020-04-30 20:39:00,267.0,268.0,267.0,267.0,43242.86105593
2020-04-30 20:40:00,267.0,268.0,267.0,267.0,155956.48891637
2020-04-30 20:41:00,268.0,268.0,268.0,268.0,39.88770539
2020-04-30 20:42:00,268.0,268.0,267.0,268.0,9259.97979411
2020-04-30 20:43:00,267.0,267.0,267.0,267.0,3767.3681956
2020-04-30 20:44:00,267.0,267.0,267.0,267.0,47148.02140177
2020-04-30 20:45:00,267.0,268.0,267.0,268.0,16692.2102098
2020-04-30 20:46:00,267.0,268.0,267.0,267.0,177352.81923818
2020-04-30 20:47:00,267.0,267.0,266.0,267.0,238754.67406103
2020-04-30 20:48:00,267.0,267.0,266.0,267.0,106334.98917235
2020-04-30 20:49:00,266.0,267.0,266.0,266.0,192572.46706917
2020-04-30 20:50:00,266.0,267.0,266.0,266.0,358335.02223695
2020-04-30 20:51:00,266.0,266.0,266.0,266.0,242300.84791863
2020-04-30 20:52:00,267.0,267.0,265.0,266.0,533122.04512812
2020-04-30 20:53:00,266.0,266.0,265.0,266.0,58667.56713916
2020-04-30 20:54:00,266.0,266.0,265.0,265.0,203847.96112312
2020-04-30 20:55:00,265.0,265.0,264.0,265.0,134020.96002495
2020-04-30 20:56:00,265.0,265.0,264.0,264.0,164469.19151931
2020-04-30 20:57:00,264.0,265.0,264.0,265.0,64416.91188735
2020-04-30 20:58:00,265.0,265.0,263.0,263.0,464568.58129895
2020-04-30 20:59:00,264.0,264.0,262.0,262.0,474982.6611362
2020-05-01 05:13:00,263.0,263.0,263.0,263.0,1225.6470256
2020-05-01 05:15:00,263.0,263.0,263.0,263.0,5651.45944138
2020-05-01 05:16:00,262.0,262.0,262.0,262.0,10000.0
2020-05-01 05:17:00,262.0,262.0,262.0,262.0,145256.99602305
2020-05-01 05:21:00,262.0,262.0,262.0,262.0,191653.06193729
2020-05-01 05:22:00,263.0,263.0,263.0,263.0,4715.64521921
2020-05-01 05:23:00,263.0,263.0,263.0,263.0,124.40927825
2020-05-01 05:24:00,263.0,263.0,263.0,263.0,8597.78665815
2020-05-01 05:25:00,262.0,262.0,262.0,262.0,64121.61132812
2020-05-01 05:26:00,262.0,262.0,262.0,262.0,8797.83630648
2020-05-01 05:27:00,262.0,262.0,262.0,262.0,1285.49496919
2020-05-01 05:28:00,262.0,262.0,262.0,262.0,10551.11832061
2020-05-01 05:29:00,262.0,262.0,262.0,262.0,419.84732824
2020-05-01 05:30:00,262.0,262.0,262.0,262.0,520.65440562
2020-05-01 05:31:00,262.0,262.0,261.0,262.0,1474.09354705
2020-05-01 05:32:00,261.0,262.0,261.0,262.0,106403.20073202
2020-05-01 05:33:00,262.0,262.0,262.0,262.0,2736.28071459
2020-05-01 05:34:00,261.0,261.0,261.0,261.0,22802.49383948
2020-05-01 05:35:00,261.0,262.0,261.0,261.0,168314.443869
2020-05-01 05:36:00,261.0,261.0,261.0,261.0,96156.22354686
2020-05-01 05:37:00,261.0,261.0,261.0,261.0,500.0
2020-05-01 05:38:00,260.0,260.0,260.0,260.0,134032.66275926
2020-05-01 05:39:00,260.0,260.0,260.0,260.0,10000.0
2020-05-01 05:40:00,261.0,261.0,261.0,261.0,41512.270815
2020-05-01 05:41:00,262.0,262.0,262.0,262.0,3.0
2020-05-01 05:42:00,262.0,262.0,262.0,262.0,1.95038168
2020-05-01 05:43:00,262.0,262.0,262.0,262.0,2.03053435
2020-05-01 05:44:00,262.0,262.0,262.0,262.0,70.21321359
2020-05-01 05:45:00,262.0,262.0,261.0,261.0,35786.79607856
2020-05-01 05:46:00,261.0,261.0,261.0,261.0,38.61003861
2020-05-01 05:47:00,262.0,262.0,261.0,261.0,2661.7787404
2020-05-01 05:49:00,261.0,262.0,261.0,262.0,29552.88321374
2020-05-01 05:50:00,262.0,262.0,262.0,262.0,3816.79389312
2020-05-01 05:51:00,262.0,262.0,262.0,262.0,26260.66074596
2020-05-01 05:54:00,262.0,262.0,262.0,262.0,9808.73685294
2020-05-01 05:55:00,262.0,262.0,261.0,261.0,8339.09332038
2020-05-01 05:57:00,262.0,262.0,262.0,262.0,2205.02112684
2020-05-01 05:58:00,261.0,262.0,261.0,262.0,5400.0
2020-05-01 05:59:00,262.0,262.0,262.0,262.0,76.33587786
2020-05-01 06:00:00,261.0,261.0,261.0,261.0,48952.5454574
2020-05-01 06:01:00,261.0,262.0,261.0,261.0,14606.62426937
2020-05-01 06:02:00,261.0,261.0,261.0,261.0,50658.12163338
2020-05-01 06:03:00,261.0,261.0,261.0,261.0,17459.21564604
2020-05-01 06:04:00,261.0,262.0,261.0,262.0,30519.34156629
2020-05-01 06:05:00,261.0,261.0,261.0,261.0,121062.70298766
2020-05-01 06:06:00,261.0,261.0,261.0,261.0,130362.93346054
2020-05-01 06:07:00,261.0,261.0,261.0,261.0,15290.32127469
2020-05-01 06:08:00,261.0,261.0,261.0,261.0,19.157088
2020-05-01 06:09:00,261.0,261.0,261.0,261.0,9190.8068954
2020-05-01 06:11:00,261.0,261.0,261.0,261.0,10049.55806052
2020-05-01 06:13:00,261.0,261.0,261.0,261.0,15119.17221465
2020-05-01 06:14:00,261.0,262.0,261.0,262.0,30723.84766073
2020-05-01 06:15:00,262.0,262.0,261.0,261.0,19350.79189599
2020-05-01 06:16:00,261.0,261.0,261.0,261.0,1274.8226678
2020-05-01 06:17:00,261.0,262.0,261.0,261.0,5985.64978552
2020-05-01 06:18:00,260.0,260.0,260.0,260.0,1200.0
2020-05-01 06:19:00,261.0,261.0,261.0,261.0,18874.99065056
2020-05-01 06:20:00,261.0,261.0,260.0,261.0,11770.54474195
2020-05-01 06:21:00,261.0,261.0,261.0,261.0,19958.25066309
2020-05-01 06:22:00,261.0,261.0,261.0,261.0,51.91747523
2020-05-01 06:24:00,261.0,261.0,261.0,261.0,90.01736148
2020-05-01 06:27:00,261.0,261.0,261.0,261.0,9142.27130533
2020-05-01 06:28:00,261.0,262.0,261.0,262.0,92171.45624461
2020-05-01 06:30:00,262.0,262.0,262.0,262.0,64.88549571
2020-05-01 06:32:00,262.0,262.0,262.0,262.0,1263.35877862
2020-05-01 06:34:00,261.0,261.0,261.0,261.0,1000.0
2020-05-01 06:37:00,261.0,261.0,261.0,261.0,1900.190589
2020-05-01 06:38:00,261.0,261.0,261.0,261.0,4109.52784291
2020-05-01 06:39:00,262.0,262.0,262.0,262.0,7356.55736081
2020-05-01 06:41:00,262.0,262.0,262.0,262.0,18033.83232001
2020-05-01 06:44:00,261.0,261.0,261.0,261.0,541.40806703
2020-05-01 06:45:00,261.0,261.0,261.0,261.0,256.45092192
2020-05-01 06:46:00,261.0,261.0,261.0,261.0,40077.58923294
2020-05-01 06:48:00,261.0,261.0,261.0,261.0,252033.92049153
2020-05-01 06:49:00,261.0,261.0,261.0,261.0,36946.35647666
2020-05-01 06:50:00,261.0,262.0,261.0,261.0,20145.2171757
2020-05-01 06:51:00,261.0,261.0,261.0,261.0,56631.99035078
2020-05-01 06:52:00,261.0,261.0,261.0,261.0,42090.81049597
2020-05-01 06:53:00,261.0,261.0,261.0,261.0,0.13409961
2020-05-01 06:54:00,261.0,261.0,261.0,261.0,1789.64636455
2020-05-01 06:55:00,261.0,261.0,261.0,261.0,8277.02313306
2020-05-01 06:56:00,261.0,261.0,261.0,261.0,3446.55258577
2020-05-01 06:58:00,261.0,261.0,261.0,261.0,3829.50287308
2020-05-01 06:59:00,261.0,261.0,261.0,261.0,13007.74516956
2020-05-01 07:00:00,261.0,261.0,261.0,261.0,574.71264367
2020-05-01 07:01:00,260.0,261.0,260.0,261.0,10794.57767682
2020-05-01 07:02:00,260.0,260.0,260.0,260.0,22768.001114
2020-05-01 07:03:00,260.0,260.0,260.0,260.0,26156.66489809
2020-05-01 07:04:00,260.0,260.0,260.0,260.0,653.58255942
2020-05-01 07:05:00,260.0,260.0,260.0,260.0,100000.0
2020-05-01 07:06:00,260.0,260.0,260.0,260.0,18854.5342704
2020-05-01 07:07:00,260.0,260.0,260.0,260.0,44429.72549411
2020-05-01 07:08:00,260.0,260.0,260.0,260.0,2067.71998616
2020-05-01 07:09:00,260.0,260.0,260.0,260.0,1269.23076923
2020-05-01 07:10:00,260.0,260.0,260.0,260.0,3577.36603865
2020-05-01 07:11:00,260.0,260.0,260.0,260.0,8862.36125154
2020-05-01 07:12:00,260.0,260.0,259.0,259.0,87.01102889
2020-05-01 07:13:00,259.0,259.0,259.0,259.0,6157.15671163
2020-05-01 07:14:00,259.0,260.0,259.0,260.0,120.70359051
2020-05-01 07:15:00,259.0,259.0,259.0,259.0,15056.9257356
2020-05-01 07:16:00,259.0,259.0,259.0,259.0,192250.45392361
2020-05-01 07:17:00,259.0,259.0,259.0,259.0,54064.91630114
2020-05-01 07:18:00,259.0,259.0,258.0,259.0,13647.95194995
2020-05-01 07:19:00,259.0,259.0,259.0,259.0,3782.30457224
2020-05-01 07:20:00,259.0,259.0,259.0,259.0,280.45050504
2020-05-01 07:21:00,259.0,259.0,258.0,258.0,30063.30618474
2020-05-01 07:22:00,258.0,259.0,258.0,259.0,39676.31039323
2020-05-01 07:23:00,259.0,259.0,259.0,259.0,102.0
2020-05-01 07:25:00,259.0,259.0,258.0,258.0,1021.24687947
2020-05-01 07:26:00,258.0,259.0,258.0,259.0,182121.74879515
2020-05-01 07:27:00,259.0,260.0,259.0,260.0,22093.70871773
2020-05-01 07:28:00,260.0,260.0,259.0,259.0,4618.91325012
2020-05-01 07:29:00,259.0,259.0,259.0,259.0,117566.0
2020-05-01 07:30:00,260.0,260.0,260.0,260.0,3817.67525899
2020-05-01 07:31:00,260.0,260.0,259.0,260.0,79662.02818513
2020-05-01 07:32:00,260.0,260.0,259.0,259.0,750.85118031
2020-05-01 07:33:00,260.0,260.0,260.0,260.0,4741.86857894
2020-05-01 07:34:00,260.0,260.0,259.0,259.0,1752.66951908
2020-05-01 07:35:00,259.0,259.0,259.0,259.0,18702.80487621
2020-05-01 07:36:00,260.0,260.0,259.0,259.0,26092.76323375
2020-05-01 07:37:00,259.0,259.0,259.0,259.0,150.0
2020-05-01 07:38:00,260.0,260.0,260.0,260.0,32069.4129858
2020-05-01 07:39:00,260.0,260.0,260.0,260.0,1842.22119708
2020-05-01 07:40:00,260.0,260.0,260.0,260.0,174.05528004
2020-05-01 07:41:00,260.0,260.0,260.0,260.0,35522.68096719
2020-05-01 07:43:00,260.0,260.0,260.0,260.0,489302.27416625
2020-05-01 07:44:00,260.0,260.0,259.0,259.0,264072.12266836
2020-05-01 07:45:00,260.0,260.0,260.0,260.0,423.07692307
2020-05-01 07:46:00,260.0,260.0,260.0,260.0,3053.84615384
2020-05-01 07:47:00,260.0,260.0,260.0,260.0,51459.84052023
2020-05-01 07:48:00,260.0,260.0,260.0,260.0,230.76923076
2020-05-01 07:49:00,260.0,260.0,259.0,259.0,20593.94851921
2020-05-01 07:50:00,260.0,261.0,260.0,261.0,298266.79827626
2020-05-01 07:51:00,261.0,261.0,260.0,260.0,42563.5445683
2020-05-01 07:52:00,261.0,261.0,261.0,261.0,10166.87058769
2020-05-01 07:53:00,260.0,260.0,260.0,260.0,46423.67211277
2020-05-01 07:56:00,261.0,261.0,260.0,260.0,3999.22762452
2020-05-01 07:57:00,261.0,261.0,261.0,261.0,752.25222636
2020-05-01 07:58:00,261.0,261.0,261.0,261.0,111467.46358606
2020-05-01 07:59:00,261.0,261.0,261.0,261.0,26233.63031127
2020-05-01 08:00:00,261.0,261.0,261.0,261.0,86580.40499071
2020-05-01 08:01:00,261.0,261.0,261.0,261.0,19545.19030804
2020-05-01 08:02:00,261.0,261.0,261.0,261.0,105699.0030409
2020-05-01 08:03:00,261.0,262.0,260.0,260.0,2388.81731002
2020-05-01 08:04:00,260.0,261.0,260.0,261.0,41648.92893619
2020-05-01 08:05:00,261.0,261.0,260.0,260.0,5073.43516126
2020-05-01 08:06:00,260.0,260.0,260.0,260.0,72216.68241132
2020-05-01 08:07:00,260.0,260.0,260.0,260.0,139519.68377824
2020-05-01 08:08:00,260.0,260.0,260.0,260.0,21124.51127131
2020-05-01 08:09:00,261.0,261.0,260.0,260.0,70079.54792672
2020-05-01 08:10:00,260.0,261.0,260.0,260.0,10175.85830159
2020-05-01 08:11:00,260.0,260.0,260.0,260.0,12650.34377712
2020-05-01 08:12:00,260.0,260.0,260.0,260.0,115.38461538
2020-05-01 08:13:00,260.0,260.0,260.0,260.0,371.00040482
2020-05-01 08:14:00,260.0,260.0,260.0,260.0,613.92365239
2020-05-01 08:15:00,259.0,259.0,259.0,259.0,2440.67417767
2020-05-01 08:16:00,259.0,260.0,259.0,260.0,4588.23846622
2020-05-01 08:17:00,260.0,260.0,259.0,259.0,87062.43947928
2020-05-01 08:18:00,259.0,260.0,259.0,259.0,10241.37884615
2020-05-01 08:19:00,259.0,260.0,259.0,259.0,38571.21236153
2020-05-01 08:20:00,259.0,260.0,259.0,259.0,91067.11326321
2020-05-01 08:21:00,259.0,260.0,259.0,259.0,12334.86991383
2020-05-01 08:22:00,259.0,259.0,259.0,259.0,7746.84285934
2020-05-01 08:23:00,259.0,259.0,259.0,259.0,1127.76991184
2020-05-01 08:24:00,259.0,259.0,258.0,259.0,29292.05729073
2020-05-01 08:25:00,259.0,259.0,259.0,259.0,750.0
2020-05-01 08:26:00,258.0,258.0,258.0,258.0,55474.847091
2020-05-01 08:27:00,258.0,259.0,258.0,258.0,104283.6158854
2020-05-01 08:28:00,259.0,259.0,259.0,259.0,5752.5658026
2020-05-01 08:29:00,259.0,259.0,259.0,259.0,246949.97424599
2020-05-01 08:30:00,259.0,260.0,259.0,260.0,54114.34785551
2020-05-01 08:31:00,259.0,260.0,259.0,259.0,103829.67065909
2020-05-01 08:32:00,259.0,260.0,259.0,259.0,10426.05611304
2020-05-01 08:33:00,259.0,259.0,259.0,259.0,57879.41633814
2020-05-01 08:34:00,259.0,259.0,259.0,259.0,81653.60834506
2020-05-01 08:35:00,259.0,259.0,259.0,259.0,29497.08277906
2020-05-01 08:36:00,259.0,259.0,258.0,258.0,32911.55564046
2020-05-01 08:37:00,258.0,259.0,258.0,259.0,7952.72876862
2020-05-01 08:38:00,258.0,259.0,258.0,258.0,580908.48218429
2020-05-01 08:39:00,258.0,258.0,258.0,258.0,63115.10755104
2020-05-01 08:40:00,258.0,258.0,257.0,258.0,113957.58547526
2020-05-01 08:41:00,258.0,258.0,258.0,258.0,12461.05226531
2020-05-01 08:42:00,258.0,259.0,258.0,258.0,134552.431133
2020-05-01 08:43:00,258.0,258.0,258.0,258.0,7902.48524415
2020-05-01 08:44:00,258.0,258.0,257.0,258.0,11470.0626309
2020-05-01 08:45:00,258.0,258.0,257.0,258.0,12409.09494911
2020-05-01 08:46:00,258.0,258.0,257.0,258.0,32033.63641658
2020-05-01 08:47:00,258.0,258.0,257.0,258.0,12146.3305184
2020-05-01 08:48:00,258.0,258.0,257.0,258.0,305887.343446
2020-05-01 08:49:00,257.0,258.0,257.0,258.0,303566.34759942
2020-05-01 08:50:00,258.0,258.0,256.0,257.0,213940.41079093
2020-05-01 08:51:00,257.0,257.0,256.0,257.0,25807.59034534
2020-05-01 08:52:00,257.0,257.0,256.0,256.0,291156.3328783
2020-05-01 08:53:00,256.0,257.0,256.0,256.0,109973.63168783
2020-05-01 08:54:00,257.0,257.0,255.0,256.0,826831.0387251
2020-05-01 08:55:00,256.0,257.0,256.0,256.0,122644.2877907
2020-05-01 08:56:00,256.0,257.0,255.0,256.0,539184.45875986
2020-05-01 08:57:00,256.0,256.0,255.0,256.0,32059.84750018
2020-05-01 08:58:00,256.0,257.0,256.0,257.0,145942.69986697
2020-05-01 08:59:00,257.0,257.0,256.0,257.0,22332.60919551
